1489238729.612452507 -0 -0 0 0 0 0 0
1489238729.642832756 -0 -0 0 0 0 0 0
1489238729.658211708 -0 -0 0 0 0 0 0
1489238729.688287258 -0 -0 0 0 0 0 0
1489238729.720974684 -0 -0.0373806 0 0 0 0 0
1489238729.762982845 -0 -0 0 0 0 0 0
1489238729.789192677 -0 -0 0 0 0 0 0
1489238729.826415777 -0 -0 0 0 0 0 0
1489238729.857514143 -0 -0 0 0 0 0 0
1489238729.887450695 -0 -0 0 0 0 0 0
1489238729.923228264 -0 -0 0 0 0 0 0
1489238729.959055662 -0 -0 0 0 0 0 0
1489238729.988679647 -0 -0 0 0 0 0 0
1489238730.027301788 -0 -0 0 0 0 0 0
1489238730.058770418 -0 -0 0 0 0 0 0
1489238730.097425938 -0 -0.0632187 0 0 0 0 0
1489238730.123707771 -0 -0 0 0 0 0 0
1489238730.159249067 -0 -0.068758 0 0 0 0 0
1489238730.191309929 -0 -0.0762222 0 0 0 0 0
1489238730.231505394 -0 -0 0 0 0 0 0
1489238730.264207840 -0 -0.11209 0 0 0 0 0
1489238730.295153856 -0 -0.0789682 0 0 0 0 0
1489238730.325581551 -0 -0.12047 0 0 0 0 0
1489238730.360772133 -0 -0.104165 0 0 0 0 0
1489238730.391330719 -0 -0.159939 0 0 0 0 0
1489238730.430296898 -0 -0.094072 0 0 0 0 0
1489238730.462882042 -0 -0.149992 0 0 0 0 0
1489238730.495623350 -0 -0.0746381 0 0 0 0 0
1489238730.525275946 -0 -0.123619 0 0 0 0 0
1489238730.562725544 -0.0326528 -0.0652544 0 0 0 0 0
1489238730.593852043 -0.039286 -0.157021 0 0 0 0 0
1489238730.626027107 -0.0380057 -0.0759517 0 0 0 0 0
1489238730.662300825 -0.0337113 -0 0 0 0 0 0
1489238730.689878702 -0.0886824 -0.177225 0 0 0 0 0
1489238730.733326912 -0.0562893 -0 0 0 0 0 0
1489238730.766738176 -0.073199 -0 0 0 0 0 0
1489238730.795033932 -0.0864324 0.0863645 0 0 0 0 0
1489238730.828160763 -0.0369138 -0.147539 0 0 0 0 0
1489238730.861332655 -0.0368636 -0.0368347 0 0 0 0 0
1489238730.891790152 -0 -0.0802348 0 0 0 0 0
1489238730.928017616 -0 -0.134911 0 0 0 0 0
1489238730.963545084 0.0344194 -0.275139 0 0 0 0 0
1489238730.999195099 -0 -0.137097 0 0 0 0 0
1489238731.028482199 0.0417534 -0.125162 0 0 0 0 0
1489238731.061608791 -0 -0.110655 0 0 0 0 0
1489238731.091275692 -0 -0.247119 0 0 0 0 0
1489238731.129975080 -0 -0.063147 0 0 0 0 0
1489238731.162060976 -0 -0 0 0 0 0 0
1489238731.192685604 -0.0399298 -0.119695 0 0 0 0 0
1489238731.225121498 -0.0377001 -0.188352 0 0 0 0 0
1489238731.261854410 -0 -0 0 0 0 0 0
1489238731.291205883 -0 -0.166516 0 0 0 0 0
1489238731.325669765 -0 -0.177269 0 0 0 0 0
1489238731.356442451 -0 -0.198532 0 0 0 0 0
1489238731.395271301 -0 -0.157341 0 0 0 0 0
1489238731.422459841 -0 -0.179763 0 0 0 0 0
1489238731.459202528 -0 -0.13302 0 0 0 0 0
1489238731.492171526 -0 -0.296491 0 0 0 0 0
1489238731.521244764 -0 -0.210137 0 0 0 0 0
1489238731.559839010 -0 -0.253276 0 0 0 0 0
1489238731.591023684 0.0392127 -0.117546 0 0 0 0 0
1489238731.623928070 -0 -0.259939 0 0 0 0 0
1489238731.660411596 -0 -0.401894 0 0 0 0 0
1489238731.693464041 -0 -0.221807 0 0 0 0 0
1489238731.724866867 -0 -0.272368 0 0 0 0 0
1489238731.760797977 -0 -0.238042 0 0 0 0 0
1489238731.790382385 -0 -0.413013 0 0 0 0 0
1489238731.832109213 -0 -0.292827 0 0 0 0 0
1489238731.867023706 -0 -0.104989 0 0 0 0 0
1489238731.896306276 -0 -0.41727 0 0 0 0 0
1489238731.924853325 -0 -0.556428 0 0 0 0 0
1489238731.962807178 0.032219 -0.128775 0 0 0 0 0
1489238731.993627548 -0 -0.31716 0 0 0 0 0
1489238732.025770426 -0 -0.456166 0 0 0 0 0
1489238732.061735630 -0 -0.203843 0 0 0 0 0
1489238732.093619823 -0 -0.306578 0 0 0 0 0
1489238732.124811649 -0 -0.391729 0 0 0 0 0
1489238732.162621737 -0 -0.323161 0 0 0 0 0
1489238732.193760157 -0 -0.274681 0 0 0 0 0
1489238732.225370646 -0 -0.231925 0 0 0 0 0
1489238732.259485960 -0 -0.429792 0 0 0 0 0
1489238732.292217493 -0 -0.410632 0 0 0 0 0
1489238732.323672295 -0 -0.233073 0 0 0 0 0
1489238732.361306906 -0 -0.259734 0 0 0 0 0
1489238732.393457890 -0 -0.304034 0 0 0 0 0
1489238732.431043863 -0 -0.325088 0 0 0 0 0
1489238732.460837364 -0 -0.328092 0 0 0 0 0
1489238732.497029066 -0 -0.202567 0 0 0 0 0
1489238732.523065090 -0 -0.610092 0 0 0 0 0
1489238732.558794022 -0 -0.239389 0 0 0 0 0
1489238732.599192381 -0 -0.272211 0 0 0 0 0
1489238732.627822399 -0 -0.341425 0 0 0 0 0
1489238732.668522835 -0 -0.360254 0 0 0 0 0
1489238732.693070889 -0 -0.199099 0 0 0 0 0
1489238732.722801924 -0 -0.328781 0 0 0 0 0
1489238732.758659840 -0 -0.340755 0 0 0 0 0
1489238732.790194035 -0 -0.387476 0 0 0 0 0
1489238732.828536510 -0 -0.159337 0 0 0 0 0
1489238732.858049631 -0 -0.37261 0 0 0 0 0
1489238732.891030550 -0 -0.444575 0 0 0 0 0
1489238732.924017191 -0 -0.222249 0 0 0 0 0
1489238732.958971500 -0 -0.349563 0 0 0 0 0
1489238732.997075796 -0 -0.224466 0 0 0 0 0
1489238733.025737286 -0 -0.511575 0 0 0 0 0
1489238733.061252356 -0 -0.30964 0 0 0 0 0
1489238733.093807220 -0 -0.225197 0 0 0 0 0
1489238733.123987913 -0 -0.445339 0 0 0 0 0
1489238733.162359715 -0 -0.254744 0 0 0 0 0
1489238733.193075418 -0 -0.517142 0 0 0 0 0
1489238733.226639986 -0 -0.109211 0 0 0 0 0
1489238733.261825323 -0.0347541 -0.451449 0 0 0 0 0
1489238733.295235634 -0 -0.365718 0 0 0 0 0
1489238733.328635931 -0 -0.292662 0 0 0 0 0
1489238733.362240314 -0 -0.109082 0 0 0 0 0
1489238733.390732288 -0.0429186 -0.514619 0 0 0 0 0
1489238733.424694061 -0 -0.431735 0 0 0 0 0
1489238733.460671663 -0 0.0339621 0 0 0 0 0
1489238733.532686710 -0.0339606 -0.339339 0 0 0 0 0
1489238733.593356133 -0 -0.221539 0 0 0 0 0
1489238733.625238895 -0 -0.306592 0 0 0 0 0
1489238733.659568787 -0.0356201 -0.355922 0 0 0 0 0
1489238733.722474337 0.0194392 -0.233088 0 0 0 0 0
1489238733.759272099 -0 -0.199231 0 0 0 0 0
1489238733.790545225 -0 -0.625137 0 0 0 0 0
1489238733.829866171 -0 -0.217521 0 0 0 0 0
1489238733.859294415 0.0415531 -0.166082 0 0 0 0 0
1489238733.890867233 -0 -0.464403 0 0 0 0 0
1489238733.922227383 0.0389933 -0.58444 0 0 0 0 0
1489238733.967720985 -0 -0.107433 0 0 0 0 0
1489238733.997995138 0.0403921 -0.322883 0 0 0 0 0
1489238734.027365208 -0 -0.582438 0 0 0 0 0
1489238734.059933662 -0 -0.450206 0 0 0 0 0
1489238734.093670845 0.0362459 -0.14487 0 0 0 0 0
1489238734.123775244 -0 -0.405879 0 0 0 0 0
1489238734.170017958 -0 -0.3435 0 0 0 0 0
1489238734.200696707 -0 -0.398281 0 0 0 0 0
1489238734.233065844 0.0377778 -0.226489 0 0 0 0 0
1489238734.262671709 -0 -0.412714 0 0 0 0 0
1489238734.332654715 -0 -0.279354 0 0 0 0 0
1489238734.366557598 -0 -0.360404 0 0 0 0 0
1489238734.428010225 -0 -0.596496 0 0 0 0 0
1489238734.492960691 -0 -0.338623 0 0 0 0 0
1489238734.562488317 -0 -0.386627 0 0 0 0 0
1489238734.623492956 0.020045 -0.360526 0 0 0 0 0
1489238734.658745527 -0 -0.58923 0 0 0 0 0
1489238734.690047026 0.0390664 -0.234214 0 0 0 0 0
1489238734.764266491 -0 -0.32926 0 0 0 0 0
1489238734.794702768 -0 -0.481744 0 0 0 0 0
1489238734.823828459 0.0419848 -0.125855 0 0 0 0 0
1489238734.870240450 0.0263474 -0.23694 0 0 0 0 0
1489238734.895183086 -0 -0.685824 0 0 0 0 0
1489238734.961425543 -0 -0.332019 0 0 0 0 0
1489238734.993664265 -0 -0.45481 0 0 0 0 0
1489238735.024002790 -0 -0.362472 0 0 0 0 0
1489238735.062674522 -0 -0.315961 0 0 0 0 0
1489238735.098256111 0.0343671 -0.377741 0 0 0 0 0
1489238735.128131390 -0 -0.245395 0 0 0 0 0
1489238735.163599968 -0 -0.482293 0 0 0 0 0
1489238735.195165634 -0 -0.464508 0 0 0 0 0
1489238735.225770235 -0 -0.199623 0 0 0 0 0
1489238735.262691259 -0 -0.397131 0 0 0 0 0
1489238735.293068647 -0 -0.362009 0 0 0 0 0
1489238735.325561285 -0 -0.263233 0 0 0 0 0
1489238735.359727383 -0 -0.393391 0 0 0 0 0
1489238735.394138813 -0 -0.213047 0 0 0 0 0
1489238735.427569628 -0 -0.438592 0 0 0 0 0
1489238735.465136290 -0 -0.325255 0 0 0 0 0
1489238735.493727684 -0 -0.213679 0 0 0 0 0
1489238735.525493145 -0 -0.384655 0 0 0 0 0
1489238735.561358929 -0 -0.476952 0 0 0 0 0
1489238735.594630480 -0 -0.220346 0 0 0 0 0
1489238735.625991821 0.0389918 -0.116884 0 0 0 0 0
1489238735.660912514 -0.0350175 -0.3499 0 0 0 0 0
1489238735.691386223 -0 -0.681633 0 0 0 0 0
1489238735.731166124 0.03074 -0.0614318 0 0 0 0 0
1489238735.764134169 -0 -0.0741248 0 0 0 0 0
1489238735.797265291 -0 -0.59008 0 0 0 0 0
1489238735.825944662 -0 -0.383442 0 0 0 0 0
1489238735.862529516 -0 -0.133594 0 0 0 0 0
1489238735.893053770 -0 -0.120089 0 0 0 0 0
1489238735.925101519 -0 -0.495647 0 0 0 0 0
1489238735.959287167 -0 -0.428908 0 0 0 0 0
1489238735.992138147 0.0372237 0.111583 0 0 0 0 0
1489238736.023618698 -0.0388442 -0.42695 0 0 0 0 0
1489238736.061111212 -0 -0.325898 0 0 0 0 0
1489238736.092817545 -0 -0.154149 0 0 0 0 0
1489238736.126235962 -0 -0.182815 0 0 0 0 0
1489238736.162802219 -0 -0.200492 0 0 0 0 0
1489238736.222530127 -0 -0.286403 0 0 0 0 0
1489238736.266505957 -0 -0.0833555 0 0 0 0 0
1489238736.294013023 -0.0444553 -0.399784 0 0 0 0 0
1489238736.325356960 -0 -0.350845 0 0 0 0 0
1489238736.366678476 -0 -0.0295699 0 0 0 0 0
1489238736.396990061 -0 -0.161242 0 0 0 0 0
1489238736.426101923 -0 -0.419717 0 0 0 0 0
1489238736.462570667 -0 -0.234533 0 0 0 0 0
1489238736.494148016 -0 -0.116084 0 0 0 0 0
1489238736.527498484 -0 -0 0 0 0 0 0
1489238736.562186718 -0 -0.422694 0 0 0 0 0
1489238736.593703985 -0 -0.232611 0 0 0 0 0
1489238736.624209881 -0 -0.0801075 0 0 0 0 0
1489238736.661004305 -0 -0.166041 0 0 0 0 0
1489238736.693265200 -0 -0.265124 0 0 0 0 0
1489238736.724699736 -0 -0.194352 0 0 0 0 0
1489238736.759838343 -0 -0.139092 0 0 0 0 0
1489238736.791971207 -0 -0.190129 0 0 0 0 0
1489238736.825417280 -0 -0.182663 0 0 0 0 0
1489238736.862583876 -0 -0.197254 0 0 0 0 0
1489238736.893919468 -0 -0.11698 0 0 0 0 0
1489238736.926741123 -0 -0.186139 0 0 0 0 0
1489238736.962024689 -0 -0.277041 0 0 0 0 0
1489238736.994452477 -0 -0.15072 0 0 0 0 0
1489238737.024459362 -0 -0.0814396 0 0 0 0 0
1489238737.060192108 -0 -0.205169 0 0 0 0 0
1489238737.099741936 -0 -0.247157 0 0 0 0 0
1489238737.130571604 -0 -0.0396331 0 0 0 0 0
1489238737.162972689 -0 -0.150844 0 0 0 0 0
1489238737.194987297 -0 -0.228997 0 0 0 0 0
1489238737.224372625 0.0832276 -0.249487 0 0 0 0 0
1489238737.260962725 0.0668397 -0 0 0 0 0 0
1489238737.298848629 0.0645536 -0.193509 0 0 0 0 0
1489238737.331227303 0.1133 -0.226422 0 0 0 0 0
1489238737.363581657 0.113385 0.0377654 0 0 0 0 0
1489238737.396172762 0.150082 -0.224946 0 0 0 0 0
1489238737.426710606 0.160173 -0.160047 0 0 0 0 0
1489238737.463604927 0.132577 -0.132473 0 0 0 0 0
1489238737.493956327 0.201446 -0.120773 0 0 0 0 0
1489238737.526415110 0.150694 -0.150576 0 0 0 0 0
1489238737.561539412 0.174073 -0.0347872 0 0 0 0 0
1489238737.593776941 0.151728 -0.151609 0 0 0 0 0
1489238737.623459339 0.205987 -0.0823299 0 0 0 0 0
1489238737.661288977 0.161624 0.0322994 0 0 0 0 0
1489238737.693764448 0.188271 -0.112874 0 0 0 0 0
1489238737.727960587 0.178797 -0.0357314 0 0 0 0 0
1489238737.762065172 0.179277 0.0358273 0 0 0 0 0
1489238737.794574499 0.188075 -0 0 0 0 0 0
1489238737.825617552 0.196958 -0.0787213 0 0 0 0 0
1489238737.862523556 0.198803 -0 0 0 0 0 0
1489238737.891813278 0.250498 0.208584 0 0 0 0 0
1489238737.925091505 0.220475 -0.0734339 0 0 0 0 0
1489238737.966266870 0.178189 -0.0593498 0 0 0 0 0
1489238738.022017479 0.285142 0.0876672 0 0 0 0 0
1489238738.095336914 0.233495 -0.0333302 0 0 0 0 0
1489238738.125762939 0.281333 0.160636 0 0 0 0 0
1489238738.192202091 0.257675 -0.0735636 0 0 0 0 0
1489238738.225411892 0.257751 0.14717 0 0 0 0 0
1489238738.294218540 0.248809 -0 0 0 0 0 0
1489238738.327065706 0.223368 -0.0743976 0 0 0 0 0
1489238738.394594431 0.235409 0.162847 0 0 0 0 0
1489238738.424215317 0.247697 -0.165002 0 0 0 0 0
1489238738.460500956 0.202202 0.0336738 0 0 0 0 0
1489238738.492703915 0.227837 0.227658 0 0 0 0 0
1489238738.526545048 0.216808 0.0722124 0 0 0 0 0
1489238738.562278509 0.205326 -0.136777 0 0 0 0 0
1489238738.595050097 0.223883 0.111854 0 0 0 0 0
1489238738.624805212 0.24658 0.246386 0 0 0 0 0
1489238738.661349297 0.200772 -0.0668713 0 0 0 0 0
1489238738.692289591 0.237135 -0.0789828 0 0 0 0 0
1489238738.725662470 0.21985 0.146451 0 0 0 0 0
1489238738.765153408 0.18579 0.123763 0 0 0 0 0
1489238738.796276093 0.235745 -0.0785199 0 0 0 0 0
1489238738.825831890 0.248243 -0 0 0 0 0 0
1489238738.862452030 0.233747 0.166831 0 0 0 0 0
1489238738.891437292 0.253129 -0 0 0 0 0 0
1489238738.922826767 0.233741 -0 0 0 0 0 0
1489238738.959832907 0.198265 0.0660363 0 0 0 0 0
1489238738.994099617 0.249801 0.106973 0 0 0 0 0
1489238739.025276899 0.235332 0.0783824 0 0 0 0 0
1489238739.062496424 0.197128 -0.131315 0 0 0 0 0
1489238739.091048002 0.256974 0.213977 0 0 0 0 0
1489238739.123121023 0.266886 0.190483 0 0 0 0 0
1489238739.159388065 0.202305 -0.101073 0 0 0 0 0
1489238739.196122646 0.19973 -0.133049 0 0 0 0 0
1489238739.226321459 0.28345 0.323688 0 0 0 0 0
1489238739.261411905 0.209089 0.139283 0 0 0 0 0
1489238739.319096804 0.127191 -0.169455 0 0 0 0 0
1489238739.391160488 0.305439 0.169555 0 0 0 0 0
1489238739.422799349 0.231899 -0.231717 0 0 0 0 0
1489238739.470606565 0.153471 0.127792 0 0 0 0 0
1489238739.497184992 0.32206 0.275835 0 0 0 0 0
1489238739.528387070 0.235145 -0.1958 0 0 0 0 0
1489238739.561927319 0.255211 -0.0728602 0 0 0 0 0
1489238739.593482733 0.271264 0.232329 0 0 0 0 0
1489238739.624566317 0.275382 -0 0 0 0 0 0
1489238739.663550138 0.250942 -0.125373 0 0 0 0 0
1489238739.695636988 0.266771 -0 0 0 0 0 0
1489238739.726837635 0.313541 0.195809 0 0 0 0 0
1489238739.762013674 0.243343 -0.034736 0 0 0 0 0
1489238739.794187307 0.266052 -0.15191 0 0 0 0 0
1489238739.823992491 0.287193 0.204977 0 0 0 0 0
1489238739.861839533 0.22617 0.129138 0 0 0 0 0
1489238739.890628576 0.29733 -0.169769 0 0 0 0 0
1489238739.924920797 0.249615 -0 0 0 0 0 0
1489238739.962145329 0.229952 0.196947 0 0 0 0 0
1489238739.993377447 0.274072 -0.0391224 0 0 0 0 0
1489238740.024482965 0.275187 -0 0 0 0 0 0
1489238740.068647861 0.193816 0.110665 0 0 0 0 0
1489238740.096574306 0.306514 0.0875067 0 0 0 0 0
1489238740.127936840 0.272932 0.0389597 0 0 0 0 0
1489238740.161340714 0.256253 -0.0731577 0 0 0 0 0
1489238740.199778795 0.222692 0.0953644 0 0 0 0 0
1489238740.225121975 0.337758 0.192853 0 0 0 0 0
1489238740.262725830 0.227632 -0.129973 0 0 0 0 0
1489238740.290715456 0.305822 0.0436546 0 0 0 0 0
1489238740.324888706 0.250484 0.178777 0 0 0 0 0
1489238740.361570120 0.233357 -0.0333105 0 0 0 0 0
1489238740.396388769 0.245841 -0 0 0 0 0 0
1489238740.425540686 0.335576 0.167656 0 0 0 0 0
1489238740.462344885 0.265803 0.0331993 0 0 0 0 0
1489238740.491657257 0.292022 -0.0416846 0 0 0 0 0
1489238740.524916887 0.294131 0.0367375 0 0 0 0 0
1489238740.560202599 0.277242 0.138512 0 0 0 0 0
1489238740.594949245 0.281543 0.0703305 0 0 0 0 0
1489238740.625384092 0.281252 0.0401472 0 0 0 0 0
1489238740.662537098 0.263308 -0 0 0 0 0 0
1489238740.692421198 0.327354 0.122661 0 0 0 0 0
1489238740.724359274 0.268014 0.191288 0 0 0 0 0
1489238740.761389256 0.264183 -0.131988 0 0 0 0 0
1489238740.796757698 0.276594 0.0690941 0 0 0 0 0
1489238740.826187372 0.332409 0.373666 0 0 0 0 0
1489238740.865923643 0.215417 -0 0 0 0 0 0
1489238740.893970490 0.305198 -0.217828 0 0 0 0 0
1489238740.925530672 0.271223 0.27101 0 0 0 0 0
1489238740.961791754 0.269785 0.20218 0 0 0 0 0
1489238740.994494677 0.261746 -0.186814 0 0 0 0 0
1489238741.024710655 0.283289 -0 0 0 0 0 0
1489238741.061046124 0.269232 0.235393 0 0 0 0 0
1489238741.092155457 0.275154 0.0785536 0 0 0 0 0
1489238741.122409105 0.323356 -0.161551 0 0 0 0 0
1489238741.165961504 0.224619 -0 0 0 0 0 0
1489238741.192773104 0.364868 0.364581 0 0 0 0 0
1489238741.222940207 0.324283 -0 0 0 0 0 0
1489238741.261483669 0.253809 -0.126805 0 0 0 0 0
1489238741.292098522 0.31954 0.159645 0 0 0 0 0
1489238741.324988365 0.297438 -0 0 0 0 0 0
1489238741.359068871 0.287046 0.0717052 0 0 0 0 0
1489238741.391301155 0.303506 0.0758168 0 0 0 0 0
1489238741.425038815 0.289963 -0.0724339 0 0 0 0 0
1489238741.463572264 0.253875 0.0951284 0 0 0 0 0
1489238741.491491556 0.350392 0.0875291 0 0 0 0 0
1489238741.524584293 0.295614 -0 0 0 0 0 0
1489238741.559731960 0.278331 -0 0 0 0 0 0
1489238741.591925621 0.30387 -0 0 0 0 0 0
1489238741.622241259 0.322694 0.0403051 0 0 0 0 0
1489238741.666821480 0.21944 0.0548169 0 0 0 0 0
1489238741.691301107 0.399626 -0 0 0 0 0 0
1489238741.724534035 0.294367 -0 0 0 0 0 0
1489238741.760007620 0.275774 -0 0 0 0 0 0
1489238741.790989637 0.315754 0.0788764 0 0 0 0 0
1489238741.821843863 0.317061 -0 0 0 0 0 0
1489238741.858596325 0.266178 -0.0664921 0 0 0 0 0
1489238741.890387774 0.307714 0.115302 0 0 0 0 0
1489238741.923657417 0.257287 -0 0 0 0 0 0
1489238741.966641903 0.227586 -0 0 0 0 0 0
1489238741.998010159 0.272883 -0 0 0 0 0 0
1489238742.026875257 0.33891 -0 0 0 0 0 0
1489238742.061767340 0.28037 -0 0 0 0 0 0
1489238742.098006487 0.269948 -0.033717 0 0 0 0 0
1489238742.127936602 0.326851 0.0816485 0 0 0 0 0
1489238742.165292501 0.261878 -0.065418 0 0 0 0 0
1489238742.192352057 0.361524 0.0903101 0 0 0 0 0
1489238742.223685265 0.312215 0.0779923 0 0 0 0 0
1489238742.266366005 0.229206 -0.114513 0 0 0 0 0
1489238742.297409296 0.354522 -0.118081 0 0 0 0 0
1489238742.368047953 0.138489 0.13838 0 0 0 0 0
1489238742.461813927 0.443406 -0.0130311 0 0 0 0 0
1489238742.526128292 0.323228 -0.113991 0 0 0 0 0
1489238742.563542128 0.294156 0.0326584 0 0 0 0 0
1489238742.625237226 0.356771 0.0396101 0 0 0 0 0
1489238742.659895897 0.282258 -0.141018 0 0 0 0 0
1489238742.731986761 0.305324 0.0169491 0 0 0 0 0
1489238742.764224529 0.341386 -0.037902 0 0 0 0 0
1489238742.827120781 0.349958 -0 0 0 0 0 0
1489238742.860203981 0.332662 -0 0 0 0 0 0
1489238742.926332235 0.314362 -0.0184774 0 0 0 0 0
1489238742.962405205 0.30509 0.0677446 0 0 0 0 0
1489238743.023968220 0.337674 -0 0 0 0 0 0
1489238743.060125113 0.304382 -0 0 0 0 0 0
1489238743.125695705 0.317035 0.037269 0 0 0 0 0
1489238743.160259962 0.318408 -0 0 0 0 0 0
1489238743.225220203 0.320014 0.0752383 0 0 0 0 0
1489238743.259749651 0.318729 -0.0707729 0 0 0 0 0
1489238743.323318481 0.346255 0.192213 0 0 0 0 0
1489238743.366961956 0.22415 -0.111987 0 0 0 0 0
1489238743.424188852 0.384628 0.170811 0 0 0 0 0
1489238743.465824366 0.23496 -0.0586939 0 0 0 0 0
1489238743.523228168 0.36214 0.0425712 0 0 0 0 0
1489238743.593072653 0.297636 -0 0 0 0 0 0
1489238743.624378681 0.312486 0.07806 0 0 0 0 0
1489238743.693928719 0.316478 0.0527049 0 0 0 0 0
1489238743.723760605 0.327927 0.0819174 0 0 0 0 0
1489238743.767942667 0.249095 -0.221244 0 0 0 0 0
1489238743.799444914 0.349357 0.271508 0 0 0 0 0
1489238743.862193346 0.350782 -0.0584178 0 0 0 0 0
1489238743.894461393 0.341066 0.0757328 0 0 0 0 0
1489238743.923527479 0.378638 0.0420378 0 0 0 0 0
1489238743.961700439 0.288307 -0.0960267 0 0 0 0 0
1489238743.995378733 0.363093 0.0725616 0 0 0 0 0
1489238744.028097868 0.373737 0.0746887 0 0 0 0 0
1489238744.063071728 0.349643 -0.0698736 0 0 0 0 0
1489238744.094322443 0.352169 -0 0 0 0 0 0
1489238744.123328686 0.421577 0.0421246 0 0 0 0 0
1489238744.160316706 0.330603 0.099103 0 0 0 0 0
1489238744.226379633 0.351693 -0.129469 0 0 0 0 0
1489238744.259407282 0.333221 0.184978 0 0 0 0 0
1489238744.292226076 0.335342 -0.111693 0 0 0 0 0
1489238744.324069738 0.345611 -0.115113 0 0 0 0 0
1489238744.364741802 0.270592 0.0300421 0 0 0 0 0
1489238744.390954494 0.419855 -0.0466139 0 0 0 0 0
1489238744.430728436 0.276702 0.0307205 0 0 0 0 0
1489238744.459617376 0.38096 -0.126887 0 0 0 0 0
1489238744.497044563 0.294051 0.0652934 0 0 0 0 0
1489238744.524936676 0.394575 -0.0876144 0 0 0 0 0
1489238744.591587305 0.330245 -0.0366651 0 0 0 0 0
1489238744.624873400 0.330634 -0 0 0 0 0 0
1489238744.660479069 0.309095 -0 0 0 0 0 0
1489238744.694819450 0.320483 -0.0711626 0 0 0 0 0
1489238744.724704981 0.368256 -0 0 0 0 0 0
1489238744.768965483 0.248653 -0.0276064 0 0 0 0 0
1489238744.796246529 0.403413 -0.134365 0 0 0 0 0
1489238744.826593161 0.36266 -0.0402639 0 0 0 0 0
1489238744.861663818 0.278942 0.139362 0 0 0 0 0
1489238744.894512415 0.297811 -0.0743944 0 0 0 0 0
1489238744.925237417 0.318395 -0.119304 0 0 0 0 0
1489238744.961957216 0.299716 0.0332756 0 0 0 0 0
1489238745.026994944 0.300831 0.0375743 0 0 0 0 0
1489238745.060877800 0.288721 -0.252432 0 0 0 0 0
1489238745.092589378 0.308489 0.231185 0 0 0 0 0
1489238745.131187201 0.285133 0.0316566 0 0 0 0 0
1489238745.166156769 0.24478 -0.174705 0 0 0 0 0
1489238745.195600271 0.373784 -0.0829979 0 0 0 0 0
1489238745.226913214 0.312417 0.234128 0 0 0 0 0
1489238745.261533499 0.317892 -0.282349 0 0 0 0 0
1489238745.293708563 0.304046 -0 0 0 0 0 0
1489238745.325435638 0.346881 0.154048 0 0 0 0 0
1489238745.362480640 0.297085 -0.0659671 0 0 0 0 0
1489238745.395371199 0.297431 -0.222898 0 0 0 0 0
1489238745.426966906 0.348323 -0 0 0 0 0 0
1489238745.460829020 0.32501 0.180419 0 0 0 0 0
1489238745.497721195 0.26517 -0.0993605 0 0 0 0 0
1489238745.525518417 0.35193 -0.175827 0 0 0 0 0
1489238745.567756414 0.26056 -0 0 0 0 0 0
1489238745.595339060 0.399002 0.177195 0 0 0 0 0
1489238745.626930952 0.309658 -0.154707 0 0 0 0 0
1489238745.663032532 0.270977 -0.169227 0 0 0 0 0
1489238745.693535328 0.320714 0.160231 0 0 0 0 0
1489238745.724225998 0.358595 0.119438 0 0 0 0 0
1489238745.767498493 0.226072 -0.169421 0 0 0 0 0
1489238745.790457010 0.426103 -0.319326 0 0 0 0 0
1489238745.824210882 0.326052 0.217197 0 0 0 0 0
1489238745.858231306 0.287553 0.143664 0 0 0 0 0
1489238745.890341520 0.30466 -0.190263 0 0 0 0 0
1489238745.922031403 0.308701 -0.154229 0 0 0 0 0
1489238745.958792925 0.299376 0.132952 0 0 0 0 0
1489238745.991338491 0.300584 0.150174 0 0 0 0 0
1489238746.023983002 0.299673 -0.262008 0 0 0 0 0
1489238746.059688568 0.273982 -0.0684417 0 0 0 0 0
1489238746.092048883 0.302305 0.151034 0 0 0 0 0
1489238746.123979807 0.30637 0.0765324 0 0 0 0 0
1489238746.161569118 0.260252 -0.16253 0 0 0 0 0
1489238746.194185972 0.299927 -0 0 0 0 0 0
1489238746.225650072 0.310916 0.233004 0 0 0 0 0
1489238746.260357141 0.246631 -0.0704107 0 0 0 0 0
1489238746.294273615 0.25238 -0.072052 0 0 0 0 0
1489238746.324767828 0.320805 0.160276 0 0 0 0 0
1489238746.362048864 0.196803 0.131099 0 0 0 0 0
1489238746.391594172 0.289719 -0.20678 0 0 0 0 0
1489238746.425163269 0.254992 0.218393 0 0 0 0 0
1489238746.461143494 0.237904 0.203758 0 0 0 0 0
1489238746.493470192 0.226965 -0.264584 0 0 0 0 0
1489238746.524367571 0.277041 0.158185 0 0 0 0 0
1489238746.561990738 0.195013 0.259813 0 0 0 0 0
1489238746.591816187 0.286998 -0.122903 0 0 0 0 0
1489238746.630462646 0.18985 -0 0 0 0 0 0
1489238746.663018227 0.225369 0.150128 0 0 0 0 0
1489238746.693778753 0.278274 0.238333 0 0 0 0 0
1489238746.725046396 0.195543 0.0390779 0 0 0 0 0
1489238746.768557549 0.168624 -0.0280819 0 0 0 0 0
1489238746.794516087 0.282644 0.282422 0 0 0 0 0
1489238746.825536251 0.197103 0.196949 0 0 0 0 0
1489238746.867173433 0.146844 0.0586915 0 0 0 0 0
1489238746.895360470 0.173532 -0 0 0 0 0 0
1489238746.924881935 0.20711 0.165558 0 0 0 0 0
1489238746.961166382 0.134805 0.235724 0 0 0 0 0
1489238746.991499424 0.161255 -0 0 0 0 0 0
1489238747.025691986 0.143053 -0.0714702 0 0 0 0 0
1489238747.061662197 0.135983 0.37366 0 0 0 0 0
1489238747.094623327 0.148397 -0 0 0 0 0 0
1489238747.125303745 0.159429 -0.159304 0 0 0 0 0
1489238747.161997318 0.133302 0.266395 0 0 0 0 0
1489238747.192527056 0.160216 0.240135 0 0 0 0 0
1489238747.225395918 0.148814 -0.0371742 0 0 0 0 0
1489238747.260370255 0.139855 0.104809 0 0 0 0 0
1489238747.294414759 0.143675 0.215343 0 0 0 0 0
1489238747.323450565 0.168459 0.168327 0 0 0 0 0
1489238747.358540535 0.139394 -0 0 0 0 0 0
1489238747.397637844 0.125107 0.0625043 0 0 0 0 0
1489238747.427355528 0.164594 0.246697 0 0 0 0 0
1489238747.466079950 0.126312 0.189319 0 0 0 0 0
1489238747.496561766 0.160468 -0 0 0 0 0 0
1489238747.535164595 0.126709 -0 0 0 0 0 0
1489238747.564455748 0.208738 0.417148 0 0 0 0 0
1489238747.594036341 0.206696 0.0413066 0 0 0 0 0
1489238747.632529736 0.158837 0.0317425 0 0 0 0 0
1489238747.661950588 0.207818 0.166124 0 0 0 0 0
1489238747.693942070 0.229343 0.30555 0 0 0 0 0
1489238747.723500967 0.206847 -0.041337 0 0 0 0 0
1489238747.761312723 0.194041 0.0646294 0 0 0 0 0
1489238747.791821718 0.240487 0.120149 0 0 0 0 0
1489238747.824894667 0.221843 0.147779 0 0 0 0 0
1489238747.860227585 0.242263 0.0691636 0 0 0 0 0
1489238747.891961575 0.231204 -0 0 0 0 0 0
1489238747.925059080 0.258625 -0.0369174 0 0 0 0 0
1489238747.962031126 0.231522 0.132194 0 0 0 0 0
1489238747.992573500 0.280261 0.0800118 0 0 0 0 0
1489238748.026128769 0.218655 -0.0728276 0 0 0 0 0
1489238748.061639071 0.241053 -0 0 0 0 0 0
1489238748.093985796 0.226824 0.226646 0 0 0 0 0
1489238748.124861002 0.237634 -0.0791493 0 0 0 0 0
1489238748.162116289 0.196939 -0 0 0 0 0 0
1489238748.192879438 0.2385 0.278032 0 0 0 0 0
1489238748.230714798 0.193919 -0.0322945 0 0 0 0 0
1489238748.261177301 0.240854 -0.0802216 0 0 0 0 0
1489238748.290861368 0.24717 0.123488 0 0 0 0 0
1489238748.322262049 0.233658 0.0389124 0 0 0 0 0
1489238748.367671251 0.161575 0.107632 0 0 0 0 0
1489238748.396280766 0.256454 -0.0854174 0 0 0 0 0
1489238748.426597118 0.242015 0.0806083 0 0 0 0 0
1489238748.459501028 0.222983 0.0742693 0 0 0 0 0
1489238748.492794752 0.183644 0.0366999 0 0 0 0 0
1489238748.522946119 0.202783 -0.121574 0 0 0 0 0
1489238748.559004068 0.169565 0.203319 0 0 0 0 0
1489238748.598640919 0.154255 0.0616535 0 0 0 0 0
1489238748.630221605 0.154884 -0.0773812 0 0 0 0 0
1489238748.663407564 0.147392 0.0736381 0 0 0 0 0
1489238748.694830894 0.15566 -0 0 0 0 0 0
1489238748.724651814 0.123018 0.0819475 0 0 0 0 0
1489238748.761576176 0.0993519 -0.0992739 0 0 0 0 0
1489238748.793223858 0.077278 0.115826 0 0 0 0 0
1489238748.825304031 0.0762362 0.190441 0 0 0 0 0
1489238748.859575987 0.0356804 -0.0356523 0 0 0 0 0
1489238748.893069029 0.0365101 -0 0 0 0 0 0
1489238748.924575329 -0 0.19391 0 0 0 0 0
1489238748.963442564 -0 0.125749 0 0 0 0 0
1489238748.994506836 -0 -0 0 0 0 0 0
1489238749.026394844 -0 0.114953 0 0 0 0 0
1489238749.061860561 -0 0.137809 0 0 0 0 0
1489238749.094222784 -0 0.226537 0 0 0 0 0
1489238749.125192404 -0 -0.078908 0 0 0 0 0
1489238749.163548708 -0 0.127424 0 0 0 0 0
1489238749.193115473 -0 0.20663 0 0 0 0 0
1489238749.223798752 -0 -0 0 0 0 0 0
1489238749.258584499 -0 0.0702515 0 0 0 0 0
1489238749.291288376 0.0373912 0.186809 0 0 0 0 0
1489238749.324060440 -0 0.18642 0 0 0 0 0
1489238749.361105204 -0 0.0989512 0 0 0 0 0
1489238749.391787291 -0 0.199119 0 0 0 0 0
1489238749.424596071 0.0372716 0.260696 0 0 0 0 0
1489238749.462134361 -0 0.325501 0 0 0 0 0
1489238749.495959282 -0 0.072247 0 0 0 0 0
1489238749.526753664 -0 -0 0 0 0 0 0
1489238749.563135386 -0 0.503773 0 0 0 0 0
1489238749.591581821 -0 0.257721 0 0 0 0 0
1489238749.623867512 -0 -0 0 0 0 0 0
1489238749.660756826 -0 0.264982 0 0 0 0 0
1489238749.700124979 -0 0.372446 0 0 0 0 0
1489238749.728413343 -0 0.259161 0 0 0 0 0
1489238749.762418509 -0 0.107796 0 0 0 0 0
1489238749.792080164 -0 0.32955 0 0 0 0 0
1489238749.825980425 -0 0.396476 0 0 0 0 0
1489238749.862772942 -0 0.265679 0 0 0 0 0
1489238749.896656513 -0 0.072122 0 0 0 0 0
1489238749.925751925 -0 0.46195 0 0 0 0 0
1489238749.962540388 -0 0.398562 0 0 0 0 0
1489238749.993202925 -0.0398804 0.199246 0 0 0 0 0
1489238750.026429176 -0 0.147098 0 0 0 0 0
1489238750.063393831 -0 0.528884 0 0 0 0 0
1489238750.096253872 -0 0.223105 0 0 0 0 0
1489238750.124695539 -0 0.171843 0 0 0 0 0
1489238750.161559343 -0 0.364602 0 0 0 0 0
1489238750.190800190 -0 0.501439 0 0 0 0 0
1489238750.223417282 -0 0.224767 0 0 0 0 0
1489238750.258946419 -0 0.171954 0 0 0 0 0
1489238750.294457912 -0 0.48171 0 0 0 0 0
1489238750.324585438 -0 0.324454 0 0 0 0 0
1489238750.362068415 -0 0.195589 0 0 0 0 0
1489238750.393227100 -0 0.274502 0 0 0 0 0
1489238750.425524950 -0 0.416146 0 0 0 0 0
1489238750.460882664 -0 0.41469 0 0 0 0 0
1489238750.493460894 -0.0375354 0.150024 0 0 0 0 0
1489238750.523551702 -0 0.406063 0 0 0 0 0
1489238750.561690331 -0 0.448528 0 0 0 0 0
1489238750.593793392 -0 0.190305 0 0 0 0 0
1489238750.628485918 -0 0.211321 0 0 0 0 0
1489238750.661966085 -0 0.437946 0 0 0 0 0
1489238750.694343090 -0 0.339651 0 0 0 0 0
1489238750.725024939 -0 0.318592 0 0 0 0 0
1489238750.761266470 -0.0337413 0.269718 0 0 0 0 0
1489238750.792329550 -0 0.432688 0 0 0 0 0
1489238750.829268694 -0 0.297702 0 0 0 0 0
1489238750.866729736 -0 0.228321 0 0 0 0 0
1489238750.893341780 -0 0.413229 0 0 0 0 0
1489238750.923650742 -0 0.524082 0 0 0 0 0
1489238750.961104155 -0.0326495 0.358863 0 0 0 0 0
1489238750.991501331 -0 0.160788 0 0 0 0 0
1489238751.024862528 -0 0.402882 0 0 0 0 0
1489238751.060267210 -0 0.379628 0 0 0 0 0
1489238751.092969894 -0 0.336268 0 0 0 0 0
1489238751.124473095 -0 0.232714 0 0 0 0 0
1489238751.162242174 -0 0.452917 0 0 0 0 0
1489238751.192705154 -0 0.521432 0 0 0 0 0
1489238751.225217104 -0 0.150329 0 0 0 0 0
1489238751.261209965 -0 0.407372 0 0 0 0 0
1489238751.301101923 -0 0.367555 0 0 0 0 0
1489238751.330919027 -0.0410112 0.491748 0 0 0 0 0
1489238751.366318703 -0 0.138066 0 0 0 0 0
1489238751.393765450 -0 0.578734 0 0 0 0 0
1489238751.430795670 -0 0.461954 0 0 0 0 0
1489238751.463728666 -0 0.148407 0 0 0 0 0
1489238751.494337559 -0 0.479027 0 0 0 0 0
1489238751.525572062 -0 0.391194 0 0 0 0 0
1489238751.561385393 -0 0.341179 0 0 0 0 0
1489238751.593037605 -0 0.424635 0 0 0 0 0
1489238751.625403166 -0 0.339771 0 0 0 0 0
1489238751.667150736 -0 0.351218 0 0 0 0 0
1489238751.699130297 -0 0.458496 0 0 0 0 0
1489238751.727344275 -0.0433415 0.433074 0 0 0 0 0
1489238751.761278152 -0 0.324068 0 0 0 0 0
1489238751.790002823 -0 0.595525 0 0 0 0 0
1489238751.823403835 -0 0.292656 0 0 0 0 0
1489238751.865685701 -0 0.404577 0 0 0 0 0
1489238751.894845247 -0 0.502837 0 0 0 0 0
1489238751.923483133 -0 0.341331 0 0 0 0 0
1489238751.967177153 -0 0.279644 0 0 0 0 0
1489238751.994687080 -0 0.621821 0 0 0 0 0
1489238752.024316549 -0 0.536101 0 0 0 0 0
1489238752.058508635 -0 0.32162 0 0 0 0 0
1489238752.099292040 -0 0.269641 0 0 0 0 0
1489238752.124907017 -0 0.667822 0 0 0 0 0
1489238752.160771608 -0 0.37476 0 0 0 0 0
1489238752.192126513 -0.0389998 0.311753 0 0 0 0 0
1489238752.224120378 -0 0.611055 0 0 0 0 0
1489238752.259187460 -0.0348713 0.418127 0 0 0 0 0
1489238752.292473793 -0 0.18354 0 0 0 0 0
1489238752.324113846 -0.0386483 0.463416 0 0 0 0 0
1489238752.361947775 -0 0.549028 0 0 0 0 0
1489238752.393718719 -0.0384891 0.34613 0 0 0 0 0
1489238752.425412893 -0.0385823 0.231312 0 0 0 0 0
1489238752.458934546 -0 0.510305 0 0 0 0 0
1489238752.491464615 -0.0375909 0.713667 0 0 0 0 0
1489238752.524222851 -0 0.149199 0 0 0 0 0
1489238752.562451601 -0.0319873 0.191773 0 0 0 0 0
1489238752.591548204 -0 0.755887 0 0 0 0 0
1489238752.623181820 -0 0.46351 0 0 0 0 0
1489238752.658120155 -0.0349998 0.244806 0 0 0 0 0
1489238752.690690279 -0 0.337637 0 0 0 0 0
1489238752.721443892 -0 0.516504 0 0 0 0 0
1489238752.759302139 -0 0.45185 0 0 0 0 0
1489238752.790871143 -0.0387353 0.15482 0 0 0 0 0
1489238752.829344511 -0 0.31759 0 0 0 0 0
1489238752.861507654 -0 0.531859 0 0 0 0 0
1489238752.894228458 -0 0.336082 0 0 0 0 0
1489238752.926016331 -0 0.23063 0 0 0 0 0
1489238752.963343143 -0 0.458283 0 0 0 0 0
1489238752.993859291 -0 0.440443 0 0 0 0 0
1489238753.025435686 -0.0387263 0.116088 0 0 0 0 0
1489238753.061293602 -0 0.477056 0 0 0 0 0
1489238753.094685316 -0 0.51229 0 0 0 0 0
1489238753.124831915 -0 0.202656 0 0 0 0 0
1489238753.162372112 -0.032574 0.130194 0 0 0 0 0
1489238753.192109346 -0 0.616336 0 0 0 0 0
1489238753.224733353 -0 0.599252 0 0 0 0 0
1489238753.262916565 -0 -0 0 0 0 0 0
1489238753.296065331 -0 0.294883 0 0 0 0 0
1489238753.327815056 -0 0.654238 0 0 0 0 0
1489238753.362890959 -0 0.383187 0 0 0 0 0
1489238753.393426895 -0 -0.0400143 0 0 0 0 0
1489238753.430268764 -0 0.331654 0 0 0 0 0
1489238753.461719275 -0 0.699313 0 0 0 0 0
1489238753.493566751 -0.0383966 0.153466 0 0 0 0 0
1489238753.525157690 -0 0.077356 0 0 0 0 0
1489238753.563491344 -0 0.414372 0 0 0 0 0
1489238753.593543291 -0 0.569223 0 0 0 0 0
1489238753.625553370 -0 0.114515 0 0 0 0 0
1489238753.661482334 -0 0.136032 0 0 0 0 0
1489238753.694499731 -0 0.592112 0 0 0 0 0
1489238753.723522186 -0 0.336808 0 0 0 0 0
1489238753.761613131 -0 0.0962335 0 0 0 0 0
1489238753.791626930 -0 0.488525 0 0 0 0 0
1489238753.829476118 -0 0.451958 0 0 0 0 0
1489238753.858603001 -0 0.12585 0 0 0 0 0
1489238753.890373230 -0 0.192299 0 0 0 0 0
1489238753.928277254 -0 0.386832 0 0 0 0 0
1489238753.962429523 -0 0.429327 0 0 0 0 0
1489238753.990717411 -0.0432282 0.388749 0 0 0 0 0
1489238754.023244619 -0.0375942 -0.0375647 0 0 0 0 0
1489238754.059756756 -0 0.535438 0 0 0 0 0
1489238754.100176811 -0 0.423212 0 0 0 0 0
1489238754.125388384 -0 -0 0 0 0 0 0
1489238754.162290335 -0 0.298003 0 0 0 0 0
1489238754.192142963 -0 0.491163 0 0 0 0 0
1489238754.223117113 -0 0.315586 0 0 0 0 0
1489238754.291143179 -0.035952 0.179619 0 0 0 0 0
1489238754.323841572 -0 0.523153 0 0 0 0 0
1489238754.368338585 -0 0.219678 0 0 0 0 0
1489238754.426786184 -0 0.250866 0 0 0 0 0
1489238754.526200771 -0.0123004 0.233523 0 0 0 0 0
1489238754.592544317 -0.0184319 0.294678 0 0 0 0 0
1489238754.694920540 -0.0238891 0.226768 0 0 0 0 0
1489238754.761811733 -0.0365619 0.328799 0 0 0 0 0
1489238754.824799299 -0.0582418 0.0775947 0 0 0 0 0
1489238754.893927097 -0.070758 0.300485 0 0 0 0 0
1489238754.961921692 -0.0899215 0.143761 0 0 0 0 0
1489238755.026630402 -0.132283 0.151062 0 0 0 0 0
1489238755.095243454 -0.142578 0.231507 0 0 0 0 0
1489238755.159399748 -0.190603 -0 0 0 0 0 0
1489238755.190219879 -0.198383 0.237872 0 0 0 0 0
1489238755.223882675 -0.18163 0.181487 0 0 0 0 0
1489238755.265253067 -0.177349 -0.05907 0 0 0 0 0
1489238755.324334383 -0.227673 0.082725 0 0 0 0 0
1489238755.362149000 -0.194026 0.0323122 0 0 0 0 0
1489238755.393518686 -0.27287 -0.116852 0 0 0 0 0
1489238755.425748348 -0.227648 0.151646 0 0 0 0 0
1489238755.459227085 -0.292206 0.109491 0 0 0 0 0
1489238755.522431612 -0.309556 0.0773283 0 0 0 0 0
1489238755.566750526 -0.248326 0.11028 0 0 0 0 0
1489238755.591312408 -0.497859 0.0994936 0 0 0 0 0
1489238755.624558449 -0.367814 0.14701 0 0 0 0 0
1489238755.659616947 -0.348799 0.104557 0 0 0 0 0
1489238755.724054337 -0.398519 0.094811 0 0 0 0 0
1489238755.761791706 -0.356442 0.0323784 0 0 0 0 0
1489238755.794348955 -0.375595 -0 0 0 0 0 0
1489238755.826423645 -0.419371 0.0761894 0 0 0 0 0
1489238755.859476089 -0.406965 -0.0369678 0 0 0 0 0
1489238755.924537420 -0.413493 0.0375607 0 0 0 0 0
1489238755.963277340 -0.347218 -0.0630809 0 0 0 0 0
1489238755.992746115 -0.456456 -0.0414634 0 0 0 0 0
1489238756.031892538 -0.343612 0.156065 0 0 0 0 0
1489238756.066713095 -0.3863 -0.0350906 0 0 0 0 0
1489238756.125751734 -0.476387 0.0827848 0 0 0 0 0
1489238756.163727760 -0.386402 -0.0643498 0 0 0 0 0
1489238756.192414761 -0.511522 0.0851867 0 0 0 0 0
1489238756.224856138 -0.452324 0.0376641 0 0 0 0 0
1489238756.260519505 -0.411459 -0.0342613 0 0 0 0 0
1489238756.324909210 -0.455788 0.075905 0 0 0 0 0
1489238756.362743378 -0.387851 -0.0968866 0 0 0 0 0
1489238756.393237114 -0.481214 0.160279 0 0 0 0 0
1489238756.426112890 -0.409152 0.148666 0 0 0 0 0
1489238756.492973328 -0.438945 -0.018275 0 0 0 0 0
1489238756.528256655 -0.381234 0.103891 0 0 0 0 0
1489238756.562499762 -0.428525 0.0713647 0 0 0 0 0
1489238756.591517687 -0.505688 -0.210538 0 0 0 0 0
1489238756.630718946 -0.343132 0.124677 0 0 0 0 0
1489238756.691802502 -0.460438 0.0400067 0 0 0 0 0
1489238756.723296642 -0.465929 -0.0775938 0 0 0 0 0
1489238756.760364532 -0.36288 0.230742 0 0 0 0 0
1489238756.790422440 -0.488192 0.0406507 0 0 0 0 0
1489238756.859006643 -0.392253 -0 0 0 0 0 0
1489238756.897233725 -0.351876 0.0958908 0 0 0 0 0
1489238756.922841787 -0.573024 -0 0 0 0 0 0
1489238756.961664677 -0.377974 -0.0629461 0 0 0 0 0
1489238756.996845484 -0.382345 0.0694626 0 0 0 0 0
1489238757.031532526 -0.387787 0.140903 0 0 0 0 0
1489238757.063837290 -0.454237 -0.0378234 0 0 0 0 0
1489238757.094027281 -0.486056 -0.0809457 0 0 0 0 0
1489238757.124531031 -0.440968 0.240339 0 0 0 0 0
1489238757.163359404 -0.346427 0.0629372 0 0 0 0 0
1489238757.191528320 -0.52093 -0.173507 0 0 0 0 0
1489238757.225889206 -0.427056 0.0711201 0 0 0 0 0
1489238757.261953115 -0.40689 0.0677617 0 0 0 0 0
1489238757.295135021 -0.44223 0.0736471 0 0 0 0 0
1489238757.326124907 -0.47351 0.118285 0 0 0 0 0
1489238757.361948013 -0.44376 -0.170543 0 0 0 0 0
1489238757.390149593 -0.520326 0.173306 0 0 0 0 0
1489238757.428675413 -0.380888 0.317157 0 0 0 0 0
1489238757.454307795 -0.667893 -0.429023 0 0 0 0 0
1489238757.489267349 -0.419743 -0 0 0 0 0 0
1489238757.520303965 -0.472797 0.433057 0 0 0 0 0
1489238757.566441059 -0.318053 -0 0 0 0 0 0
1489238757.593522310 -0.587006 -0.270713 0 0 0 0 0
1489238757.625398636 -0.460342 0.153327 0 0 0 0 0
1489238757.654148340 -0.510406 0.297503 0 0 0 0 0
1489238757.694882631 -0.390257 -0.119985 0 0 0 0 0
1489238757.725502253 -0.479236 -0 0 0 0 0 0
1489238757.761273146 -0.410223 0.170792 0 0 0 0 0
1489238757.791900635 -0.479113 0.199474 0 0 0 0 0
1489238757.831450939 -0.432859 -0.0617884 0 0 0 0 0
1489238757.864934683 -0.438243 -0.145966 0 0 0 0 0
1489238757.895996094 -0.47242 0.472049 0 0 0 0 0
1489238757.925734520 -0.534556 -0 0 0 0 0 0
1489238757.962814808 -0.461693 -0.263617 0 0 0 0 0
1489238757.992791414 -0.489516 0.203805 0 0 0 0 0
1489238758.025048971 -0.454902 0.30303 0 0 0 0 0
1489238758.058764458 -0.4715 -0 0 0 0 0 0
1489238758.091339111 -0.488013 -0.22506 0 0 0 0 0
1489238758.129156590 -0.388022 0.226169 0 0 0 0 0
1489238758.162916660 -0.434656 0.325736 0 0 0 0 0
1489238758.193120480 -0.52632 -0.323635 0 0 0 0 0
1489238758.224746227 -0.46399 -0.154542 0 0 0 0 0
1489238758.259221077 -0.390174 0.460753 0 0 0 0 0
1489238758.292359352 -0.479713 0.073744 0 0 0 0 0
1489238758.322838306 -0.521569 -0.48107 0 0 0 0 0
1489238758.360025167 -0.394602 0.328577 0 0 0 0 0
1489238758.398218632 -0.384203 0.383901 0 0 0 0 0
1489238758.463268757 -0.488757 -0.26297 0 0 0 0 0
1489238758.562234879 -0.432464 0.0864248 0 0 0 0 0
1489238758.592946529 -0.4778 0.159142 0 0 0 0 0
1489238758.660379887 -0.417082 0.144958 0 0 0 0 0
1489238758.692569494 -0.455862 -0.189793 0 0 0 0 0
1489238758.723934889 -0.467841 0.116868 0 0 0 0 0
1489238758.792592287 -0.427457 0.0889835 0 0 0 0 0
1489238758.823744059 -0.47105 -0.0392233 0 0 0 0 0
1489238758.861206770 -0.391697 0.130463 0 0 0 0 0
1489238758.889623404 -0.516389 0.0859972 0 0 0 0 0
1489238758.922959089 -0.44019 -0 0 0 0 0 0
1489238758.964126110 -0.386155 0.0890428 0 0 0 0 0
1489238758.992155075 -0.567158 -0.0871866 0 0 0 0 0
1489238759.027442932 -0.415838 0.0692519 0 0 0 0 0
1489238759.057037592 -0.495834 0.330296 0 0 0 0 0
1489238759.098827362 -0.409662 -0.116954 0 0 0 0 0
1489238759.126412153 -0.576291 -0.132886 0 0 0 0 0
1489238759.161692858 -0.415922 0.34633 0 0 0 0 0
1489238759.193747759 -0.495926 0.0762364 0 0 0 0 0
1489238759.224911928 -0.510101 -0.313662 0 0 0 0 0
1489238759.259668350 -0.457379 0.210932 0 0 0 0 0
1489238759.291537523 -0.460446 0.191702 0 0 0 0 0
1489238759.324237823 -0.486138 -0 0 0 0 0 0
1489238759.360519171 -0.438155 -0.134711 0 0 0 0 0
1489238759.393215179 -0.448802 0.0747415 0 0 0 0 0
1489238759.426076412 -0.409333 0.297463 0 0 0 0 0
1489238759.456320286 -0.48519 -0.0808015 0 0 0 0 0
1489238759.490293026 -0.431935 -0.215798 0 0 0 0 0
1489238759.522621632 -0.416077 0.302364 0 0 0 0 0
1489238759.554591656 -0.458993 0.152878 0 0 0 0 0
1489238759.587636709 -0.444061 -0.258832 0 0 0 0 0
1489238759.621325493 -0.435576 0.145078 0 0 0 0 0
1489238759.656846762 -0.37868 0.171992 0 0 0 0 0
1489238759.692396641 -0.412773 -0 0 0 0 0 0
1489238759.721629858 -0.501964 -0 0 0 0 0 0
1489238759.759048223 -0.392161 -0.0653088 0 0 0 0 0
1489238759.789207935 -0.486544 0.12154 0 0 0 0 0
1489238759.830158949 -0.358331 0.179025 0 0 0 0 0
1489238759.861827135 -0.463368 -0.154335 0 0 0 0 0
1489238759.893216133 -0.467489 -0.194634 0 0 0 0 0
1489238759.923664093 -0.441776 0.481559 0 0 0 0 0
1489238759.961392164 -0.388942 0.129545 0 0 0 0 0
1489238759.992054224 -0.478573 -0.557896 0 0 0 0 0
1489238760.032190323 -0.335139 0.18266 0 0 0 0 0
1489238760.064210653 -0.381893 0.534231 0 0 0 0 0
1489238760.093420506 -0.502366 -0.418309 0 0 0 0 0
1489238760.122148037 -0.5108 -0 0 0 0 0 0
1489238760.167110682 -0.299164 0.108701 0 0 0 0 0
1489238760.192437649 -0.531102 0.192976 0 0 0 0 0
1489238760.223207474 -0.476897 -0.198551 0 0 0 0 0
1489238760.255054712 -0.460763 -0.191834 0 0 0 0 0
1489238760.286231995 -0.39222 0.31353 0 0 0 0 0
1489238760.323544741 -0.393271 -0.196481 0 0 0 0 0
1489238760.358821630 -0.346639 -0 0 0 0 0 0
1489238760.387033463 -0.476793 0.303175 0 0 0 0 0
1489238760.428776979 -0.351528 -0.234168 0 0 0 0 0
1489238760.457898617 -0.419906 0.125873 0 0 0 0 0
1489238760.490318775 -0.414902 0.113066 0 0 0 0 0
1489238760.528724432 -0.35024 -0.12726 0 0 0 0 0
1489238760.563236237 -0.389756 0.0354046 0 0 0 0 0
1489238760.590977430 -0.484881 0.132137 0 0 0 0 0
1489238760.623015642 -0.419848 -0.0762761 0 0 0 0 0
1489238760.658511639 -0.37895 -0.103269 0 0 0 0 0
1489238760.699598312 -0.297623 -0 0 0 0 0 0
1489238760.729289055 -0.411858 0.12346 0 0 0 0 0
1489238760.763936043 -0.352941 0.0352664 0 0 0 0 0
1489238760.793734074 -0.410375 -0.0410052 0 0 0 0 0
1489238760.824969769 -0.391487 -0.0782358 0 0 0 0 0
1489238760.866047144 -0.297691 0.0892371 0 0 0 0 0
1489238760.895412922 -0.374774 0.0832176 0 0 0 0 0
1489238760.929930449 -0.354265 -0.176993 0 0 0 0 0
1489238760.968287945 -0.28692 0.0637098 0 0 0 0 0
1489238760.993147135 -0.491905 0.245759 0 0 0 0 0
1489238761.021214724 -0.435675 -0.174133 0 0 0 0 0
1489238761.058262110 -0.330073 -0.131926 0 0 0 0 0
1489238761.091160059 -0.371706 0.334272 0 0 0 0 0
1489238761.123091459 -0.382957 -0 0 0 0 0 0
1489238761.159061432 -0.33996 -0.237785 0 0 0 0 0
1489238761.190618277 -0.348752 0.154879 0 0 0 0 0
1489238761.223134756 -0.33846 0.112731 0 0 0 0 0
1489238761.260356426 -0.328528 -0 0 0 0 0 0
1489238761.299750805 -0.310409 -0 0 0 0 0 0
1489238761.326015949 -0.465574 -0.0930416 0 0 0 0 0
1489238761.359797001 -0.32579 0.0361704 0 0 0 0 0
1489238761.390438080 -0.399084 0.159508 0 0 0 0 0
1489238761.424293518 -0.361193 -0.180455 0 0 0 0 0
1489238761.459371090 -0.348609 -0.0348335 0 0 0 0 0
1489238761.492027760 -0.299562 0.261911 0 0 0 0 0
1489238761.529316664 -0.295142 0.196607 0 0 0 0 0
1489238761.563930273 -0.353282 -0.423605 0 0 0 0 0
1489238761.591379881 -0.356387 0.0890268 0 0 0 0 0
1489238761.624156952 -0.298461 0.260948 0 0 0 0 0
1489238761.664697409 -0.241307 -0.120559 0 0 0 0 0
1489238761.693692207 -0.337394 -0.168565 0 0 0 0 0
1489238761.724961042 -0.27375 -0.0390764 0 0 0 0 0
1489238761.759974241 -0.244475 0.244283 0 0 0 0 0
1489238761.791228771 -0.313001 -0.0781887 0 0 0 0 0
1489238761.828457594 -0.229925 -0.295386 0 0 0 0 0
1489238761.860361576 -0.229972 0.229791 0 0 0 0 0
1489238761.891061783 -0.238989 0.238801 0 0 0 0 0
1489238761.922161818 -0.275236 -0.314308 0 0 0 0 0
1489238761.961622477 -0.185932 -0.0619288 0 0 0 0 0
1489238761.992821693 -0.235167 0.234982 0 0 0 0 0
1489238762.026254416 -0.18288 -0.0365473 0 0 0 0 0
1489238762.059765577 -0.182452 -0.109385 0 0 0 0 0
1489238762.091574430 -0.153773 -0.0768261 0 0 0 0 0
1489238762.124446869 -0.148798 0.111511 0 0 0 0 0
1489238762.159465075 -0.13968 -0 0 0 0 0 0
1489238762.191722870 -0.151633 -0.227271 0 0 0 0 0
1489238762.223634005 -0.11496 -0.0382899 0 0 0 0 0
1489238762.260029554 -0.067197 0.134288 0 0 0 0 0
1489238762.291638374 -0.11606 -0.193281 0 0 0 0 0
1489238762.323512316 -0.0767295 -0.230008 0 0 0 0 0
1489238762.360657454 -0.065841 0.0657892 0 0 0 0 0
1489238762.391648769 -0.0789147 -0 0 0 0 0 0
1489238762.423044205 -0.0778989 -0.272432 0 0 0 0 0
1489238762.457505941 -0.0709677 -0.141824 0 0 0 0 0
1489238762.490017891 -0.0376119 0.0751647 0 0 0 0 0
1489238762.526715755 -0.0666434 -0.0998866 0 0 0 0 0
1489238762.559366703 -0.0374518 -0.299379 0 0 0 0 0
1489238762.597224474 -0.0646016 -0 0 0 0 0 0
1489238762.627049685 -0.0410001 -0.0819357 0 0 0 0 0
1489238762.661049128 -0.0719327 -0.215629 0 0 0 0 0
1489238762.692872524 -0.0768514 -0.307164 0 0 0 0 0
1489238762.724092007 -0 -0.117415 0 0 0 0 0
1489238762.762309074 -0.0319971 -0.0959159 0 0 0 0 0
1489238762.791622400 -0.041716 -0.541882 0 0 0 0 0
1489238762.825531960 -0.0360617 -0.2162 0 0 0 0 0
1489238762.857877016 -0.0378059 -0.113329 0 0 0 0 0
1489238762.890160561 -0.037878 -0.340634 0 0 0 0 0
1489238762.928272724 -0.0641704 -0.35266 0 0 0 0 0
1489238762.962094784 -0.036155 -0.252886 0 0 0 0 0
1489238762.992201567 -0.0406166 -0.243508 0 0 0 0 0
1489238763.026995659 -0.0351449 -0.351173 0 0 0 0 0
1489238763.067664385 -0.0300682 -0.360535 0 0 0 0 0
1489238763.094430208 -0 -0.365205 0 0 0 0 0
1489238763.127765417 -0 -0.293234 0 0 0 0 0
1489238763.160203934 -0 -0.527344 0 0 0 0 0
1489238763.189150333 -0 -0.633175 0 0 0 0 0
1489238763.222101927 -0 -0.222485 0 0 0 0 0
1489238763.265392780 -0 -0.282248 0 0 0 0 0
1489238763.295384884 -0 -0.611098 0 0 0 0 0
1489238763.326390743 -0.0394389 -0.433487 0 0 0 0 0
1489238763.363037586 -0 -0.366761 0 0 0 0 0
1489238763.392998457 -0.0408144 -0.407824 0 0 0 0 0
1489238763.424788237 -0.0384663 -0.614978 0 0 0 0 0
1489238763.459459543 -0.0352694 -0.317175 0 0 0 0 0
1489238763.491832018 -0 -0.415187 0 0 0 0 0
1489238763.526483297 -0.0352898 -0.317358 0 0 0 0 0
1489238763.563124657 -0.0333731 -0.53355 0 0 0 0 0
1489238763.590601444 -0 -0.400224 0 0 0 0 0
1489238763.623410225 -0.0372716 -0.260696 0 0 0 0 0
1489238763.657497168 -0 -0.537688 0 0 0 0 0
1489238763.701385975 -0.0278621 -0.361923 0 0 0 0 0
1489238763.725369692 -0 -0.305676 0 0 0 0 0
1489238763.761856079 -0.0335148 -0.334885 0 0 0 0 0
1489238763.791676760 -0.0410063 -0.614611 0 0 0 0 0
1489238763.824559450 -0 -0.297269 0 0 0 0 0
1489238763.859022617 -0.0354824 -0.212727 0 0 0 0 0
1489238763.890568495 -0 -0.619732 0 0 0 0 0
1489238763.925178766 -0.0353316 -0.282431 0 0 0 0 0
1489238763.961762667 -0 -0.200396 0 0 0 0 0
1489238763.992301702 -0.0400417 -0.440113 0 0 0 0 0
1489238764.025785685 -0.03652 -0.474387 0 0 0 0 0
1489238764.058248281 -0.0376691 -0.263476 0 0 0 0 0
1489238764.096281290 -0.032152 -0.28914 0 0 0 0 0
1489238764.127151012 -0.0792256 -0.47498 0 0 0 0 0
1489238764.163609028 -0.0335409 -0.301631 0 0 0 0 0
1489238764.189738512 -0.0467991 -0.280574 0 0 0 0 0
1489238764.220705032 -0.0789779 -0.473495 0 0 0 0 0
1489238764.267678738 -0.0520647 -0.312143 0 0 0 0 0
1489238764.295588970 -0.0438132 -0.262672 0 0 0 0 0
1489238764.325193405 -0.0826116 -0.412734 0 0 0 0 0
1489238764.362160444 -0.0661582 -0.462743 0 0 0 0 0
1489238764.391891241 -0.0411303 -0.328784 0 0 0 0 0
1489238764.424769878 -0.0371924 -0.260142 0 0 0 0 0
1489238764.457667112 -0.0371714 -0.371422 0 0 0 0 0
1489238764.499701977 -0.058182 -0.319749 0 0 0 0 0
1489238764.523704767 -0.101891 -0.356339 0 0 0 0 0
1489238764.569344759 -0.0535861 -0.294492 0 0 0 0 0
1489238764.593687534 -0.050234 -0.401557 0 0 0 0 0
1489238764.625962257 -0.0757767 -0.113576 0 0 0 0 0
1489238764.660282135 -0.0712611 -0.605243 0 0 0 0 0
1489238764.691937923 -0.0772583 -0.385988 0 0 0 0 0
1489238764.724110126 -0.0760181 -0.0759584 0 0 0 0 0
1489238764.762125731 -0.0643334 -0.353555 0 0 0 0 0
1489238764.793220043 -0.0786533 -0.471549 0 0 0 0 0
1489238764.824486017 -0.117332 -0.1954 0 0 0 0 0
1489238764.865616083 -0.0594619 -0.237661 0 0 0 0 0
1489238764.900669575 -0.104655 -0.244002 0 0 0 0 0
1489238764.924697161 -0.152679 -0.559383 0 0 0 0 0
1489238764.960372925 -0.0685527 -0.342494 0 0 0 0 0
1489238764.991806030 -0.0778056 -0.0777445 0 0 0 0 0
1489238765.025106907 -0.110162 -0.330228 0 0 0 0 0
1489238765.058990002 -0.0721797 -0.504861 0 0 0 0 0
1489238765.093730211 -0.105598 -0.211031 0 0 0 0 0
1489238765.125127316 -0.0778948 -0.272418 0 0 0 0 0
1489238765.159214497 -0.0717475 -0.215074 0 0 0 0 0
1489238765.189763546 -0.120086 -0.479966 0 0 0 0 0
1489238765.224195719 -0.0710287 -0.283891 0 0 0 0 0
1489238765.262182236 -0.0643826 -0.128664 0 0 0 0 0
1489238765.293804169 -0.077341 -0.386401 0 0 0 0 0
1489238765.324878693 -0.0787034 -0.432529 0 0 0 0 0
1489238765.361696243 -0.0664268 -0.165936 0 0 0 0 0
1489238765.391515970 -0.0820152 -0.286828 0 0 0 0 0
1489238765.424696922 -0.0737071 -0.294597 0 0 0 0 0
1489238765.459965467 -0.104016 -0.311804 0 0 0 0 0
1489238765.492552519 -0.0750504 -0.299966 0 0 0 0 0
1489238765.522579670 -0.0814487 -0.0813847 0 0 0 0 0
1489238765.560463428 -0.0645572 -0.322533 0 0 0 0 0
1489238765.592975140 -0.0752243 -0.300661 0 0 0 0 0
1489238765.622485876 -0.0828739 -0.165618 0 0 0 0 0
1489238765.658718348 -0.0674994 -0.202339 0 0 0 0 0
1489238765.718762636 -0.0203656 -0.183146 0 0 0 0 0
1489238765.742947578 -0.101124 -0.404177 0 0 0 0 0
1489238765.784476280 -0.0294456 -0.147112 0 0 0 0 0
1489238765.804799795 -0.0601685 -0.48097 0 0 0 0 0
1489238765.869168282 -0.0379949 -0.132878 0 0 0 0 0
1489238765.893651247 -0.149839 -0.748607 0 0 0 0 0
1489238765.925833702 -0.037997 -0.227803 0 0 0 0 0
1489238765.958435535 -0.0375082 -0.224872 0 0 0 0 0
1489238765.991420031 -0.037073 -0.444527 0 0 0 0 0
1489238766.021143436 -0.0411405 -0.287757 0 0 0 0 0
1489238766.058505535 -0.0327293 -0.261629 0 0 0 0 0
1489238766.093585968 -0 -0.417968 0 0 0 0 0
1489238766.126605272 -0.037034 -0.296039 0 0 0 0 0
1489238766.160784483 -0.0357772 -0.464738 0 0 0 0 0
1489238766.191431284 -0.0399009 -0.358826 0 0 0 0 0
1489238766.223352432 -0.038308 -0.421057 0 0 0 0 0
1489238766.264289141 -0.0597427 -0.179087 0 0 0 0 0
1489238766.291815281 -0.0444245 -0.532676 0 0 0 0 0
1489238766.324684620 -0.0372029 -0.29739 0 0 0 0 0
1489238766.358614922 -0.0360396 -0.288091 0 0 0 0 0
1489238766.391197443 -0 -0.375009 0 0 0 0 0
1489238766.421408176 -0.0809537 -0.323561 0 0 0 0 0
1489238766.459206104 -0.0323519 -0.549551 0 0 0 0 0
1489238766.489938021 -0.0397904 -0.159037 0 0 0 0 0
1489238766.524324656 -0.0711227 -0.355334 0 0 0 0 0
1489238766.559956074 -0.034319 -0.514381 0 0 0 0 0
1489238766.592703819 -0.0746821 -0.22387 0 0 0 0 0
1489238766.623846769 -0.0785305 -0.392344 0 0 0 0 0
1489238766.661554098 -0.0324297 -0.38885 0 0 0 0 0
1489238766.690489054 -0.0845231 -0.464512 0 0 0 0 0
1489238766.727038383 -0.0669143 -0.267447 0 0 0 0 0
1489238766.760568857 -0.0729388 -0.400848 0 0 0 0 0
1489238766.794134617 -0.0728621 -0.436829 0 0 0 0 0
1489238766.824434280 -0.0807161 -0.362937 0 0 0 0 0
1489238766.860673189 -0.0337437 -0.404607 0 0 0 0 0
1489238766.890921354 -0.0404268 -0.363555 0 0 0 0 0
1489238766.922433376 -0.0388054 -0.465299 0 0 0 0 0
1489238766.961154699 -0.0315804 -0.378667 0 0 0 0 0
1489238767.000494242 -0.0310841 -0.341657 0 0 0 0 0
1489238767.024715424 -0.0504862 -0.302679 0 0 0 0 0
1489238767.061924219 -0.0328642 -0.59109 0 0 0 0 0
1489238767.091467619 -0 -0.413586 0 0 0 0 0
1489238767.122702122 -0.0391502 -0.156478 0 0 0 0 0
1489238767.159233332 -0.0669474 -0.501711 0 0 0 0 0
1489238767.192887306 -0.0363355 -0.653526 0 0 0 0 0
1489238767.223653555 -0 0.0794296 0 0 0 0 0
1489238767.260342598 -0.0666594 -0.266428 0 0 0 0 0
1489238767.292077303 -0.0385331 -1.00107 0 0 0 0 0
1489238767.324686050 -0.0375002 -0.0749416 0 0 0 0 0
1489238767.358444691 -0 -0.289556 0 0 0 0 0
1489238767.390390158 -0.0382788 -0.344239 0 0 0 0 0
1489238767.422568798 -0.0760029 -0.531603 0 0 0 0 0
1489238767.470668554 -0.0254229 -0.304835 0 0 0 0 0
1489238767.530091763 -0 -0.082249 0 0 0 0 0
1489238767.604216337 -0.016497 -0.164841 0 0 0 0 0
1489238767.626301289 -0.166109 -1.60446 0 0 0 0 0
1489238767.701077700 -0.0163532 -0.196085 0 0 0 0 0
1489238767.727465868 -0.0926806 -1.2039 0 0 0 0 0
1489238767.761094093 -0 -0.218009 0 0 0 0 0
1489238767.790647268 -0.0413775 -0.454795 0 0 0 0 0
1489238767.823435545 -0.0372949 -0.59625 0 0 0 0 0
1489238767.858449697 -0.034924 -0.20938 0 0 0 0 0
1489238767.891338587 -0.0371808 -0.371516 0 0 0 0 0
1489238767.923207283 -0.0383711 -0.498432 0 0 0 0 0
1489238767.961498499 -0.0319351 -0.319101 0 0 0 0 0
1489238767.990440130 -0.0422518 -0.422186 0 0 0 0 0
1489238768.021735907 -0 -0.429471 0 0 0 0 0
1489238768.057371140 -0.0343154 -0.342884 0 0 0 0 0
1489238768.089975595 -0.0375052 -0.449708 0 0 0 0 0
1489238768.122895956 -0 -0.371161 0 0 0 0 0
1489238768.160370827 -0.0326308 -0.260841 0 0 0 0 0
1489238768.189633131 -0.0417888 -0.542827 0 0 0 0 0
1489238768.222311497 -0.0374203 -0.448691 0 0 0 0 0
1489238768.258368731 -0 -0.271097 0 0 0 0 0
1489238768.293504238 -0 -0.347761 0 0 0 0 0
1489238768.324132442 -0 -0.478725 0 0 0 0 0
1489238768.361995697 -0 -0.387249 0 0 0 0 0
1489238768.391577244 -0 -0.165221 0 0 0 0 0
1489238768.424463272 -0 -0.594477 0 0 0 0 0
1489238768.460210800 -0 -0.341807 0 0 0 0 0
1489238768.492697954 -0 -0.37611 0 0 0 0 0
1489238768.522724867 -0 -0.284849 0 0 0 0 0
1489238768.560744524 -0.0321632 -0.32138 0 0 0 0 0
1489238768.591953278 -0 -0.626427 0 0 0 0 0
1489238768.629572868 -0 -0.129919 0 0 0 0 0
1489238768.660836220 -0 -0.312666 0 0 0 0 0
1489238768.694313049 -0 -0.583986 0 0 0 0 0
1489238768.724846363 -0 -0.36016 0 0 0 0 0
1489238768.769103050 -0 -0.110435 0 0 0 0 0
1489238768.791919947 -0 -0.535513 0 0 0 0 0
1489238768.825620174 -0.0362857 -0.435086 0 0 0 0 0
1489238768.860085249 -0 -0.354526 0 0 0 0 0
1489238768.892571688 -0 -0.112836 0 0 0 0 0
1489238768.924689531 -0 -0.228261 0 0 0 0 0
1489238768.963712931 -0 -0.500981 0 0 0 0 0
1489238768.990419388 -0 -0.274512 0 0 0 0 0
1489238769.028226376 -0 -0.0323188 0 0 0 0 0
1489238769.063642263 -0 -0.345008 0 0 0 0 0
1489238769.093682766 -0 -0.488091 0 0 0 0 0
1489238769.130180359 -0 -0.167391 0 0 0 0 0
1489238769.163403034 0.0368073 -0.183892 0 0 0 0 0
1489238769.190403700 -0 -0.452535 0 0 0 0 0
1489238769.221683264 -0 -0.468757 0 0 0 0 0
1489238769.257650137 -0 -0.135889 0 0 0 0 0
1489238769.290733099 -0 -0.147735 0 0 0 0 0
1489238769.322751522 -0 -0.457939 0 0 0 0 0
1489238769.360846758 -0 -0.288668 0 0 0 0 0
1489238769.390155315 -0 -0.12507 0 0 0 0 0
1489238769.426206589 -0 -0.271142 0 0 0 0 0
1489238769.467652559 -0 -0.353774 0 0 0 0 0
1489238769.497420311 0.0410792 -0.328376 0 0 0 0 0
1489238769.526560545 -0 -0 0 0 0 0 0
1489238769.561929941 -0 -0.414553 0 0 0 0 0
1489238769.592221498 -0 -0.322697 0 0 0 0 0
1489238769.625639915 -0 -0.109689 0 0 0 0 0
1489238769.662283659 -0 -0.300102 0 0 0 0 0
1489238769.694242954 -0 -0.34409 0 0 0 0 0
1489238769.725474119 -0 -0.156494 0 0 0 0 0
1489238769.761925697 -0 -0.134082 0 0 0 0 0
1489238769.791990280 -0 -0.365775 0 0 0 0 0
1489238769.824751616 -0 -0.223778 0 0 0 0 0
1489238769.868021965 -0 -0.169429 0 0 0 0 0
1489238769.896824837 -0 -0.169688 0 0 0 0 0
1489238769.926419258 -0 -0.289011 0 0 0 0 0
1489238769.962766647 -0 -0.235316 0 0 0 0 0
1489238769.991756916 -0 -0.0842955 0 0 0 0 0
1489238770.023509741 -0 -0.153923 0 0 0 0 0
1489238770.059783936 -0 -0.235791 0 0 0 0 0
1489238770.091479540 -0 -0.0771006 0 0 0 0 0
1489238770.122085333 -0 -0.119769 0 0 0 0 0
1489238770.162737131 -0 -0.120228 0 0 0 0 0
1489238770.190732956 -0 -0.218225 0 0 0 0 0
1489238770.223450422 -0 -0.0746925 0 0 0 0 0
1489238770.260344028 -0 -0.0662378 0 0 0 0 0
1489238770.292386532 -0 -0.114399 0 0 0 0 0
1489238770.323866844 -0 -0.0776279 0 0 0 0 0
1489238770.363454580 -0 0.030865 0 0 0 0 0
1489238770.392002821 -0 -0.0856007 0 0 0 0 0
1489238770.425376654 -0 -0.146447 0 0 0 0 0
1489238770.464385748 -0 0.0626457 0 0 0 0 0
1489238770.493975401 -0 0.082588 0 0 0 0 0
1489238770.529237032 -0 -0.0693034 0 0 0 0 0
1489238770.565404892 -0 -0.0675669 0 0 0 0 0
1489238770.594078779 -0 0.0852256 0 0 0 0 0
1489238770.624290705 -0 0.161774 0 0 0 0 0
1489238770.659831047 -0 -0.10314 0 0 0 0 0
1489238770.694001198 -0 -0.0715171 0 0 0 0 0
1489238770.728238344 -0 0.142754 0 0 0 0 0
1489238770.763921261 -0 -0 0 0 0 0 0
1489238770.791697025 -0 -0.175963 0 0 0 0 0
1489238770.824516773 -0 -0 0 0 0 0 0
1489238770.861273766 -0 0.0997259 0 0 0 0 0
1489238770.892107010 -0 -0 0 0 0 0 0
1489238770.929587364 -0 -0.0652008 0 0 0 0 0
1489238770.965632677 -0 0.0338983 0 0 0 0 0
1489238770.995581627 -0 0.0815972 0 0 0 0 0
1489238771.027380943 -0 -0.0384246 0 0 0 0 0
1489238771.061241865 -0 -0.0721702 0 0 0 0 0
1489238771.094410896 -0 0.0368378 0 0 0 0 0
1489238771.126476526 -0 0.0381054 0 0 0 0 0
1489238771.160237551 -0 -0.0361919 0 0 0 0 0
1489238771.190686703 -0 -0 0 0 0 0 0
1489238771.223601341 -0 0.0371225 0 0 0 0 0
1489238771.259126902 -0 -0 0 0 0 0 0
1489238771.294013500 -0 -0.0350242 0 0 0 0 0
1489238771.324948072 -0 -0 0 0 0 0 0
1489238771.361159801 -0 0.0337425 0 0 0 0 0
1489238771.391756535 -0 -0 0 0 0 0 0
1489238771.424302816 -0 -0.0375427 0 0 0 0 0
1489238771.459103107 -0 -0 0 0 0 0 0
1489238771.490823507 -0 -0 0 0 0 0 0
1489238771.526860714 -0 -0 0 0 0 0 0
1489238771.562356710 -0 -0 0 0 0 0 0
1489238771.591642618 -0 -0 0 0 0 0 0
1489238771.624519825 -0 -0 0 0 0 0 0
1489238771.658830643 -0 -0.0356119 0 0 0 0 0
1489238771.691071033 -0 -0 0 0 0 0 0
1489238771.722041368 -0 0.0394531 0 0 0 0 0
1489238771.758834839 -0 -0 0 0 0 0 0
1489238771.790326834 -0 -0 0 0 0 0 0
1489238771.824376583 -0 -0 0 0 0 0 0
1489238771.861271143 -0 -0 0 0 0 0 0
1489238771.896733761 -0 -0.0344553 0 0 0 0 0
1489238771.925120354 -0 -0 0 0 0 0 0
1489238771.962008715 -0 0.0331236 0 0 0 0 0
1489238771.991583347 -0 -0 0 0 0 0 0
1489238772.019073963 -0 -0 0 0 0 0 0
1489238772.059499025 -0 -0 0 0 0 0 0
1489238772.089940786 -0 -0 0 0 0 0 0
1489238772.120051146 -0 -0 0 0 0 0 0
1489238772.160655260 -0 -0.0300924 0 0 0 0 0
1489238772.191294909 -0 -0 0 0 0 0 0
1489238772.224689484 -0 0.036589 0 0 0 0 0
1489238772.268248081 -0 -0 0 0 0 0 0
1489238772.296004772 -0 -0 0 0 0 0 0
1489238772.326385975 -0 -0 0 0 0 0 0
1489238772.366272449 -0 -0 0 0 0 0 0
1489238772.393962622 -0 -0 0 0 0 0 0
1489238772.428552151 -0 -0 0 0 0 0 0
1489238772.461556673 -0 -0 0 0 0 0 0
1489238772.493980885 -0 -0 0 0 0 0 0
1489238772.526933670 -0 -0.0370796 0 0 0 0 0
1489238772.559644222 -0 -0 0 0 0 0 0
1489238772.591924667 -0 -0 0 0 0 0 0
1489238772.624114275 -0 -0 0 0 0 0 0
1489238772.658997774 -0 -0.0350273 0 0 0 0 0
1489238772.691757441 -0 -0 0 0 0 0 0
1489238772.724825144 -0 0.0369507 0 0 0 0 0
1489238772.759293556 -0 -0 0 0 0 0 0
1489238772.790309668 -0 -0 0 0 0 0 0
