# text file for ../bag/cf_2017-03-14-11-56-54.bag
# format: time stamp x y z qx qy qz qw
1489238729.612452507 -0.000000000 -0.000000000 0 0 0 0 0
1489238729.629281998 -0.000000000 -0.000000000 0 0 0 0 0
1489238729.642832756 -0.000000000 -0.000000000 0 0 0 0 0
1489238729.658211708 -0.000000000 -0.000000000 0 0 0 0 0
1489238729.688287258 -0.000000000 -0.000000000 0 0 0 0 0
1489238729.720974684 -0.000000000 -0.046173765 0 0 0 0 0
1489238729.762982845 -0.000000000 -0.000000000 0 0 0 0 0
1489238729.789192677 -0.000000000 -0.000000000 0 0 0 0 0
1489238729.826415777 -0.000000000 -0.000000000 0 0 0 0 0
1489238729.857514143 -0.000000000 -0.000000000 0 0 0 0 0
1489238729.887450695 -0.000000000 -0.000000000 0 0 0 0 0
1489238729.923228264 -0.000000000 -0.000000000 0 0 0 0 0
1489238729.959055662 -0.000000000 -0.000000000 0 0 0 0 0
1489238729.988679647 -0.000000000 -0.000000000 0 0 0 0 0
1489238730.027301788 -0.000000000 -0.000000000 0 0 0 0 0
1489238730.058770418 -0.000000000 -0.000000000 0 0 0 0 0
1489238730.097425938 -0.000000000 -0.078089832 0 0 0 0 0
1489238730.123707771 -0.000000000 -0.000000000 0 0 0 0 0
1489238730.159249067 -0.000000000 -0.084932272 0 0 0 0 0
1489238730.191309929 -0.000000000 -0.094152274 0 0 0 0 0
1489238730.231505394 -0.000000000 -0.000000000 0 0 0 0 0
1489238730.264207840 -0.000000000 -0.138457672 0 0 0 0 0
1489238730.295153856 -0.000000000 -0.097544155 0 0 0 0 0
1489238730.325581551 -0.000000000 -0.148808664 0 0 0 0 0
1489238730.360772133 -0.000000000 -0.128668076 0 0 0 0 0
1489238730.391330719 -0.000000000 -0.197561694 0 0 0 0 0
1489238730.430296898 -0.000000000 -0.116200886 0 0 0 0 0
1489238730.462882042 -0.000000000 -0.185274800 0 0 0 0 0
1489238730.495623350 -0.000000000 -0.092195553 0 0 0 0 0
1489238730.525275946 -0.000000000 -0.152698421 0 0 0 0 0
1489238730.562725544 -0.040184434 -0.080604416 0 0 0 0 0
1489238730.593852043 -0.048347580 -0.193957117 0 0 0 0 0
1489238730.626027107 -0.046771963 -0.093818089 0 0 0 0 0
1489238730.662300825 -0.041487087 -0.000000000 0 0 0 0 0
1489238730.689878702 -0.109137545 -0.218914822 0 0 0 0 0
1489238730.733326912 -0.069272861 -0.000000000 0 0 0 0 0
1489238730.766738176 -0.090082846 -0.000000000 0 0 0 0 0
1489238730.795033932 -0.106368667 0.106680418 0 0 0 0 0
1489238730.828160763 -0.045428157 -0.182245203 0 0 0 0 0
1489238730.861332655 -0.045366447 -0.045499410 0 0 0 0 0
1489238730.891790152 -0.000000000 -0.099108704 0 0 0 0 0
1489238730.928017616 -0.000000000 -0.166647213 0 0 0 0 0
1489238730.963545084 0.042358518 -0.339861320 0 0 0 0 0
1489238730.999195099 -0.000000000 -0.169346522 0 0 0 0 0
1489238731.028482199 0.051384087 -0.154604060 0 0 0 0 0
1489238731.061608791 -0.000000000 -0.136684886 0 0 0 0 0
1489238731.091275692 -0.000000000 -0.305249583 0 0 0 0 0
1489238731.129975080 -0.000000000 -0.078001310 0 0 0 0 0
1489238731.162060976 -0.000000000 -0.000000000 0 0 0 0 0
1489238731.192685604 -0.049139891 -0.147851739 0 0 0 0 0
1489238731.225121498 -0.046395851 -0.232659150 0 0 0 0 0
1489238731.261854410 -0.000000000 -0.000000000 0 0 0 0 0
1489238731.291205883 -0.000000000 -0.205686647 0 0 0 0 0
1489238731.325669765 -0.000000000 -0.218968584 0 0 0 0 0
1489238731.356442451 -0.000000000 -0.245233957 0 0 0 0 0
1489238731.395271301 -0.000000000 -0.194353106 0 0 0 0 0
1489238731.422459841 -0.000000000 -0.222049663 0 0 0 0 0
1489238731.459202528 -0.000000000 -0.164310411 0 0 0 0 0
1489238731.492171526 -0.000000000 -0.366235337 0 0 0 0 0
1489238731.521244764 -0.000000000 -0.259568867 0 0 0 0 0
1489238731.559839010 -0.000000000 -0.312855240 0 0 0 0 0
1489238731.591023684 0.048257389 -0.145196471 0 0 0 0 0
1489238731.623928070 -0.000000000 -0.321085171 0 0 0 0 0
1489238731.660411596 -0.000000000 -0.496432773 0 0 0 0 0
1489238731.693464041 -0.000000000 -0.273983035 0 0 0 0 0
1489238731.724866867 -0.000000000 -0.336438207 0 0 0 0 0
1489238731.760797977 -0.000000000 -0.294037965 0 0 0 0 0
1489238731.790382385 -0.000000000 -0.510167896 0 0 0 0 0
1489238731.832109213 -0.000000000 -0.361710102 0 0 0 0 0
1489238731.867023706 -0.000000000 -0.129685528 0 0 0 0 0
1489238731.896306276 -0.000000000 -0.515426588 0 0 0 0 0
1489238731.924853325 -0.000000000 -0.687318676 0 0 0 0 0
1489238731.962807178 0.039650543 -0.159067011 0 0 0 0 0
1489238731.993627548 -0.000000000 -0.391767269 0 0 0 0 0
1489238732.025770426 -0.000000000 -0.563472205 0 0 0 0 0
1489238732.061735630 -0.000000000 -0.251793622 0 0 0 0 0
1489238732.093619823 -0.000000000 -0.378695861 0 0 0 0 0
1489238732.124811649 -0.000000000 -0.483877255 0 0 0 0 0
1489238732.162621737 -0.000000000 -0.399179590 0 0 0 0 0
1489238732.193760157 -0.000000000 -0.339295010 0 0 0 0 0
1489238732.225370646 -0.000000000 -0.286481145 0 0 0 0 0
1489238732.259485960 -0.000000000 -0.530894069 0 0 0 0 0
1489238732.292217493 -0.000000000 -0.507226978 0 0 0 0 0
1489238732.323672295 -0.000000000 -0.287899100 0 0 0 0 0
1489238732.361306906 -0.000000000 -0.320832651 0 0 0 0 0
1489238732.393457890 -0.000000000 -0.375553425 0 0 0 0 0
1489238732.431043863 -0.000000000 -0.401559773 0 0 0 0 0
1489238732.460837364 -0.000000000 -0.405269999 0 0 0 0 0
1489238732.497029066 -0.000000000 -0.250217828 0 0 0 0 0
1489238732.523065090 -0.000000000 -0.753606601 0 0 0 0 0
1489238732.558794022 -0.000000000 -0.295701834 0 0 0 0 0
1489238732.599192381 -0.000000000 -0.336244190 0 0 0 0 0
1489238732.627822399 -0.000000000 -0.421739587 0 0 0 0 0
1489238732.668522835 -0.000000000 -0.444998139 0 0 0 0 0
1489238732.693070889 -0.000000000 -0.245934203 0 0 0 0 0
1489238732.722801924 -0.000000000 -0.406121481 0 0 0 0 0
1489238732.758659840 -0.000000000 -0.420911665 0 0 0 0 0
1489238732.790194035 -0.000000000 -0.478623764 0 0 0 0 0
1489238732.828536510 -0.000000000 -0.196818473 0 0 0 0 0
1489238732.858049631 -0.000000000 -0.460260158 0 0 0 0 0
1489238732.891030550 -0.000000000 -0.549154442 0 0 0 0 0
1489238732.924017191 -0.000000000 -0.274529591 0 0 0 0 0
1489238732.958971500 -0.000000000 -0.431792684 0 0 0 0 0
1489238732.997075796 -0.000000000 -0.277268228 0 0 0 0 0
1489238733.025737286 -0.000000000 -0.631914755 0 0 0 0 0
1489238733.061252356 -0.000000000 -0.382477455 0 0 0 0 0
1489238733.093807220 -0.000000000 -0.278170685 0 0 0 0 0
1489238733.123987913 -0.000000000 -0.550097269 0 0 0 0 0
1489238733.162359715 -0.000000000 -0.314668888 0 0 0 0 0
1489238733.193075418 -0.000000000 -0.638791142 0 0 0 0 0
1489238733.226639986 -0.000000000 -0.134901322 0 0 0 0 0
1489238733.261825323 -0.042770399 -0.557644782 0 0 0 0 0
1489238733.295235634 -0.000000000 -0.451747223 0 0 0 0 0
1489238733.328635931 -0.000000000 -0.361506127 0 0 0 0 0
1489238733.362240314 -0.000000000 -0.134741485 0 0 0 0 0
1489238733.390732288 -0.052818064 -0.635674390 0 0 0 0 0
1489238733.424694061 -0.000000000 -0.533294247 0 0 0 0 0
1489238733.460671663 -0.000000000 0.041951143 0 0 0 0 0
1489238733.487601757 -0.000000000 -0.448361308 0 0 0 0 0
1489238733.532686710 -0.033379005 -0.435198845 0 0 0 0 0
1489238733.564813137 -0.000000000 -0.422820556 0 0 0 0 0
1489238733.593356133 -0.000000000 -0.105756350 0 0 0 0 0
1489238733.625238895 -0.000000000 -0.378712852 0 0 0 0 0
1489238733.659568787 -0.043836168 -0.439646459 0 0 0 0 0
1489238733.691780090 -0.000000000 -0.468562689 0 0 0 0 0
1489238733.722474337 -0.000000000 -0.147516394 0 0 0 0 0
1489238733.759272099 -0.000000000 -0.246096735 0 0 0 0 0
1489238733.790545225 -0.000000000 -0.772190912 0 0 0 0 0
1489238733.829866171 -0.000000000 -0.268689127 0 0 0 0 0
1489238733.859294415 0.051137639 -0.205150063 0 0 0 0 0
1489238733.890867233 -0.000000000 -0.573645903 0 0 0 0 0
1489238733.922227383 0.047987364 -0.721920115 0 0 0 0 0
1489238733.967720985 -0.000000000 -0.132704505 0 0 0 0 0
1489238733.997995138 0.049708770 -0.398835673 0 0 0 0 0
1489238734.027365208 -0.000000000 -0.719447434 0 0 0 0 0
1489238734.059933662 -0.000000000 -0.556109225 0 0 0 0 0
1489238734.093670845 0.044606300 -0.178948139 0 0 0 0 0
1489238734.123775244 -0.000000000 -0.501355806 0 0 0 0 0
1489238734.170017958 -0.000000000 -0.424302943 0 0 0 0 0
1489238734.200696707 -0.000000000 -0.491969704 0 0 0 0 0
1489238734.233065844 0.046491536 -0.279766776 0 0 0 0 0
1489238734.262671709 -0.000000000 -0.509798138 0 0 0 0 0
1489238734.332654715 -0.000000000 -0.345066977 0 0 0 0 0
1489238734.366557598 -0.000000000 -0.445183817 0 0 0 0 0
1489238734.396998644 -0.000000000 -0.991622641 0 0 0 0 0
1489238734.428010225 -0.000000000 -0.389351704 0 0 0 0 0
1489238734.462978363 -0.000000000 -0.086324386 0 0 0 0 0
1489238734.492960691 -0.000000000 -0.704755843 0 0 0 0 0
1489238734.525839806 -0.000000000 -0.688568510 0 0 0 0 0
1489238734.562488317 -0.000000000 -0.247098957 0 0 0 0 0
1489238734.594677687 0.046751177 -0.234440989 0 0 0 0 0
1489238734.623492956 -0.000000000 -0.628542382 0 0 0 0 0
1489238734.658745527 -0.000000000 -0.727837002 0 0 0 0 0
1489238734.690047026 0.048077280 -0.289309123 0 0 0 0 0
1489238734.731827736 0.036018796 -0.072248724 0 0 0 0 0
1489238734.764266491 -0.000000000 -0.790971344 0 0 0 0 0
1489238734.794702768 -0.000000000 -0.595066797 0 0 0 0 0
1489238734.823828459 0.051668849 -0.155460848 0 0 0 0 0
1489238734.870240450 0.032424614 -0.292676812 0 0 0 0 0
1489238734.895183086 -0.000000000 -0.847152671 0 0 0 0 0
1489238734.926220655 -0.000000000 -0.486282127 0 0 0 0 0
1489238734.961425543 -0.000000000 -0.342975449 0 0 0 0 0
1489238734.993664265 -0.000000000 -0.561797028 0 0 0 0 0
1489238735.024002790 -0.000000000 -0.447738090 0 0 0 0 0
1489238735.062674522 -0.000000000 -0.390285470 0 0 0 0 0
1489238735.098256111 0.042294089 -0.466598519 0 0 0 0 0
1489238735.128131390 -0.000000000 -0.303120490 0 0 0 0 0
1489238735.163599968 -0.000000000 -0.595744801 0 0 0 0 0
1489238735.195165634 -0.000000000 -0.573775887 0 0 0 0 0
1489238735.225770235 -0.000000000 -0.246580819 0 0 0 0 0
1489238735.262691259 -0.000000000 -0.490550261 0 0 0 0 0
1489238735.293068647 -0.000000000 -0.447165292 0 0 0 0 0
1489238735.325561285 -0.000000000 -0.325153984 0 0 0 0 0
1489238735.359727383 -0.000000000 -0.485929554 0 0 0 0 0
1489238735.394138813 -0.000000000 -0.263162820 0 0 0 0 0
1489238735.427569628 -0.000000000 -0.541764185 0 0 0 0 0
1489238735.465136290 -0.000000000 -0.401766203 0 0 0 0 0
1489238735.493727684 -0.000000000 -0.263943319 0 0 0 0 0
1489238735.525493145 -0.000000000 -0.475139181 0 0 0 0 0
1489238735.561358929 -0.000000000 -0.589147063 0 0 0 0 0
1489238735.594630480 -0.000000000 -0.272178746 0 0 0 0 0
1489238735.625991821 0.047985540 -0.144378535 0 0 0 0 0
1489238735.660912514 -0.043094532 -0.432208357 0 0 0 0 0
1489238735.691386223 -0.000000000 -0.841975802 0 0 0 0 0
1489238735.731166124 0.037830433 -0.075882617 0 0 0 0 0
1489238735.764134169 -0.000000000 -0.091561483 0 0 0 0 0
1489238735.797265291 -0.000000000 -0.728886384 0 0 0 0 0
1489238735.825944662 -0.000000000 -0.473640570 0 0 0 0 0
1489238735.862529516 -0.000000000 -0.165019273 0 0 0 0 0
1489238735.893053770 -0.000000000 -0.148337927 0 0 0 0 0
1489238735.925101519 -0.000000000 -0.612240188 0 0 0 0 0
1489238735.959287167 -0.000000000 -0.529801808 0 0 0 0 0
1489238735.992138147 0.045809618 0.137831639 0 0 0 0 0
1489238736.023618698 -0.047803830 -0.527383295 0 0 0 0 0
1489238736.061111212 -0.000000000 -0.402560768 0 0 0 0 0
1489238736.092817545 -0.000000000 -0.190410099 0 0 0 0 0
1489238736.126235962 -0.000000000 -0.225818822 0 0 0 0 0
1489238736.162802219 -0.000000000 -0.247654797 0 0 0 0 0
1489238736.193811178 -0.048530842 -0.535403872 0 0 0 0 0
1489238736.222530127 -0.000000000 -0.157662616 0 0 0 0 0
1489238736.266505957 -0.000000000 -0.102963481 0 0 0 0 0
1489238736.294013023 -0.054709247 -0.493826322 0 0 0 0 0
1489238736.325356960 -0.000000000 -0.433376114 0 0 0 0 0
1489238736.366678476 -0.000000000 -0.036525802 0 0 0 0 0
1489238736.396990061 -0.000000000 -0.199171576 0 0 0 0 0
1489238736.426101923 -0.000000000 -0.518448974 0 0 0 0 0
1489238736.462570667 -0.000000000 -0.289703163 0 0 0 0 0
1489238736.494148016 -0.000000000 -0.143390902 0 0 0 0 0
1489238736.527498484 -0.000000000 -0.000000000 0 0 0 0 0
1489238736.562186718 -0.000000000 -0.522125685 0 0 0 0 0
1489238736.593703985 -0.000000000 -0.287328498 0 0 0 0 0
1489238736.624209881 -0.000000000 -0.098951464 0 0 0 0 0
1489238736.661004305 -0.000000000 -0.205099217 0 0 0 0 0
1489238736.693265200 -0.000000000 -0.327489694 0 0 0 0 0
1489238736.724699736 -0.000000000 -0.240070588 0 0 0 0 0
1489238736.759838343 -0.000000000 -0.171811194 0 0 0 0 0
1489238736.791971207 -0.000000000 -0.234853250 0 0 0 0 0
1489238736.825417280 -0.000000000 -0.225632092 0 0 0 0 0
1489238736.862583876 -0.000000000 -0.243654522 0 0 0 0 0
1489238736.893919468 -0.000000000 -0.144497174 0 0 0 0 0
1489238736.926741123 -0.000000000 -0.229924648 0 0 0 0 0
1489238736.962024689 -0.000000000 -0.342210655 0 0 0 0 0
1489238736.994452477 -0.000000000 -0.186173848 0 0 0 0 0
1489238737.024459362 -0.000000000 -0.100597012 0 0 0 0 0
1489238737.060192108 -0.000000000 -0.253431657 0 0 0 0 0
1489238737.099741936 -0.000000000 -0.305296200 0 0 0 0 0
1489238737.130571604 -0.000000000 -0.048956139 0 0 0 0 0
1489238737.162972689 -0.000000000 -0.186327281 0 0 0 0 0
1489238737.194987297 -0.000000000 -0.282864902 0 0 0 0 0
1489238737.224372625 0.102424644 -0.308174507 0 0 0 0 0
1489238737.260962725 0.082256726 -0.000000000 0 0 0 0 0
1489238737.298848629 0.079443314 -0.239028452 0 0 0 0 0
1489238737.331227303 0.139433528 -0.279684374 0 0 0 0 0
1489238737.363581657 0.139538331 0.046649099 0 0 0 0 0
1489238737.396172762 0.184699588 -0.277861373 0 0 0 0 0
1489238737.426710606 0.197118161 -0.197695885 0 0 0 0 0
1489238737.463604927 0.163156913 -0.163635102 0 0 0 0 0
1489238737.493956327 0.247911279 -0.149182722 0 0 0 0 0
1489238737.526415110 0.185452539 -0.185996073 0 0 0 0 0
1489238737.561539412 0.214223602 -0.042970292 0 0 0 0 0
1489238737.593776941 0.186725336 -0.187272601 0 0 0 0 0
1489238737.623459339 0.253498876 -0.101696737 0 0 0 0 0
1489238737.661288977 0.198903690 0.039897329 0 0 0 0 0
1489238737.693764448 0.231696543 -0.139425367 0 0 0 0 0
1489238737.727960587 0.220038134 -0.044136607 0 0 0 0 0
1489238737.762065172 0.220628820 0.044255090 0 0 0 0 0
1489238737.794574499 0.231455253 -0.000000000 0 0 0 0 0
1489238737.825617552 0.242387711 -0.097239245 0 0 0 0 0
1489238737.862523556 0.244657899 -0.000000000 0 0 0 0 0
1489238737.891813278 0.308276918 0.257650361 0 0 0 0 0
1489238737.925091505 0.271328921 -0.090708049 0 0 0 0 0
1489238737.966266870 0.219289987 -0.073310898 0 0 0 0 0
1489238737.991236925 0.361606953 0.241777847 0 0 0 0 0
1489238738.022017479 0.293345774 -0.000000000 0 0 0 0 0
1489238738.066991806 0.234227768 -0.100677538 0 0 0 0 0
1489238738.095336914 0.371642128 0.053247337 0 0 0 0 0
1489238738.125762939 0.346224528 0.198422435 0 0 0 0 0
1489238738.160986185 0.299070573 -0.128548759 0 0 0 0 0
1489238738.192202091 0.337463735 -0.048350399 0 0 0 0 0
1489238738.225411892 0.317202634 0.181789891 0 0 0 0 0
1489238738.263362408 0.277578211 0.039770250 0 0 0 0 0
1489238738.294218540 0.341398465 -0.048914150 0 0 0 0 0
1489238738.327065706 0.274889631 -0.091898431 0 0 0 0 0
1489238738.361937046 0.302088659 0.259692031 0 0 0 0 0
1489238738.394594431 0.276487092 0.184864957 0 0 0 0 0
1489238738.424215317 0.304830363 -0.203815850 0 0 0 0 0
1489238738.460500956 0.248840744 0.041595010 0 0 0 0 0
1489238738.492703915 0.280388686 0.281210464 0 0 0 0 0
1489238738.526545048 0.266815693 0.089199230 0 0 0 0 0
1489238738.562278509 0.252685999 -0.168951056 0 0 0 0 0
1489238738.595050097 0.275523589 0.138165554 0 0 0 0 0
1489238738.624805212 0.303455228 0.304344611 0 0 0 0 0
1489238738.661349297 0.247080902 -0.082601687 0 0 0 0 0
1489238738.692289591 0.291831270 -0.097562195 0 0 0 0 0
1489238738.725662470 0.270559377 0.180901565 0 0 0 0 0
1489238738.765153408 0.228643476 0.152875731 0 0 0 0 0
1489238738.796276093 0.290121033 -0.096990445 0 0 0 0 0
1489238738.825831890 0.305501665 -0.000000000 0 0 0 0 0
1489238738.862452030 0.287662370 0.206075333 0 0 0 0 0
1489238738.891437292 0.311515052 -0.000000000 0 0 0 0 0
1489238738.922826767 0.287655190 -0.000000000 0 0 0 0 0
1489238738.959832907 0.243995873 0.081570330 0 0 0 0 0
1489238738.994099617 0.307418955 0.132137123 0 0 0 0 0
1489238739.025276899 0.289612971 0.096820595 0 0 0 0 0
1489238739.062496424 0.242597011 -0.162205352 0 0 0 0 0
1489238739.091048002 0.316246801 0.264311395 0 0 0 0 0
1489238739.123121023 0.328445402 0.235291448 0 0 0 0 0
1489238739.159388065 0.248968342 -0.124849016 0 0 0 0 0
1489238739.196122646 0.245799602 -0.164346669 0 0 0 0 0
1489238739.226321459 0.348829487 0.399830691 0 0 0 0 0
1489238739.261411905 0.257316343 0.172047000 0 0 0 0 0
1489238739.319096804 0.156528756 -0.209316691 0 0 0 0 0
1489238739.345306635 0.344502232 0.115170639 0 0 0 0 0
1489238739.367652416 0.471419465 0.607887162 0 0 0 0 0
1489238739.391160488 0.384095532 -0.000000000 0 0 0 0 0
1489238739.422799349 0.285387817 -0.286224246 0 0 0 0 0
1489238739.470606565 0.188869924 0.157852895 0 0 0 0 0
1489238739.497184992 0.396345371 0.340720287 0 0 0 0 0
1489238739.528387070 0.289382823 -0.241859134 0 0 0 0 0
1489238739.561927319 0.314077463 -0.089999422 0 0 0 0 0
1489238739.593482733 0.333832926 0.286981150 0 0 0 0 0
1489238739.624566317 0.338900312 -0.000000000 0 0 0 0 0
1489238739.663550138 0.308823676 -0.154864396 0 0 0 0 0
1489238739.695636988 0.328303854 -0.000000000 0 0 0 0 0
1489238739.726837635 0.385861454 0.241870223 0 0 0 0 0
1489238739.762013674 0.299471932 -0.042907091 0 0 0 0 0
1489238739.794187307 0.327418296 -0.187644520 0 0 0 0 0
1489238739.823992491 0.353436385 0.253194468 0 0 0 0 0
1489238739.861839533 0.278337109 0.159515928 0 0 0 0 0
1489238739.890628576 0.365911299 -0.209704989 0 0 0 0 0
1489238739.924920797 0.307190259 -0.000000000 0 0 0 0 0
1489238739.962145329 0.282991778 0.243275302 0 0 0 0 0
1489238739.993377447 0.337288559 -0.048325300 0 0 0 0 0
1489238740.024482965 0.338661332 -0.000000000 0 0 0 0 0
1489238740.068647861 0.238520572 0.136696938 0 0 0 0 0
1489238740.096574306 0.377213651 0.108091202 0 0 0 0 0
1489238740.127936840 0.335886010 0.048124349 0 0 0 0 0
1489238740.161340714 0.315359723 -0.090366856 0 0 0 0 0
1489238740.199778795 0.274057284 0.117797359 0 0 0 0 0
1489238740.225121975 0.415663559 0.238218176 0 0 0 0 0
1489238740.262725830 0.280137136 -0.160547529 0 0 0 0 0
1489238740.290715456 0.376362167 0.053923604 0 0 0 0 0
1489238740.324888706 0.308259712 0.220830840 0 0 0 0 0
1489238740.361570120 0.287181851 -0.041146220 0 0 0 0 0
1489238740.396388769 0.302545805 -0.000000000 0 0 0 0 0
1489238740.425540686 0.412978926 0.207094653 0 0 0 0 0
1489238740.462344885 0.327112868 0.041008948 0 0 0 0 0
1489238740.491657257 0.359378497 -0.051490255 0 0 0 0 0
1489238740.524916887 0.361974174 0.045379383 0 0 0 0 0
1489238740.560202599 0.341189868 0.171094922 0 0 0 0 0
1489238740.594949245 0.346483136 0.086874657 0 0 0 0 0
1489238740.625384092 0.346124175 0.049591231 0 0 0 0 0
1489238740.662537098 0.324041810 -0.000000000 0 0 0 0 0
1489238740.692421198 0.402860624 0.151515506 0 0 0 0 0
1489238740.724359274 0.329833152 0.236285603 0 0 0 0 0
1489238740.761389256 0.325118367 -0.163035621 0 0 0 0 0
1489238740.796757698 0.340391781 0.085347355 0 0 0 0 0
1489238740.826187372 0.409081225 0.461565205 0 0 0 0 0
1489238740.865923643 0.265103796 -0.000000000 0 0 0 0 0
1489238740.893970490 0.375594322 -0.269067953 0 0 0 0 0
1489238740.925530672 0.333782488 0.334760756 0 0 0 0 0
1489238740.961791754 0.332012356 0.249739077 0 0 0 0 0
1489238740.994494677 0.322119106 -0.230759421 0 0 0 0 0
1489238741.024710655 0.348631312 -0.000000000 0 0 0 0 0
1489238741.061046124 0.331332655 0.290765774 0 0 0 0 0
1489238741.092155457 0.338619804 0.097032071 0 0 0 0 0
1489238741.122409105 0.397939675 -0.199552989 0 0 0 0 0
1489238741.165961504 0.276428567 -0.000000000 0 0 0 0 0
1489238741.192773104 0.449026812 0.450342844 0 0 0 0 0
1489238741.222940207 0.399081318 -0.000000000 0 0 0 0 0
1489238741.261483669 0.312351987 -0.156633722 0 0 0 0 0
1489238741.292098522 0.393244652 0.197198597 0 0 0 0 0
1489238741.324988365 0.366043923 -0.000000000 0 0 0 0 0
1489238741.359068871 0.353255535 0.088572719 0 0 0 0 0
1489238741.391301155 0.373511445 0.093651538 0 0 0 0 0
1489238741.425038815 0.356845358 -0.089472805 0 0 0 0 0
1489238741.463572264 0.312433157 0.117505820 0 0 0 0 0
1489238741.491491556 0.431211757 0.108118894 0 0 0 0 0
1489238741.524584293 0.363799679 -0.000000000 0 0 0 0 0
1489238741.559731960 0.342529909 -0.000000000 0 0 0 0 0
1489238741.591925621 0.373959559 -0.000000000 0 0 0 0 0
1489238741.622241259 0.397125976 0.049786237 0 0 0 0 0
1489238741.666821480 0.270055348 0.067711710 0 0 0 0 0
1489238741.691301107 0.491801892 -0.000000000 0 0 0 0 0
1489238741.724534035 0.362265022 -0.000000000 0 0 0 0 0
1489238741.760007620 0.339382871 -0.000000000 0 0 0 0 0
1489238741.790989637 0.388584351 0.097430809 0 0 0 0 0
1489238741.821843863 0.390193794 -0.000000000 0 0 0 0 0
1489238741.858596325 0.327573348 -0.082133354 0 0 0 0 0
1489238741.890387774 0.378690739 0.142425235 0 0 0 0 0
1489238741.923657417 0.316632073 -0.000000000 0 0 0 0 0
1489238741.966641903 0.280080754 -0.000000000 0 0 0 0 0
1489238741.998010159 0.335824739 -0.000000000 0 0 0 0 0
1489238742.026875257 0.417082484 -0.000000000 0 0 0 0 0
1489238742.061767340 0.345038943 -0.000000000 0 0 0 0 0
1489238742.098006487 0.332213313 -0.041648373 0 0 0 0 0
1489238742.127936602 0.402241263 0.100855043 0 0 0 0 0
1489238742.165292501 0.322281814 -0.080806594 0 0 0 0 0
1489238742.192352057 0.444912237 0.111554052 0 0 0 0 0
1489238742.223685265 0.384228999 0.096338779 0 0 0 0 0
1489238742.266366005 0.282074000 -0.141450359 0 0 0 0 0
1489238742.297409296 0.436294529 -0.145857748 0 0 0 0 0
1489238742.368047953 0.170432561 0.170932074 0 0 0 0 0
1489238742.397882938 0.857488100 -0.455294791 0 0 0 0 0
1489238742.427152395 0.411320484 0.154697251 0 0 0 0 0
1489238742.461813927 0.390750711 0.174175975 0 0 0 0 0
1489238742.491265059 0.459881072 -0.153742972 0 0 0 0 0
1489238742.526128292 0.345324456 -0.086584138 0 0 0 0 0
1489238742.563542128 0.362005602 0.040340732 0 0 0 0 0
1489238742.592870712 0.410491243 -0.051461791 0 0 0 0 0
1489238742.625237226 0.418457730 0.139894723 0 0 0 0 0
1489238742.659895897 0.347362637 -0.174190353 0 0 0 0 0
1489238742.696850061 0.366508572 -0.040842528 0 0 0 0 0
1489238742.731986761 0.385466426 0.085910260 0 0 0 0 0
1489238742.764224529 0.420128899 -0.046817804 0 0 0 0 0
1489238742.799172163 0.430613101 -0.086375033 0 0 0 0 0
1489238742.827120781 0.484604215 0.054002724 0 0 0 0 0
1489238742.860203981 0.409392618 -0.000000000 0 0 0 0 0
1489238742.892597437 0.371653069 -0.093185582 0 0 0 0 0
1489238742.926332235 0.401485074 0.044740196 0 0 0 0 0
1489238742.962405205 0.375461690 0.083680469 0 0 0 0 0
1489238742.992453814 0.400655060 -0.000000000 0 0 0 0 0
1489238743.023968220 0.382019800 -0.000000000 0 0 0 0 0
1489238743.060125113 0.374590210 -0.000000000 0 0 0 0 0
1489238743.094396591 0.351287065 0.176158318 0 0 0 0 0
1489238743.125695705 0.384647536 -0.144665580 0 0 0 0 0
1489238743.160259962 0.391850407 -0.000000000 0 0 0 0 0
1489238743.192340374 0.422189656 0.235237240 0 0 0 0 0
1489238743.225220203 0.366155402 -0.091807137 0 0 0 0 0
1489238743.259749651 0.392245432 -0.087421121 0 0 0 0 0
1489238743.295648813 0.377279502 0.252256835 0 0 0 0 0
1489238743.323318481 0.489489717 0.218188595 0 0 0 0 0
1489238743.366961956 0.275851712 -0.138330096 0 0 0 0 0
1489238743.394044876 0.500094451 -0.000000000 0 0 0 0 0
1489238743.424188852 0.399387495 0.350488286 0 0 0 0 0
1489238743.465824366 0.289155248 -0.072500680 0 0 0 0 0
1489238743.494589806 0.418527482 -0.104938531 0 0 0 0 0
1489238743.523228168 0.420384615 0.263510438 0 0 0 0 0
1489238743.561926365 0.311103056 0.039001857 0 0 0 0 0
1489238743.593072653 0.386534896 -0.096916943 0 0 0 0 0
1489238743.624378681 0.384562584 0.096422420 0 0 0 0 0
1489238743.660358667 0.376431997 -0.083896725 0 0 0 0 0
1489238743.693928719 0.403455389 0.224798810 0 0 0 0 0
1489238743.723760605 0.403565737 0.101187132 0 0 0 0 0
1489238743.767942667 0.306550156 -0.273287653 0 0 0 0 0
1489238743.799444914 0.429938160 0.335376413 0 0 0 0 0
1489238743.828860521 0.460436456 -0.051309548 0 0 0 0 0
1489238743.862193346 0.406326742 -0.090559472 0 0 0 0 0
1489238743.894461393 0.419734666 0.093547744 0 0 0 0 0
1489238743.923527479 0.465973236 0.051926548 0 0 0 0 0
1489238743.961700439 0.354806595 -0.118615494 0 0 0 0 0
1489238743.995378733 0.446842981 0.089630522 0 0 0 0 0
1489238744.028097868 0.459942135 0.092258032 0 0 0 0 0
1489238744.063071728 0.430290195 -0.086310262 0 0 0 0 0
1489238744.094322443 0.433398658 -0.000000000 0 0 0 0 0
1489238744.123328686 0.518816211 0.052033678 0 0 0 0 0
1489238744.160316706 0.406859004 0.122415434 0 0 0 0 0
1489238744.197254419 0.366671803 -0.163442873 0 0 0 0 0
1489238744.226379633 0.516696947 -0.155463393 0 0 0 0 0
1489238744.259407282 0.410081205 0.228490607 0 0 0 0 0
1489238744.292226076 0.412690910 -0.137966815 0 0 0 0 0
1489238744.324069738 0.425328530 -0.142191702 0 0 0 0 0
1489238744.364741802 0.333005429 0.037109047 0 0 0 0 0
1489238744.390954494 0.516696947 -0.057579034 0 0 0 0 0
1489238744.430728436 0.340524919 0.037946994 0 0 0 0 0
1489238744.459617376 0.468830552 -0.156734875 0 0 0 0 0
1489238744.497044563 0.361876464 0.080652682 0 0 0 0 0
1489238744.524936676 0.485585950 -0.108224251 0 0 0 0 0
1489238744.562693596 0.358716180 -0.039974169 0 0 0 0 0
1489238744.591587305 0.468753180 -0.052236336 0 0 0 0 0
1489238744.624873400 0.406897180 -0.000000000 0 0 0 0 0
1489238744.660479069 0.380389371 -0.000000000 0 0 0 0 0
1489238744.694819450 0.394404995 -0.087902431 0 0 0 0 0
1489238744.724704981 0.453196508 -0.000000000 0 0 0 0 0
1489238744.768965483 0.306006879 -0.034100416 0 0 0 0 0
1489238744.796246529 0.496462566 -0.165972542 0 0 0 0 0
1489238744.826593161 0.446310419 -0.049735388 0 0 0 0 0
1489238744.861663818 0.343282047 0.172144078 0 0 0 0 0
1489238744.894512415 0.366503547 -0.091894429 0 0 0 0 0
1489238744.925237417 0.391834866 -0.147368729 0 0 0 0 0
1489238744.961957216 0.368847826 0.041103207 0 0 0 0 0
1489238744.992010117 0.400597847 0.251107463 0 0 0 0 0
1489238745.026994944 0.344124244 -0.129424808 0 0 0 0 0
1489238745.060877800 0.355316182 -0.311812866 0 0 0 0 0
1489238745.092589378 0.379644527 0.285567907 0 0 0 0 0
1489238745.131187201 0.350901095 0.039103282 0 0 0 0 0
1489238745.166156769 0.301240101 -0.215802137 0 0 0 0 0
1489238745.195600271 0.460000236 -0.102521873 0 0 0 0 0
1489238745.226913214 0.384477670 0.289203388 0 0 0 0 0
1489238745.261533499 0.391216249 -0.348766975 0 0 0 0 0
1489238745.293708563 0.374175701 -0.000000000 0 0 0 0 0
1489238745.325435638 0.426891474 0.190285613 0 0 0 0 0
1489238745.362480640 0.365609862 -0.081484758 0 0 0 0 0
1489238745.395371199 0.366035963 -0.275331571 0 0 0 0 0
1489238745.426966906 0.428666403 -0.000000000 0 0 0 0 0
1489238745.460829020 0.399975562 0.222859906 0 0 0 0 0
1489238745.497721195 0.326332805 -0.122733464 0 0 0 0 0
1489238745.525518417 0.433105405 -0.217187387 0 0 0 0 0
1489238745.567756414 0.320659572 -0.000000000 0 0 0 0 0
1489238745.595339060 0.491034049 0.218876977 0 0 0 0 0
1489238745.626930952 0.381082813 -0.191099855 0 0 0 0 0
1489238745.663032532 0.333479235 -0.209035383 0 0 0 0 0
1489238745.693535328 0.394689297 0.197923036 0 0 0 0 0
1489238745.724225998 0.441307344 0.147533584 0 0 0 0 0
1489238745.767498493 0.278216615 -0.209274020 0 0 0 0 0
1489238745.790457010 0.524386097 -0.394442247 0 0 0 0 0
1489238745.824210882 0.401258205 0.268289489 0 0 0 0 0
1489238745.858231306 0.353879399 0.177458284 0 0 0 0 0
1489238745.890341520 0.374931387 -0.235018910 0 0 0 0 0
1489238745.922031403 0.379904446 -0.190508945 0 0 0 0 0
1489238745.958792925 0.368429195 0.164226225 0 0 0 0 0
1489238745.991338491 0.369916042 0.185500106 0 0 0 0 0
1489238746.023983002 0.368794847 -0.323641264 0 0 0 0 0
1489238746.059688568 0.337177879 -0.084541525 0 0 0 0 0
1489238746.092048883 0.372033679 0.186562028 0 0 0 0 0
1489238746.123979807 0.377036611 0.094535412 0 0 0 0 0
1489238746.161569118 0.320280597 -0.200762058 0 0 0 0 0
1489238746.194185972 0.369107556 -0.000000000 0 0 0 0 0
1489238746.225650072 0.382630592 0.287814019 0 0 0 0 0
1489238746.260357141 0.303518460 -0.086973722 0 0 0 0 0
1489238746.294273615 0.310593503 -0.089001088 0 0 0 0 0
1489238746.324767828 0.394800388 0.197978745 0 0 0 0 0
1489238746.362048864 0.242196737 0.161937720 0 0 0 0 0
1489238746.391594172 0.356545160 -0.255421530 0 0 0 0 0
1489238746.425163269 0.313807551 0.269766235 0 0 0 0 0
1489238746.461143494 0.292778502 0.251688508 0 0 0 0 0
1489238746.493470192 0.279315422 -0.326823063 0 0 0 0 0
1489238746.524367571 0.340942715 0.195395410 0 0 0 0 0
1489238746.561990738 0.239994293 0.320930241 0 0 0 0 0
1489238746.591816187 0.353196234 -0.151813457 0 0 0 0 0
1489238746.630462646 0.233639652 -0.000000000 0 0 0 0 0
1489238746.663018227 0.277351696 0.185443049 0 0 0 0 0
1489238746.693778753 0.342459555 0.294397074 0 0 0 0 0
1489238746.725046396 0.240646680 0.048270396 0 0 0 0 0
1489238746.768557549 0.207517956 -0.034687693 0 0 0 0 0
1489238746.794516087 0.347837207 0.348856667 0 0 0 0 0
1489238746.825536251 0.242566556 0.243277483 0 0 0 0 0
1489238746.867173433 0.180714786 0.072497774 0 0 0 0 0
1489238746.895360470 0.213557874 -0.000000000 0 0 0 0 0
1489238746.924881935 0.254880793 0.204502249 0 0 0 0 0
1489238746.961166382 0.165899280 0.291174636 0 0 0 0 0
1489238746.991499424 0.198449056 -0.000000000 0 0 0 0 0
1489238747.025691986 0.176048919 -0.088282446 0 0 0 0 0
1489238747.061662197 0.167348576 0.461557387 0 0 0 0 0
1489238747.094623327 0.182626128 -0.000000000 0 0 0 0 0
1489238747.125303745 0.196202137 -0.196777177 0 0 0 0 0
1489238747.161997318 0.164049535 0.329060680 0 0 0 0 0
1489238747.192527056 0.197170499 0.296622566 0 0 0 0 0
1489238747.225395918 0.183138788 -0.045918885 0 0 0 0 0
1489238747.260370255 0.172113731 0.129463629 0 0 0 0 0
1489238747.294414759 0.176814547 0.265999147 0 0 0 0 0
1489238747.323450565 0.207315183 0.207922794 0 0 0 0 0
1489238747.358540535 0.171546560 -0.000000000 0 0 0 0 0
1489238747.397637844 0.153963629 0.077207437 0 0 0 0 0
1489238747.427355528 0.202558302 0.304727957 0 0 0 0 0
1489238747.466079950 0.155446181 0.233852656 0 0 0 0 0
1489238747.496561766 0.197480482 -0.000000000 0 0 0 0 0
1489238747.535164595 0.155935815 -0.000000000 0 0 0 0 0
1489238747.564455748 0.256884886 0.515275555 0 0 0 0 0
1489238747.594036341 0.254371319 0.051023369 0 0 0 0 0
1489238747.632529736 0.195473912 0.039209363 0 0 0 0 0
1489238747.661950588 0.255752427 0.205201600 0 0 0 0 0
1489238747.693942070 0.282242174 0.377425846 0 0 0 0 0
1489238747.723500967 0.254558026 -0.051060820 0 0 0 0 0
1489238747.761312723 0.238797303 0.079832394 0 0 0 0 0
1489238747.791821718 0.295956827 0.148412116 0 0 0 0 0
1489238747.824894667 0.273013015 0.182542117 0 0 0 0 0
1489238747.860227585 0.298142265 0.085433165 0 0 0 0 0
1489238747.891961575 0.284532309 -0.000000000 0 0 0 0 0
1489238747.925059080 0.318278858 -0.045601669 0 0 0 0 0
1489238747.962031126 0.284924353 0.163291100 0 0 0 0 0
1489238747.992573500 0.344905618 0.098833282 0 0 0 0 0
1489238748.026128769 0.269088748 -0.089959136 0 0 0 0 0
1489238748.061639071 0.296652965 -0.000000000 0 0 0 0 0
1489238748.093985796 0.279142486 0.279960612 0 0 0 0 0
1489238748.124861002 0.292446482 -0.097767867 0 0 0 0 0
1489238748.162116289 0.242364133 -0.000000000 0 0 0 0 0
1489238748.192879438 0.293511737 0.343433973 0 0 0 0 0
1489238748.230714798 0.238648330 -0.039891296 0 0 0 0 0
1489238748.261177301 0.296408514 -0.099092415 0 0 0 0 0
1489238748.290861368 0.304181548 0.152536530 0 0 0 0 0
1489238748.322262049 0.287552538 0.048065885 0 0 0 0 0
1489238748.367671251 0.198843954 0.132951157 0 0 0 0 0
1489238748.396280766 0.315606385 -0.105510460 0 0 0 0 0
1489238748.426597118 0.297837455 0.099570124 0 0 0 0 0
1489238748.459501028 0.274415577 0.091739950 0 0 0 0 0
1489238748.492794752 0.226002188 0.045332913 0 0 0 0 0
1489238748.522946119 0.249555996 -0.150172445 0 0 0 0 0
1489238748.559004068 0.208676718 0.251145983 0 0 0 0 0
1489238748.598640919 0.189834823 0.076156480 0 0 0 0 0
1489238748.630221605 0.190609016 -0.095583831 0 0 0 0 0
1489238748.663407564 0.181388870 0.090960247 0 0 0 0 0
1489238748.694830894 0.191563514 -0.000000000 0 0 0 0 0
1489238748.724651814 0.151392809 0.101224346 0 0 0 0 0
1489238748.761576176 0.122268129 -0.122626479 0 0 0 0 0
1489238748.793223858 0.095102756 0.143072232 0 0 0 0 0
1489238748.825304031 0.093820621 0.235238988 0 0 0 0 0
1489238748.859575987 0.043910272 -0.044038967 0 0 0 0 0
1489238748.893069029 0.044931449 -0.000000000 0 0 0 0 0
1489238748.924575329 -0.000000000 0.239523764 0 0 0 0 0
1489238748.963442564 -0.000000000 0.155328930 0 0 0 0 0
1489238748.994506836 -0.000000000 -0.000000000 0 0 0 0 0
1489238749.026394844 -0.000000000 0.141993959 0 0 0 0 0
1489238749.061860561 -0.000000000 0.170226531 0 0 0 0 0
1489238749.094222784 -0.000000000 0.279826548 0 0 0 0 0
1489238749.125192404 -0.000000000 -0.097469812 0 0 0 0 0
1489238749.163548708 -0.000000000 0.157398012 0 0 0 0 0
1489238749.193115473 -0.000000000 0.255236161 0 0 0 0 0
1489238749.223798752 -0.000000000 -0.000000000 0 0 0 0 0
1489238749.258584499 -0.000000000 0.086777006 0 0 0 0 0
1489238749.291288376 0.046015673 0.230752692 0 0 0 0 0
1489238749.324060440 -0.000000000 0.230272573 0 0 0 0 0
1489238749.361105204 -0.000000000 0.122227924 0 0 0 0 0
1489238749.391787291 -0.000000000 0.245958091 0 0 0 0 0
1489238749.424596071 0.045868541 0.322020823 0 0 0 0 0
1489238749.462134361 -0.000000000 0.402069862 0 0 0 0 0
1489238749.495959282 -0.000000000 0.089241984 0 0 0 0 0
1489238749.526753664 -0.000000000 -0.000000000 0 0 0 0 0
1489238749.563135386 -0.000000000 0.622277388 0 0 0 0 0
1489238749.591581821 -0.000000000 0.318345999 0 0 0 0 0
1489238749.623867512 -0.000000000 -0.000000000 0 0 0 0 0
1489238749.660756826 -0.000000000 0.327314622 0 0 0 0 0
1489238749.700124979 -0.000000000 0.460057608 0 0 0 0 0
1489238749.728413343 -0.000000000 0.320124873 0 0 0 0 0
1489238749.762418509 -0.000000000 0.133153435 0 0 0 0 0
1489238749.792080164 -0.000000000 0.407071416 0 0 0 0 0
1489238749.825980425 -0.000000000 0.489740083 0 0 0 0 0
1489238749.862772942 -0.000000000 0.328175758 0 0 0 0 0
1489238749.896656513 -0.000000000 0.089087510 0 0 0 0 0
1489238749.925751925 -0.000000000 0.570616323 0 0 0 0 0
1489238749.962540388 -0.000000000 0.492317872 0 0 0 0 0
1489238749.993202925 -0.049079139 0.246114913 0 0 0 0 0
1489238750.026429176 -0.000000000 0.181699883 0 0 0 0 0
1489238750.063393831 -0.000000000 0.653294998 0 0 0 0 0
1489238750.096253872 -0.000000000 0.275587275 0 0 0 0 0
1489238750.124695539 -0.000000000 0.212266247 0 0 0 0 0
1489238750.161559343 -0.000000000 0.450369058 0 0 0 0 0
1489238750.190800190 -0.000000000 0.619394450 0 0 0 0 0
1489238750.223417282 -0.000000000 0.277639988 0 0 0 0 0
1489238750.258946419 -0.000000000 0.212403347 0 0 0 0 0
1489238750.294457912 -0.000000000 0.595024848 0 0 0 0 0
1489238750.324585438 -0.000000000 0.400776763 0 0 0 0 0
1489238750.362068415 -0.000000000 0.241597915 0 0 0 0 0
1489238750.393227100 -0.000000000 0.339074333 0 0 0 0 0
1489238750.425524950 -0.000000000 0.514037832 0 0 0 0 0
1489238750.460882664 -0.000000000 0.512239515 0 0 0 0 0
1489238750.493460894 -0.046193145 0.185314121 0 0 0 0 0
1489238750.523551702 -0.000000000 0.501582233 0 0 0 0 0
1489238750.561690331 -0.000000000 0.554037264 0 0 0 0 0
1489238750.593793392 -0.000000000 0.235071272 0 0 0 0 0
1489238750.628485918 -0.000000000 0.261030549 0 0 0 0 0
1489238750.661966085 -0.000000000 0.540965578 0 0 0 0 0
1489238750.694343090 -0.000000000 0.419548187 0 0 0 0 0
1489238750.725024939 -0.000000000 0.393536004 0 0 0 0 0
1489238750.761266470 -0.041523932 0.333165063 0 0 0 0 0
1489238750.792329550 -0.000000000 0.534471041 0 0 0 0 0
1489238750.829268694 -0.000000000 0.367732223 0 0 0 0 0
1489238750.866729736 -0.000000000 0.282029273 0 0 0 0 0
1489238750.893341780 -0.000000000 0.510434820 0 0 0 0 0
1489238750.923650742 -0.000000000 0.647363631 0 0 0 0 0
1489238750.961104155 -0.040180341 0.443279137 0 0 0 0 0
1489238750.991501331 -0.000000000 0.198610749 0 0 0 0 0
1489238751.024862528 -0.000000000 0.497653512 0 0 0 0 0
1489238751.060267210 -0.000000000 0.468929972 0 0 0 0 0
1489238751.092969894 -0.000000000 0.415369987 0 0 0 0 0
1489238751.124473095 -0.000000000 0.287456795 0 0 0 0 0
1489238751.162242174 -0.000000000 0.559458202 0 0 0 0 0
1489238751.192705154 -0.000000000 0.644090612 0 0 0 0 0
1489238751.225217104 -0.000000000 0.185691911 0 0 0 0 0
1489238751.261209965 -0.000000000 0.503200293 0 0 0 0 0
1489238751.301101923 -0.000000000 0.454016772 0 0 0 0 0
1489238751.330919027 -0.050470726 0.607423776 0 0 0 0 0
1489238751.366318703 -0.000000000 0.170544107 0 0 0 0 0
1489238751.393765450 -0.000000000 0.714872321 0 0 0 0 0
1489238751.430795670 -0.000000000 0.570620999 0 0 0 0 0
1489238751.463728666 -0.000000000 0.183317846 0 0 0 0 0
1489238751.494337559 -0.000000000 0.591710992 0 0 0 0 0
1489238751.525572062 -0.000000000 0.483216115 0 0 0 0 0
1489238751.561385393 -0.000000000 0.421435661 0 0 0 0 0
1489238751.593037605 -0.000000000 0.524523105 0 0 0 0 0
1489238751.625403166 -0.000000000 0.419696534 0 0 0 0 0
1489238751.667150736 -0.000000000 0.433836463 0 0 0 0 0
1489238751.699130297 -0.000000000 0.566349807 0 0 0 0 0
1489238751.727344275 -0.053338487 0.534948145 0 0 0 0 0
1489238751.761278152 -0.000000000 0.400299477 0 0 0 0 0
1489238751.790002823 -0.000000000 0.735612309 0 0 0 0 0
1489238751.823403835 -0.000000000 0.361498386 0 0 0 0 0
1489238751.865685701 -0.000000000 0.499746655 0 0 0 0 0
1489238751.894845247 -0.000000000 0.621121405 0 0 0 0 0
1489238751.923483133 -0.000000000 0.421623721 0 0 0 0 0
1489238751.967177153 -0.000000000 0.345425194 0 0 0 0 0
1489238751.994687080 -0.000000000 0.768094388 0 0 0 0 0
1489238752.024316549 -0.000000000 0.662209629 0 0 0 0 0
1489238752.058508635 -0.000000000 0.397276547 0 0 0 0 0
1489238752.099292040 -0.000000000 0.333069627 0 0 0 0 0
1489238752.124907017 -0.000000000 0.824916658 0 0 0 0 0
1489238752.160771608 -0.000000000 0.462916650 0 0 0 0 0
1489238752.192126513 -0.047995391 0.385088470 0 0 0 0 0
1489238752.224120378 -0.000000000 0.754795440 0 0 0 0 0
1489238752.259187460 -0.042914632 0.516484902 0 0 0 0 0
1489238752.292473793 -0.000000000 0.226714896 0 0 0 0 0
1489238752.324113846 -0.047562844 0.572426924 0 0 0 0 0
1489238752.361947775 -0.000000000 0.678177665 0 0 0 0 0
1489238752.393718719 -0.047366892 0.427551455 0 0 0 0 0
1489238752.425412893 -0.047481626 0.285724724 0 0 0 0 0
1489238752.458934546 -0.000000000 0.630345455 0 0 0 0 0
1489238752.491464615 -0.046261534 0.881545267 0 0 0 0 0
1489238752.524222851 -0.000000000 0.184295823 0 0 0 0 0
1489238752.562451601 -0.039365422 0.236884779 0 0 0 0 0
1489238752.591548204 -0.000000000 0.933697545 0 0 0 0 0
1489238752.623181820 -0.000000000 0.572543411 0 0 0 0 0
1489238752.658120155 -0.043072770 0.302393072 0 0 0 0 0
1489238752.690690279 -0.000000000 0.417060547 0 0 0 0 0
1489238752.721443892 -0.000000000 0.638003734 0 0 0 0 0
1489238752.759302139 -0.000000000 0.558140495 0 0 0 0 0
1489238752.790871143 -0.047669888 0.191238407 0 0 0 0 0
1489238752.829344511 -0.000000000 0.392297737 0 0 0 0 0
1489238752.861507654 -0.000000000 0.656970030 0 0 0 0 0
1489238752.894228458 -0.000000000 0.415139967 0 0 0 0 0
1489238752.926016331 -0.000000000 0.284882516 0 0 0 0 0
1489238752.963343143 -0.000000000 0.566086938 0 0 0 0 0
1489238752.993859291 -0.000000000 0.544050213 0 0 0 0 0
1489238753.025435686 -0.047658730 0.143395233 0 0 0 0 0
1489238753.061293602 -0.000000000 0.589276332 0 0 0 0 0
1489238753.094685316 -0.000000000 0.632798336 0 0 0 0 0
1489238753.124831915 -0.000000000 0.250326997 0 0 0 0 0
1489238753.162372112 -0.040087453 0.160819773 0 0 0 0 0
1489238753.192109346 -0.000000000 0.761319044 0 0 0 0 0
1489238753.224733353 -0.000000000 0.740216390 0 0 0 0 0
1489238753.262916565 -0.000000000 -0.000000000 0 0 0 0 0
1489238753.296065331 -0.000000000 0.364249222 0 0 0 0 0
1489238753.327815056 -0.000000000 0.808136933 0 0 0 0 0
1489238753.362890959 -0.000000000 0.473325423 0 0 0 0 0
1489238753.393426895 -0.000000000 -0.049427058 0 0 0 0 0
1489238753.430268764 -0.000000000 0.409670176 0 0 0 0 0
1489238753.461719275 -0.000000000 0.863815154 0 0 0 0 0
1489238753.493566751 -0.047253065 0.189566227 0 0 0 0 0
1489238753.525157690 -0.000000000 0.095552812 0 0 0 0 0
1489238753.563491344 -0.000000000 0.511845790 0 0 0 0 0
1489238753.593543291 -0.000000000 0.703123208 0 0 0 0 0
1489238753.625553370 -0.000000000 0.141452466 0 0 0 0 0
1489238753.661482334 -0.000000000 0.168031729 0 0 0 0 0
1489238753.694499731 -0.000000000 0.731396972 0 0 0 0 0
1489238753.723522186 -0.000000000 0.416036892 0 0 0 0 0
1489238753.761613131 -0.000000000 0.118870892 0 0 0 0 0
1489238753.791626930 -0.000000000 0.603443027 0 0 0 0 0
1489238753.829476118 -0.000000000 0.558274096 0 0 0 0 0
1489238753.858603001 -0.000000000 0.155454485 0 0 0 0 0
1489238753.890373230 -0.000000000 0.237533934 0 0 0 0 0
1489238753.928277254 -0.000000000 0.477828371 0 0 0 0 0
1489238753.962429523 -0.000000000 0.530319608 0 0 0 0 0
1489238753.990717411 -0.053199126 0.480195403 0 0 0 0 0
1489238754.023244619 -0.046265603 -0.046401200 0 0 0 0 0
1489238754.059756756 -0.000000000 0.661391704 0 0 0 0 0
1489238754.100176811 -0.000000000 0.522765764 0 0 0 0 0
1489238754.125388384 -0.000000000 -0.000000000 0 0 0 0 0
1489238754.162290335 -0.000000000 0.368102858 0 0 0 0 0
1489238754.192142963 -0.000000000 0.606700947 0 0 0 0 0
1489238754.223117113 -0.000000000 0.389822229 0 0 0 0 0
1489238754.258393764 -0.042659687 0.299493012 0 0 0 0 0
1489238754.291143179 -0.000000000 0.184345465 0 0 0 0 0
1489238754.323841572 -0.000000000 0.646215892 0 0 0 0 0
1489238754.368338585 -0.000000000 0.271353316 0 0 0 0 0
1489238754.396111488 -0.054185581 -0.000000000 0 0 0 0 0
1489238754.426786184 -0.000000000 0.541238179 0 0 0 0 0
1489238754.465509892 -0.000000000 0.467713952 0 0 0 0 0
1489238754.496080399 -0.000000000 -0.000000000 0 0 0 0 0
1489238754.526200771 -0.000000000 0.300653950 0 0 0 0 0
1489238754.562340498 -0.000000000 0.501155371 0 0 0 0 0
1489238754.592544317 -0.000000000 0.199882206 0 0 0 0 0
1489238754.625479698 -0.000000000 0.412435296 0 0 0 0 0
1489238754.660876036 -0.042515441 0.469040521 0 0 0 0 0
1489238754.694920540 -0.044203637 -0.044333191 0 0 0 0 0
1489238754.724257946 -0.051295976 0.411570539 0 0 0 0 0
1489238754.761811733 -0.000000000 0.401903941 0 0 0 0 0
1489238754.792495489 -0.098090397 0.049188943 0 0 0 0 0
1489238754.824799299 -0.093171108 0.140166269 0 0 0 0 0
1489238754.861433268 -0.041079112 0.494394108 0 0 0 0 0
1489238754.893927097 -0.092626256 0.185795460 0 0 0 0 0
1489238754.924729586 -0.146568441 -0.097998674 0 0 0 0 0
1489238754.961921692 -0.080925285 0.365231092 0 0 0 0 0
1489238754.993680954 -0.142152947 0.475231920 0 0 0 0 0
1489238755.026630402 -0.182690880 -0.045806580 0 0 0 0 0
1489238755.063548565 -0.163051545 0.081764713 0 0 0 0 0
1489238755.095243454 -0.189922216 0.476197126 0 0 0 0 0
1489238755.123699665 -0.211537775 0.106078881 0 0 0 0 0
1489238755.159399748 -0.210768544 -0.084554510 0 0 0 0 0
1489238755.190219879 -0.244140896 0.293827725 0 0 0 0 0
1489238755.223882675 -0.223524346 0.224179463 0 0 0 0 0
1489238755.265253067 -0.218256221 -0.072965299 0 0 0 0 0
1489238755.294064999 -0.313389102 -0.052384600 0 0 0 0 0
1489238755.324334383 -0.248583003 0.249311563 0 0 0 0 0
1489238755.362149000 -0.238779235 0.039913177 0 0 0 0 0
1489238755.393518686 -0.335809425 -0.144340129 0 0 0 0 0
1489238755.425748348 -0.280156379 0.187318317 0 0 0 0 0
1489238755.459227085 -0.359605179 0.135247173 0 0 0 0 0
1489238755.491236687 -0.376109872 -0.000000000 0 0 0 0 0
1489238755.522431612 -0.385932232 0.193531671 0 0 0 0 0
1489238755.566750526 -0.305603561 0.136221884 0 0 0 0 0
1489238755.591312408 -0.612693642 0.122897871 0 0 0 0 0
1489238755.624558449 -0.452652671 0.181591732 0 0 0 0 0
1489238755.659616947 -0.429251384 0.129152837 0 0 0 0 0
1489238755.693554878 -0.443424466 0.088944816 0 0 0 0 0
1489238755.724054337 -0.542757176 0.148458523 0 0 0 0 0
1489238755.761791706 -0.438658021 0.039994878 0 0 0 0 0
1489238755.794348955 -0.462229131 -0.000000000 0 0 0 0 0
1489238755.826423645 -0.516101634 0.094111682 0 0 0 0 0
1489238755.859476089 -0.500834359 -0.045663839 0 0 0 0 0
1489238755.891227484 -0.521356628 0.047534968 0 0 0 0 0
1489238755.924537420 -0.496962816 0.090621698 0 0 0 0 0
1489238755.963277340 -0.427305993 -0.077919703 0 0 0 0 0
1489238755.992746115 -0.561740349 -0.051216975 0 0 0 0 0
1489238756.031892538 -0.422868769 0.192776425 0 0 0 0 0
1489238756.066713095 -0.475403079 -0.043345129 0 0 0 0 0
1489238756.097804785 -0.580820493 -0.000000000 0 0 0 0 0
1489238756.125751734 -0.592329411 0.270029746 0 0 0 0 0
1489238756.163727760 -0.475528706 -0.079487068 0 0 0 0 0
1489238756.192414761 -0.629507811 0.105225468 0 0 0 0 0
1489238756.224856138 -0.556656100 0.046523965 0 0 0 0 0
1489238756.260519505 -0.506365288 -0.042320781 0 0 0 0 0
1489238756.293275595 -0.551307884 0.092153948 0 0 0 0 0
1489238756.324909210 -0.570870274 0.095423902 0 0 0 0 0
1489238756.362743378 -0.477311699 -0.119677657 0 0 0 0 0
1489238756.393237114 -0.592209842 0.197981841 0 0 0 0 0
1489238756.426112890 -0.503525748 0.183636912 0 0 0 0 0
1489238756.461420536 -0.511466860 -0.128241474 0 0 0 0 0
1489238756.492973328 -0.572332584 0.095668334 0 0 0 0 0
1489238756.528256655 -0.469167769 0.128329863 0 0 0 0 0
1489238756.562499762 -0.527367182 0.088152136 0 0 0 0 0
1489238756.591517687 -0.622328805 -0.260063650 0 0 0 0 0
1489238756.630718946 -0.422277243 0.154005409 0 0 0 0 0
1489238756.659623861 -0.572698447 0.313296514 0 0 0 0 0
1489238756.691802502 -0.561201174 -0.187615324 0 0 0 0 0
1489238756.723296642 -0.573398429 -0.095846496 0 0 0 0 0
1489238756.760364532 -0.446580579 0.285020553 0 0 0 0 0
1489238756.790422440 -0.600796678 0.050213127 0 0 0 0 0
1489238756.823397160 -0.502014872 -0.228857365 0 0 0 0 0
1489238756.859006643 -0.464870538 0.169539275 0 0 0 0 0
1489238756.897233725 -0.433038550 0.118447561 0 0 0 0 0
1489238756.922841787 -0.705195505 -0.000000000 0 0 0 0 0
1489238756.961664677 -0.465155764 -0.077753178 0 0 0 0 0
1489238756.996845484 -0.470534965 0.085802552 0 0 0 0 0
1489238757.031532526 -0.477232960 0.174047876 0 0 0 0 0
1489238757.063837290 -0.559010147 -0.046720710 0 0 0 0 0
1489238757.094027281 -0.598168139 -0.099986880 0 0 0 0 0
1489238757.124531031 -0.542680816 0.296875273 0 0 0 0 0
1489238757.163359404 -0.426332565 0.077742197 0 0 0 0 0
1489238757.191528320 -0.641085738 -0.214321555 0 0 0 0 0
1489238757.225889206 -0.525559526 0.087849977 0 0 0 0 0
1489238757.261953115 -0.500741350 0.083701492 0 0 0 0 0
1489238757.295135021 -0.544233079 0.090971358 0 0 0 0 0
1489238757.326124907 -0.582728544 0.146109109 0 0 0 0 0
1489238757.361948013 -0.546116275 -0.210660331 0 0 0 0 0
1489238757.390149593 -0.640343226 0.214073326 0 0 0 0 0
1489238757.428675413 -0.468742543 0.391763632 0 0 0 0 0
1489238757.454307795 -0.821947527 -0.529943486 0 0 0 0 0
1489238757.489267349 -0.516559519 -0.000000000 0 0 0 0 0
1489238757.520303965 -0.581851163 0.534926776 0 0 0 0 0
1489238757.566441059 -0.391413697 -0.000000000 0 0 0 0 0
1489238757.593522310 -0.722403169 -0.334394043 0 0 0 0 0
1489238757.625398636 -0.566523600 0.189394666 0 0 0 0 0
1489238757.654148340 -0.628134833 0.367485886 0 0 0 0 0
1489238757.694882631 -0.480273036 -0.148209429 0 0 0 0 0
1489238757.725502253 -0.589775118 -0.000000000 0 0 0 0 0
1489238757.761273146 -0.504843161 0.210967826 0 0 0 0 0
1489238757.791900635 -0.589623612 0.246396547 0 0 0 0 0
1489238757.831450939 -0.532700642 -0.076323130 0 0 0 0 0
1489238757.864934683 -0.539327111 -0.180302600 0 0 0 0 0
1489238757.895996094 -0.581386686 0.583090645 0 0 0 0 0
1489238757.925734520 -0.657855312 -0.000000000 0 0 0 0 0
1489238757.962814808 -0.568185246 -0.325628865 0 0 0 0 0
1489238757.992791414 -0.602426123 0.251746560 0 0 0 0 0
1489238758.025048971 -0.559828222 0.374312664 0 0 0 0 0
1489238758.058764458 -0.580255059 -0.000000000 0 0 0 0 0
1489238758.091339111 -0.600576812 -0.278001699 0 0 0 0 0
1489238758.129156590 -0.477522342 0.279371102 0 0 0 0 0
1489238758.162916660 -0.534912704 0.402360341 0 0 0 0 0
1489238758.193120480 -0.647718802 -0.399764413 0 0 0 0 0
1489238758.224746227 -0.571012294 -0.190895282 0 0 0 0 0
1489238758.259221077 -0.480170327 0.569137206 0 0 0 0 0
1489238758.292359352 -0.590362098 0.091091133 0 0 0 0 0
1489238758.322838306 -0.641871812 -0.594233579 0 0 0 0 0
1489238758.360025167 -0.485620196 0.405869564 0 0 0 0 0
1489238758.398218632 -0.472821491 0.474207262 0 0 0 0 0
1489238758.430001259 -0.615543252 -0.474882553 0 0 0 0 0
1489238758.463268757 -0.542832850 -0.181474604 0 0 0 0 0
1489238758.494844675 -0.524253950 0.716986993 0 0 0 0 0
1489238758.525353193 -0.591922905 -0.000000000 0 0 0 0 0
1489238758.562234879 -0.489638438 -0.327382331 0 0 0 0 0
1489238758.592946529 -0.588007816 0.196577060 0 0 0 0 0
1489238758.631378174 -0.430733581 0.274906544 0 0 0 0 0
1489238758.660379887 -0.622676697 0.052041806 0 0 0 0 0
1489238758.692569494 -0.561009968 -0.234439252 0 0 0 0 0
1489238758.723934889 -0.575752066 0.144359878 0 0 0 0 0
1489238758.762238741 -0.471458868 0.236420322 0 0 0 0 0
1489238758.792592287 -0.594945008 -0.049724059 0 0 0 0 0
1489238758.823744059 -0.579700282 -0.048449942 0 0 0 0 0
1489238758.861206770 -0.482044414 0.161152405 0 0 0 0 0
1489238758.889623404 -0.635497188 0.106226623 0 0 0 0 0
1489238758.922959089 -0.541722492 -0.000000000 0 0 0 0 0
1489238758.964126110 -0.475224616 0.109988638 0 0 0 0 0
1489238758.992155075 -0.697977312 -0.107695843 0 0 0 0 0
1489238759.027442932 -0.511753681 0.085542259 0 0 0 0 0
1489238759.057037592 -0.610200991 0.407992934 0 0 0 0 0
1489238759.098827362 -0.504153827 -0.144466122 0 0 0 0 0
1489238759.126412153 -0.709216231 -0.164144963 0 0 0 0 0
1489238759.161692858 -0.511857430 0.427798008 0 0 0 0 0
1489238759.193747759 -0.610314833 0.094169781 0 0 0 0 0
1489238759.224911928 -0.627758804 -0.387445337 0 0 0 0 0
1489238759.259668350 -0.562876743 0.260550670 0 0 0 0 0
1489238759.291537523 -0.566650748 0.236796466 0 0 0 0 0
1489238759.324237823 -0.598269175 -0.000000000 0 0 0 0 0
1489238759.360519171 -0.539218720 -0.166399720 0 0 0 0 0
1489238759.393215179 -0.552320955 0.092323288 0 0 0 0 0
1489238759.426076412 -0.503748596 0.367436370 0 0 0 0 0
1489238759.456320286 -0.597102441 -0.099808743 0 0 0 0 0
1489238759.490293026 -0.531564150 -0.266561043 0 0 0 0 0
1489238759.522621632 -0.512048061 0.373490036 0 0 0 0 0
1489238759.554591656 -0.564863219 0.188839583 0 0 0 0 0
1489238759.587636709 -0.546486958 -0.319718368 0 0 0 0 0
1489238759.621325493 -0.536044606 0.179205225 0 0 0 0 0
1489238759.656846762 -0.466025015 0.212450394 0 0 0 0 0
1489238759.692396641 -0.507981777 -0.000000000 0 0 0 0 0
1489238759.721629858 -0.617745580 -0.000000000 0 0 0 0 0
1489238759.759048223 -0.482615703 -0.080671696 0 0 0 0 0
1489238759.789207935 -0.598768677 0.150130895 0 0 0 0 0
1489238759.830158949 -0.440982754 0.221137605 0 0 0 0 0
1489238759.861827135 -0.570247081 -0.190639464 0 0 0 0 0
1489238759.893216133 -0.575319121 -0.240418873 0 0 0 0 0
1489238759.923664093 -0.543675172 0.594838478 0 0 0 0 0
1489238759.961392164 -0.478653961 0.160018942 0 0 0 0 0
1489238759.992054224 -0.588958826 -0.689132474 0 0 0 0 0
1489238760.032190323 -0.412441675 0.225627535 0 0 0 0 0
1489238760.064210653 -0.469979814 0.659900159 0 0 0 0 0
1489238760.093420506 -0.618239716 -0.516709738 0 0 0 0 0
1489238760.122148037 -0.628619650 -0.000000000 0 0 0 0 0
1489238760.167110682 -0.368167843 0.134271596 0 0 0 0 0
1489238760.192437649 -0.653603714 0.238370666 0 0 0 0 0
1489238760.223207474 -0.586896115 -0.245256759 0 0 0 0 0
1489238760.255054712 -0.567041024 -0.236959557 0 0 0 0 0
1489238760.286231995 -0.482688285 0.387282379 0 0 0 0 0
1489238760.323544741 -0.483981820 -0.242700150 0 0 0 0 0
1489238760.358821630 -0.426593984 -0.000000000 0 0 0 0 0
1489238760.387033463 -0.586767985 0.374492183 0 0 0 0 0
1489238760.428776979 -0.432610668 -0.289252391 0 0 0 0 0
1489238760.457898617 -0.516760400 0.155482485 0 0 0 0 0
1489238760.490318775 -0.510602066 0.139663245 0 0 0 0 0
1489238760.528724432 -0.431025042 -0.157195750 0 0 0 0 0
1489238760.563236237 -0.479656165 0.043732906 0 0 0 0 0
1489238760.590977430 -0.596722693 0.163219527 0 0 0 0 0
1489238760.623015642 -0.516689257 -0.094218836 0 0 0 0 0
1489238760.658511639 -0.466356815 -0.127560992 0 0 0 0 0
1489238760.699598312 -0.366272263 -0.000000000 0 0 0 0 0
1489238760.729289055 -0.506855258 0.152502233 0 0 0 0 0
1489238760.763936043 -0.434349704 0.043562272 0 0 0 0 0
1489238760.793734074 -0.505030317 -0.050651049 0 0 0 0 0
1489238760.824969769 -0.481785630 -0.096639535 0 0 0 0 0
1489238760.866047144 -0.366355172 0.110228672 0 0 0 0 0
1489238760.895412922 -0.461217751 0.102793225 0 0 0 0 0
1489238760.929930449 -0.435978774 -0.218628282 0 0 0 0 0
1489238760.968287945 -0.353099638 0.078696560 0 0 0 0 0
1489238760.993147135 -0.605366022 0.303570130 0 0 0 0 0
1489238761.021214724 -0.536166789 -0.215095286 0 0 0 0 0
1489238761.058262110 -0.406207037 -0.162959028 0 0 0 0 0
1489238761.091160059 -0.457442160 0.412904570 0 0 0 0 0
1489238761.123091459 -0.471288726 -0.000000000 0 0 0 0 0
1489238761.159061432 -0.418374212 -0.293720284 0 0 0 0 0
1489238761.190618277 -0.429194306 0.191312094 0 0 0 0 0
1489238761.223134756 -0.416527812 0.139249531 0 0 0 0 0
1489238761.260356426 -0.404305043 -0.000000000 0 0 0 0 0
1489238761.299750805 -0.382006506 -0.000000000 0 0 0 0 0
1489238761.326015949 -0.572961213 -0.114928096 0 0 0 0 0
1489238761.359797001 -0.400935359 0.044678938 0 0 0 0 0
1489238761.390438080 -0.491135086 0.197029812 0 0 0 0 0
1489238761.424293518 -0.444504923 -0.222903851 0 0 0 0 0
1489238761.459371090 -0.429017978 -0.043027537 0 0 0 0 0
1489238761.492027760 -0.368657530 0.323520760 0 0 0 0 0
1489238761.529316664 -0.363218452 0.242855328 0 0 0 0 0
1489238761.563930273 -0.434768556 -0.523251359 0 0 0 0 0
1489238761.591379881 -0.438590133 0.109968894 0 0 0 0 0
1489238761.624156952 -0.367303325 0.322332357 0 0 0 0 0
1489238761.664697409 -0.296965750 -0.148918057 0 0 0 0 0
1489238761.693692207 -0.415216788 -0.208216864 0 0 0 0 0
1489238761.724961042 -0.336892508 -0.048268556 0 0 0 0 0
1489238761.759974241 -0.300864720 0.301746510 0 0 0 0 0
1489238761.791228771 -0.385196232 -0.096581296 0 0 0 0 0
1489238761.828457594 -0.282959156 -0.364870888 0 0 0 0 0
1489238761.860361576 -0.283016249 0.283845728 0 0 0 0 0
1489238761.891061783 -0.294113504 0.294975507 0 0 0 0 0
1489238761.922161818 -0.338721045 -0.388244328 0 0 0 0 0
1489238761.961622477 -0.228818920 -0.076496518 0 0 0 0 0
1489238761.992821693 -0.289409360 0.290257576 0 0 0 0 0
1489238762.026254416 -0.225062574 -0.045144440 0 0 0 0 0
1489238762.059765577 -0.224535769 -0.135116310 0 0 0 0 0
1489238762.091574430 -0.189241767 -0.094898203 0 0 0 0 0
1489238762.124446869 -0.183118864 0.137741669 0 0 0 0 0
1489238762.159465075 -0.171898116 -0.000000000 0 0 0 0 0
1489238762.191722870 -0.186608028 -0.280732423 0 0 0 0 0
1489238762.223634005 -0.141476407 -0.047297018 0 0 0 0 0
1489238762.260029554 -0.082696423 0.165877589 0 0 0 0 0
1489238762.291638374 -0.142829523 -0.238746893 0 0 0 0 0
1489238762.323512316 -0.094427663 -0.284113249 0 0 0 0 0
1489238762.360657454 -0.081027611 0.081265091 0 0 0 0 0
1489238762.391648769 -0.097116941 -0.000000000 0 0 0 0 0
1489238762.423044205 -0.095866860 -0.336517409 0 0 0 0 0
1489238762.457505941 -0.087336916 -0.175185775 0 0 0 0 0
1489238762.490017891 -0.046287316 0.092845955 0 0 0 0 0
1489238762.526715755 -0.082015175 -0.123383324 0 0 0 0 0
1489238762.559366703 -0.046090267 -0.369802807 0 0 0 0 0
1489238762.597224474 -0.079502351 -0.000000000 0 0 0 0 0
1489238762.627049685 -0.050457008 -0.101209781 0 0 0 0 0
1489238762.661049128 -0.088524444 -0.266351688 0 0 0 0 0
1489238762.692872524 -0.094577641 -0.379419337 0 0 0 0 0
1489238762.724092007 -0.000000000 -0.145034580 0 0 0 0 0
1489238762.762309074 -0.039377456 -0.118478596 0 0 0 0 0
1489238762.791622400 -0.051338115 -0.669351533 0 0 0 0 0
1489238762.825531960 -0.044379547 -0.267057705 0 0 0 0 0
1489238762.857877016 -0.046526148 -0.139987529 0 0 0 0 0
1489238762.890160561 -0.046614798 -0.420762769 0 0 0 0 0
1489238762.928272724 -0.078971685 -0.435617269 0 0 0 0 0
1489238762.962094784 -0.044494360 -0.312373365 0 0 0 0 0
1489238762.992201567 -0.049985111 -0.300789662 0 0 0 0 0
1489238763.026995659 -0.043251334 -0.433780971 0 0 0 0 0
1489238763.067664385 -0.037003640 -0.445345107 0 0 0 0 0
1489238763.094430208 -0.000000000 -0.451113045 0 0 0 0 0
1489238763.127765417 -0.000000000 -0.362211982 0 0 0 0 0
1489238763.160203934 -0.000000000 -0.651392953 0 0 0 0 0
1489238763.189150333 -0.000000000 -0.782118774 0 0 0 0 0
1489238763.222101927 -0.000000000 -0.274821583 0 0 0 0 0
1489238763.265392780 -0.000000000 -0.348642124 0 0 0 0 0
1489238763.295384884 -0.000000000 -0.754849442 0 0 0 0 0
1489238763.326390743 -0.048535694 -0.535457392 0 0 0 0 0
1489238763.363037586 -0.000000000 -0.453035385 0 0 0 0 0
1489238763.392998457 -0.050228543 -0.503757558 0 0 0 0 0
1489238763.424788237 -0.047338827 -0.759641130 0 0 0 0 0
1489238763.459459543 -0.043404505 -0.391785454 0 0 0 0 0
1489238763.491832018 -0.000000000 -0.512852872 0 0 0 0 0
1489238763.526483297 -0.043429591 -0.392011891 0 0 0 0 0
1489238763.563124657 -0.041070826 -0.659059178 0 0 0 0 0
1489238763.590601444 -0.000000000 -0.494370514 0 0 0 0 0
1489238763.623410225 -0.045868541 -0.322020823 0 0 0 0 0
1489238763.657497168 -0.000000000 -0.664169939 0 0 0 0 0
1489238763.701385975 -0.034288717 -0.447059759 0 0 0 0 0
1489238763.725369692 -0.000000000 -0.377581551 0 0 0 0 0
1489238763.761856079 -0.041245270 -0.413661539 0 0 0 0 0
1489238763.791676760 -0.050464673 -0.759188663 0 0 0 0 0
1489238763.824559450 -0.000000000 -0.367196598 0 0 0 0 0
1489238763.859022617 -0.043666645 -0.262767755 0 0 0 0 0
1489238763.890568495 -0.000000000 -0.765514422 0 0 0 0 0
1489238763.925178766 -0.043481049 -0.348867881 0 0 0 0 0
1489238763.961762667 -0.000000000 -0.247535362 0 0 0 0 0
1489238763.992301702 -0.049277617 -0.543642462 0 0 0 0 0
1489238764.025785685 -0.044943606 -0.585979277 0 0 0 0 0
1489238764.058248281 -0.046357687 -0.325454880 0 0 0 0 0
1489238764.096281290 -0.039568021 -0.357155905 0 0 0 0 0
1489238764.127151012 -0.097499477 -0.586711403 0 0 0 0 0
1489238764.163609028 -0.041277367 -0.372585107 0 0 0 0 0
1489238764.189738512 -0.057593594 -0.346574352 0 0 0 0 0
1489238764.220705032 -0.097194704 -0.584877407 0 0 0 0 0
1489238764.267678738 -0.064073757 -0.385569288 0 0 0 0 0
1489238764.295588970 -0.053918967 -0.324461971 0 0 0 0 0
1489238764.325193405 -0.101666585 -0.509822772 0 0 0 0 0
1489238764.362160444 -0.081417984 -0.571596255 0 0 0 0 0
1489238764.391891241 -0.050617241 -0.406124738 0 0 0 0 0
1489238764.424769878 -0.045771085 -0.321336632 0 0 0 0 0
1489238764.457667112 -0.045745211 -0.458792831 0 0 0 0 0
1489238764.499701977 -0.071602034 -0.394965390 0 0 0 0 0
1489238764.523704767 -0.125392995 -0.440161763 0 0 0 0 0
1489238764.569344759 -0.065946151 -0.363766862 0 0 0 0 0
1489238764.593687534 -0.061820843 -0.496016247 0 0 0 0 0
1489238764.625962257 -0.093255077 -0.140292591 0 0 0 0 0
1489238764.660282135 -0.087697917 -0.747617050 0 0 0 0 0
1489238764.691937923 -0.095078402 -0.476785316 0 0 0 0 0
1489238764.724110126 -0.093552244 -0.093826432 0 0 0 0 0
1489238764.762125731 -0.079172273 -0.436723736 0 0 0 0 0
1489238764.793220043 -0.096795251 -0.582473660 0 0 0 0 0
1489238764.824486017 -0.144395715 -0.241364863 0 0 0 0 0
1489238764.865616083 -0.073177169 -0.293566563 0 0 0 0 0
1489238764.900669575 -0.128793809 -0.301399663 0 0 0 0 0
1489238764.924697161 -0.187895392 -0.690968981 0 0 0 0 0
1489238764.960372925 -0.084364887 -0.423060738 0 0 0 0 0
1489238764.991806030 -0.095751971 -0.096032606 0 0 0 0 0
1489238765.025106907 -0.135572187 -0.407908589 0 0 0 0 0
1489238765.058990002 -0.088828420 -0.623621345 0 0 0 0 0
1489238765.093730211 -0.129955252 -0.260672263 0 0 0 0 0
1489238765.125127316 -0.095861764 -0.336499522 0 0 0 0 0
1489238765.159214497 -0.088296588 -0.265666117 0 0 0 0 0
1489238765.189763546 -0.147784392 -0.592870105 0 0 0 0 0
1489238765.224195719 -0.087411904 -0.350672383 0 0 0 0 0
1489238765.262182236 -0.079232897 -0.158930234 0 0 0 0 0
1489238765.293804169 -0.095180196 -0.477295778 0 0 0 0 0
1489238765.324878693 -0.096856891 -0.534274206 0 0 0 0 0
1489238765.361696243 -0.081748561 -0.204970385 0 0 0 0 0
1489238765.391515970 -0.100932574 -0.354299373 0 0 0 0 0
1489238765.424696922 -0.090708120 -0.363895890 0 0 0 0 0
1489238765.459965467 -0.128008475 -0.385150948 0 0 0 0 0
1489238765.492552519 -0.092361280 -0.370527911 0 0 0 0 0
1489238765.522579670 -0.100235343 -0.100529118 0 0 0 0 0
1489238765.560463428 -0.079447814 -0.398403318 0 0 0 0 0
1489238765.592975140 -0.092575312 -0.371386545 0 0 0 0 0
1489238765.622485876 -0.101989383 -0.204576597 0 0 0 0 0
1489238765.658718348 -0.083068631 -0.249936278 0 0 0 0 0
1489238765.718762636 -0.025063015 -0.226228237 0 0 0 0 0
1489238765.742947578 -0.124448583 -0.499253294 0 0 0 0 0
1489238765.784476280 -0.036237369 -0.181717878 0 0 0 0 0
1489238765.804799795 -0.074046783 -0.594110424 0 0 0 0 0
1489238765.869168282 -0.046758623 -0.164134830 0 0 0 0 0
1489238765.893651247 -0.184400566 -0.924705084 0 0 0 0 0
1489238765.925833702 -0.046761221 -0.281389628 0 0 0 0 0
1489238765.958435535 -0.046159701 -0.277769933 0 0 0 0 0
1489238765.991420031 -0.045624191 -0.549094901 0 0 0 0 0
1489238766.021143436 -0.050629827 -0.355447509 0 0 0 0 0
1489238766.058505535 -0.040278543 -0.323172747 0 0 0 0 0
1489238766.093585968 -0.000000000 -0.516288330 0 0 0 0 0
1489238766.126605272 -0.045576093 -0.365677362 0 0 0 0 0
1489238766.160784483 -0.044029422 -0.574060057 0 0 0 0 0
1489238766.191431284 -0.049104339 -0.443234306 0 0 0 0 0
1489238766.223352432 -0.047144009 -0.520103990 0 0 0 0 0
1489238766.264289141 -0.073522809 -0.221214880 0 0 0 0 0
1489238766.291815281 -0.054671337 -0.657978851 0 0 0 0 0
1489238766.324684620 -0.045784033 -0.367345753 0 0 0 0 0
1489238766.358614922 -0.044352417 -0.355859261 0 0 0 0 0
1489238766.391197443 -0.000000000 -0.463224282 0 0 0 0 0
1489238766.421408176 -0.099626240 -0.399672921 0 0 0 0 0
1489238766.459206104 -0.039814111 -0.678823605 0 0 0 0 0
1489238766.489938021 -0.048968339 -0.196447431 0 0 0 0 0
1489238766.524324656 -0.087527663 -0.438920969 0 0 0 0 0
1489238766.559956074 -0.042234942 -0.635380902 0 0 0 0 0
1489238766.592703819 -0.091908061 -0.276532290 0 0 0 0 0
1489238766.623846769 -0.096644081 -0.484636653 0 0 0 0 0
1489238766.661554098 -0.039909772 -0.480320900 0 0 0 0 0
1489238766.690489054 -0.104018884 -0.573780614 0 0 0 0 0
1489238766.727038383 -0.082348481 -0.330359330 0 0 0 0 0
1489238766.760568857 -0.089762579 -0.495141129 0 0 0 0 0
1489238766.794134617 -0.089668216 -0.539586123 0 0 0 0 0
1489238766.824434280 -0.099333835 -0.448312357 0 0 0 0 0
1489238766.860673189 -0.041526937 -0.499783761 0 0 0 0 0
1489238766.890921354 -0.049751477 -0.449075622 0 0 0 0 0
1489238766.922433376 -0.047756088 -0.574752648 0 0 0 0 0
1489238766.961154699 -0.038864656 -0.467742750 0 0 0 0 0
1489238767.000494242 -0.038253899 -0.422026175 0 0 0 0 0
1489238767.024715424 -0.062131192 -0.373879735 0 0 0 0 0
1489238767.061924219 -0.040444494 -0.730134549 0 0 0 0 0
1489238767.091467619 -0.000000000 -0.510876040 0 0 0 0 0
1489238767.122702122 -0.048180402 -0.193286446 0 0 0 0 0
1489238767.159233332 -0.082389327 -0.619730983 0 0 0 0 0
1489238767.192887306 -0.044716587 -0.807257614 0 0 0 0 0
1489238767.223653555 -0.000000000 0.098114107 0 0 0 0 0
1489238767.260342598 -0.082034895 -0.329101309 0 0 0 0 0
1489238767.292077303 -0.047420983 -1.236559132 0 0 0 0 0
1489238767.324686050 -0.046149914 -0.092570345 0 0 0 0 0
1489238767.358444691 -0.000000000 -0.357668791 0 0 0 0 0
1489238767.390390158 -0.047108120 -0.425215684 0 0 0 0 0
1489238767.422568798 -0.093533529 -0.656653634 0 0 0 0 0
1489238767.470668554 -0.031286872 -0.376542825 0 0 0 0 0
1489238767.530091763 -0.000000000 -0.101596770 0 0 0 0 0
1489238767.604216337 -0.020302186 -0.203616886 0 0 0 0 0
1489238767.626301289 -0.204423030 -1.981880919 0 0 0 0 0
1489238767.701077700 -0.020125209 -0.242210315 0 0 0 0 0
1489238767.727465868 -0.114058003 -1.487099777 0 0 0 0 0
1489238767.761094093 -0.000000000 -0.269291911 0 0 0 0 0
1489238767.790647268 -0.050921463 -0.561777766 0 0 0 0 0
1489238767.823435545 -0.045897225 -0.736507880 0 0 0 0 0
1489238767.858449697 -0.042979504 -0.258632821 0 0 0 0 0
1489238767.891338587 -0.045756817 -0.458909237 0 0 0 0 0
1489238767.923207283 -0.047221602 -0.615680023 0 0 0 0 0
1489238767.961498499 -0.039301204 -0.394163903 0 0 0 0 0
1489238767.990440130 -0.051997445 -0.521498423 0 0 0 0 0
1489238768.021735907 -0.000000000 -0.530497036 0 0 0 0 0
1489238768.057371140 -0.042230421 -0.423541923 0 0 0 0 0
1489238768.089975595 -0.046155989 -0.555495180 0 0 0 0 0
1489238768.122895956 -0.000000000 -0.458470528 0 0 0 0 0
1489238768.160370827 -0.040157334 -0.322200233 0 0 0 0 0
1489238768.189633131 -0.051427628 -0.670518610 0 0 0 0 0
1489238768.222311497 -0.046051596 -0.554238797 0 0 0 0 0
1489238768.258368731 -0.000000000 -0.334867953 0 0 0 0 0
1489238768.293504238 -0.000000000 -0.429565876 0 0 0 0 0
1489238768.324132442 -0.000000000 -0.591337902 0 0 0 0 0
1489238768.361995697 -0.000000000 -0.478342877 0 0 0 0 0
1489238768.391577244 -0.000000000 -0.204086895 0 0 0 0 0
1489238768.424463272 -0.000000000 -0.734318658 0 0 0 0 0
1489238768.460210800 -0.000000000 -0.422211434 0 0 0 0 0
1489238768.492697954 -0.000000000 -0.464584097 0 0 0 0 0
1489238768.522724867 -0.000000000 -0.351854707 0 0 0 0 0
1489238768.560744524 -0.039581917 -0.396979253 0 0 0 0 0
1489238768.591953278 -0.000000000 -0.773783678 0 0 0 0 0
1489238768.629572868 -0.000000000 -0.160480375 0 0 0 0 0
1489238768.660836220 -0.000000000 -0.386216177 0 0 0 0 0
1489238768.694313049 -0.000000000 -0.721359355 0 0 0 0 0
1489238768.724846363 -0.000000000 -0.444881735 0 0 0 0 0
1489238768.769103050 -0.000000000 -0.136413420 0 0 0 0 0
1489238768.791919947 -0.000000000 -0.661484139 0 0 0 0 0
1489238768.825620174 -0.044655214 -0.537433107 0 0 0 0 0
1489238768.860085249 -0.000000000 -0.437922021 0 0 0 0 0
1489238768.892571688 -0.000000000 -0.139378298 0 0 0 0 0
1489238768.924689531 -0.000000000 -0.281955699 0 0 0 0 0
1489238768.963712931 -0.000000000 -0.618829332 0 0 0 0 0
1489238768.990419388 -0.000000000 -0.339086874 0 0 0 0 0
1489238769.028226376 -0.000000000 -0.039921231 0 0 0 0 0
1489238769.063642263 -0.000000000 -0.426165092 0 0 0 0 0
1489238769.093682766 -0.000000000 -0.602906629 0 0 0 0 0
1489238769.130180359 -0.000000000 -0.206767267 0 0 0 0 0
1489238769.163403034 0.045297101 -0.227149303 0 0 0 0 0
1489238769.190403700 -0.000000000 -0.558986778 0 0 0 0 0
1489238769.221683264 -0.000000000 -0.579023997 0 0 0 0 0
1489238769.257650137 -0.000000000 -0.167854626 0 0 0 0 0
1489238769.290733099 -0.000000000 -0.182486865 0 0 0 0 0
1489238769.322751522 -0.000000000 -0.565662402 0 0 0 0 0
1489238769.360846758 -0.000000000 -0.356572503 0 0 0 0 0
1489238769.390155315 -0.000000000 -0.154490869 0 0 0 0 0
1489238769.426206589 -0.000000000 -0.334923318 0 0 0 0 0
1489238769.467652559 -0.000000000 -0.436993461 0 0 0 0 0
1489238769.497420311 0.050554402 -0.405620559 0 0 0 0 0
1489238769.526560545 -0.000000000 -0.000000000 0 0 0 0 0
1489238769.561929941 -0.000000000 -0.512070322 0 0 0 0 0
1489238769.592221498 -0.000000000 -0.398606514 0 0 0 0 0
1489238769.625639915 -0.000000000 -0.135491293 0 0 0 0 0
1489238769.662283659 -0.000000000 -0.370696667 0 0 0 0 0
1489238769.694242954 -0.000000000 -0.425031699 0 0 0 0 0
1489238769.725474119 -0.000000000 -0.193307104 0 0 0 0 0
1489238769.761925697 -0.000000000 -0.165622624 0 0 0 0 0
1489238769.791990280 -0.000000000 -0.451817797 0 0 0 0 0
1489238769.824751616 -0.000000000 -0.276417580 0 0 0 0 0
1489238769.868021965 -0.000000000 -0.209284398 0 0 0 0 0
1489238769.896824837 -0.000000000 -0.209604310 0 0 0 0 0
1489238769.926419258 -0.000000000 -0.356996693 0 0 0 0 0
1489238769.962766647 -0.000000000 -0.290670411 0 0 0 0 0
1489238769.991756916 -0.000000000 -0.104124700 0 0 0 0 0
1489238770.023509741 -0.000000000 -0.190131306 0 0 0 0 0
1489238770.059783936 -0.000000000 -0.291256929 0 0 0 0 0
1489238770.091479540 -0.000000000 -0.095237276 0 0 0 0 0
1489238770.122085333 -0.000000000 -0.147942729 0 0 0 0 0
1489238770.162737131 -0.000000000 -0.148510184 0 0 0 0 0
1489238770.190732956 -0.000000000 -0.269558322 0 0 0 0 0
1489238770.223450422 -0.000000000 -0.092262738 0 0 0 0 0
1489238770.260344028 -0.000000000 -0.081819137 0 0 0 0 0
1489238770.292386532 -0.000000000 -0.141309325 0 0 0 0 0
1489238770.323866844 -0.000000000 -0.095888598 0 0 0 0 0
1489238770.363454580 -0.000000000 0.038125482 0 0 0 0 0
1489238770.392002821 -0.000000000 -0.105736919 0 0 0 0 0
1489238770.425376654 -0.000000000 -0.180896395 0 0 0 0 0
1489238770.464385748 -0.000000000 0.077382033 0 0 0 0 0
1489238770.493975401 -0.000000000 0.102015492 0 0 0 0 0
1489238770.529237032 -0.000000000 -0.085605882 0 0 0 0 0
1489238770.565404892 -0.000000000 -0.083460924 0 0 0 0 0
1489238770.594078779 -0.000000000 0.105273589 0 0 0 0 0
1489238770.624290705 -0.000000000 0.199828576 0 0 0 0 0
1489238770.659831047 -0.000000000 -0.127401827 0 0 0 0 0
1489238770.694001198 -0.000000000 -0.088340348 0 0 0 0 0
1489238770.728238344 -0.000000000 0.176334966 0 0 0 0 0
1489238770.763921261 -0.000000000 -0.000000000 0 0 0 0 0
1489238770.791697025 -0.000000000 -0.217355171 0 0 0 0 0
1489238770.824516773 -0.000000000 -0.000000000 0 0 0 0 0
1489238770.861273766 -0.000000000 0.123184848 0 0 0 0 0
1489238770.892107010 -0.000000000 -0.000000000 0 0 0 0 0
1489238770.929587364 -0.000000000 -0.080538273 0 0 0 0 0
1489238770.965632677 -0.000000000 0.041872338 0 0 0 0 0
1489238770.995581627 -0.000000000 0.100791615 0 0 0 0 0
1489238771.027380943 -0.000000000 -0.047463332 0 0 0 0 0
1489238771.061241865 -0.000000000 -0.089147101 0 0 0 0 0
1489238771.094410896 -0.000000000 0.045503334 0 0 0 0 0
1489238771.126476526 -0.000000000 0.047069136 0 0 0 0 0
1489238771.160237551 -0.000000000 -0.044705442 0 0 0 0 0
1489238771.190686703 -0.000000000 -0.000000000 0 0 0 0 0
1489238771.223601341 -0.000000000 0.045855023 0 0 0 0 0
1489238771.259126902 -0.000000000 -0.000000000 0 0 0 0 0
1489238771.294013500 -0.000000000 -0.043263074 0 0 0 0 0
1489238771.324948072 -0.000000000 -0.000000000 0 0 0 0 0
1489238771.361159801 -0.000000000 0.041679907 0 0 0 0 0
1489238771.391756535 -0.000000000 -0.000000000 0 0 0 0 0
1489238771.424302816 -0.000000000 -0.046374007 0 0 0 0 0
1489238771.459103107 -0.000000000 -0.000000000 0 0 0 0 0
1489238771.490823507 -0.000000000 -0.000000000 0 0 0 0 0
1489238771.526860714 -0.000000000 -0.000000000 0 0 0 0 0
1489238771.562356710 -0.000000000 -0.000000000 0 0 0 0 0
1489238771.591642618 -0.000000000 -0.000000000 0 0 0 0 0
1489238771.624519825 -0.000000000 -0.000000000 0 0 0 0 0
1489238771.658830643 -0.000000000 -0.043989086 0 0 0 0 0
1489238771.691071033 -0.000000000 -0.000000000 0 0 0 0 0
1489238771.722041368 -0.000000000 0.048733781 0 0 0 0 0
1489238771.758834839 -0.000000000 -0.000000000 0 0 0 0 0
1489238771.790326834 -0.000000000 -0.000000000 0 0 0 0 0
1489238771.824376583 -0.000000000 -0.000000000 0 0 0 0 0
1489238771.861271143 -0.000000000 -0.000000000 0 0 0 0 0
1489238771.896733761 -0.000000000 -0.042560352 0 0 0 0 0
1489238771.925120354 -0.000000000 -0.000000000 0 0 0 0 0
1489238771.962008715 -0.000000000 0.040915385 0 0 0 0 0
1489238771.991583347 -0.000000000 -0.000000000 0 0 0 0 0
1489238772.019073963 -0.000000000 -0.000000000 0 0 0 0 0
1489238772.059499025 -0.000000000 -0.000000000 0 0 0 0 0
1489238772.089940786 -0.000000000 -0.000000000 0 0 0 0 0
1489238772.120051146 -0.000000000 -0.000000000 0 0 0 0 0
1489238772.160655260 -0.000000000 -0.037171147 0 0 0 0 0
1489238772.191294909 -0.000000000 -0.000000000 0 0 0 0 0
1489238772.224689484 -0.000000000 0.045196009 0 0 0 0 0
1489238772.268248081 -0.000000000 -0.000000000 0 0 0 0 0
1489238772.296004772 -0.000000000 -0.000000000 0 0 0 0 0
1489238772.326385975 -0.000000000 -0.000000000 0 0 0 0 0
1489238772.366272449 -0.000000000 -0.000000000 0 0 0 0 0
1489238772.393962622 -0.000000000 -0.000000000 0 0 0 0 0
1489238772.428552151 -0.000000000 -0.000000000 0 0 0 0 0
1489238772.461556673 -0.000000000 -0.000000000 0 0 0 0 0
1489238772.493980885 -0.000000000 -0.000000000 0 0 0 0 0
1489238772.526933670 -0.000000000 -0.045801940 0 0 0 0 0
1489238772.559644222 -0.000000000 -0.000000000 0 0 0 0 0
1489238772.591924667 -0.000000000 -0.000000000 0 0 0 0 0
1489238772.624114275 -0.000000000 -0.000000000 0 0 0 0 0
1489238772.658997774 -0.000000000 -0.043266918 0 0 0 0 0
1489238772.691757441 -0.000000000 -0.000000000 0 0 0 0 0
1489238772.724825144 -0.000000000 0.045642768 0 0 0 0 0
1489238772.759293556 -0.000000000 -0.000000000 0 0 0 0 0
1489238772.790309668 -0.000000000 -0.000000000 0 0 0 0 0
