1489239662.684353113 -0 -0 0 0 0 0 0
1489239662.717471600 -0 -0.045327 0 0 0 0 0
1489239662.737539291 -0 -0 0 0 0 0 0
1489239662.770109177 -0 -0 0 0 0 0 0
1489239662.894371986 -0 -0 0 0 0 0 0
1489239662.909406662 -0 -0 0 0 0 0 0
1489239662.976956606 -0 -0 0 0 0 0 0
1489239663.005291224 -0 -0 0 0 0 0 0
1489239663.042969465 -0 -0 0 0 0 0 0
1489239663.070617437 -0 -0 0 0 0 0 0
1489239663.097512960 -0 -0 0 0 0 0 0
1489239663.133590937 -0 -0 0 0 0 0 0
1489239663.167609453 0.0441624 -0 0 0 0 0 0
1489239663.200819969 0.0452369 0.0452014 0 0 0 0 0
1489239663.235898018 0.0428285 -0.0427949 0 0 0 0 0
1489239663.275974512 0.0374868 -0 0 0 0 0 0
1489239663.303566933 0.0544476 0.10881 0 0 0 0 0
1489239663.338701010 0.0427602 -0 0 0 0 0 0
1489239663.371596575 0.09134 -0 0 0 0 0 0
1489239663.402962208 0.0957953 0.0957201 0 0 0 0 0
1489239663.439355612 0.0825612 -0 0 0 0 0 0
1489239663.471442223 0.0936429 -0 0 0 0 0 0
1489239663.501669407 0.0994033 0.0993252 0 0 0 0 0
1489239663.540240526 0.0778998 0.0778386 0 0 0 0 0
1489239663.566871166 0.112828 -0 0 0 0 0 0
1489239663.598891497 0.140755 -0 0 0 0 0 0
1489239663.634908199 0.125137 0.125039 0 0 0 0 0
1489239663.667884350 0.136675 0.0455226 0 0 0 0 0
1489239663.709376097 0.108625 -0 0 0 0 0 0
1489239663.740235567 0.14605 0.0486451 0 0 0 0 0
1489239663.772164822 0.141157 0.0940304 0 0 0 0 0
1489239663.833924055 0.17028 0.07292 0 0 0 0 0
1489239663.869212627 0.170292 0.0850791 0 0 0 0 0
1489239663.901996851 0.1833 0.0915782 0 0 0 0 0
1489239663.939918280 0.158469 -0 0 0 0 0 0
1489239663.968446255 0.210648 -0 0 0 0 0 0
1489239664.003108025 0.173372 0.0866177 0 0 0 0 0
1489239664.039334536 0.165883 0.165753 0 0 0 0 0
1489239664.068402052 0.206738 -0.103288 0 0 0 0 0
1489239664.101442099 0.227352 -0 0 0 0 0 0
1489239664.138114214 0.204834 0.163739 0 0 0 0 0
1489239664.169389486 0.24018 -0 0 0 0 0 0
1489239664.203437805 0.176495 -0.0881783 0 0 0 0 0
1489239664.236335039 0.228338 0.0456318 0 0 0 0 0
1489239664.269494295 0.226534 0.181085 0 0 0 0 0
1489239664.301369190 0.235662 -0 0 0 0 0 0
1489239664.337049007 0.210531 -0.126219 0 0 0 0 0
1489239664.371102095 0.220588 0.132249 0 0 0 0 0
1489239664.400505304 0.306567 0.204217 0 0 0 0 0
1489239664.435846090 0.255061 -0.0849534 0 0 0 0 0
1489239664.500165939 0.280288 -0.023339 0 0 0 0 0
1489239664.538543701 0.234877 0.156462 0 0 0 0 0
1489239664.571748972 0.271464 -0.090417 0 0 0 0 0
1489239664.601678133 0.351376 -0.150471 0 0 0 0 0
1489239664.639191389 0.280338 0.200084 0 0 0 0 0
1489239664.672907352 0.311911 0.0445237 0 0 0 0 0
1489239664.703685999 0.341678 -0.0487728 0 0 0 0 0
1489239664.739662886 0.29231 -0 0 0 0 0 0
1489239664.769520283 0.402538 0.251388 0 0 0 0 0
1489239664.801425457 0.329614 -0 0 0 0 0 0
1489239664.838134289 0.327407 -0.245362 0 0 0 0 0
1489239664.868341446 0.397877 0.397564 0 0 0 0 0
1489239664.899783134 0.334473 -0 0 0 0 0 0
1489239664.936520576 0.286258 -0.286033 0 0 0 0 0
1489239664.970364809 0.310729 0.310485 0 0 0 0 0
1489239665.037098646 0.315174 -0 0 0 0 0 0
1489239665.070975542 0.310429 -0.0443122 0 0 0 0 0
1489239665.104457617 0.31409 0.0896695 0 0 0 0 0
1489239665.138882875 0.305485 0.174426 0 0 0 0 0
1489239665.171359301 0.277557 -0.277339 0 0 0 0 0
1489239665.202848911 0.333964 0.143015 0 0 0 0 0
1489239665.240331650 0.280566 0.160198 0 0 0 0 0
1489239665.272286177 0.329105 -0.187912 0 0 0 0 0
1489239665.305917501 0.312696 -0.0892716 0 0 0 0 0
1489239665.341470003 0.295799 0.0844475 0 0 0 0 0
1489239665.372932673 0.382 0.0954249 0 0 0 0 0
1489239665.404430866 0.333873 -0.142976 0 0 0 0 0
1489239665.435820580 0.382887 -0.0956467 0 0 0 0 0
1489239665.475997210 0.299147 0.0747281 0 0 0 0 0
1489239665.503126144 0.443022 -0 0 0 0 0 0
1489239665.537951231 0.345117 -0.172423 0 0 0 0 0
1489239665.565038443 0.443705 -0 0 0 0 0 0
1489239665.608283758 0.27792 0.0694254 0 0 0 0 0
1489239665.637243748 0.415011 -0.259178 0 0 0 0 0
1489239665.697883368 0.396398 -0 0 0 0 0 0
1489239665.742449284 0.269684 -0 0 0 0 0 0
1489239665.771949053 0.407418 -0.305323 0 0 0 0 0
1489239665.802789927 0.389701 0.146023 0 0 0 0 0
1489239665.839648724 0.326075 0.122182 0 0 0 0 0
1489239665.868315458 0.36685 -0.26183 0 0 0 0 0
1489239665.902489901 0.307727 -0 0 0 0 0 0
1489239665.936185837 0.312097 0.0891004 0 0 0 0 0
1489239665.969421148 0.316422 -0 0 0 0 0 0
1489239666.002717495 0.315842 -0.0450848 0 0 0 0 0
1489239666.040469646 0.278564 0.0397636 0 0 0 0 0
1489239666.070521116 0.349946 0.099906 0 0 0 0 0
1489239666.104920149 0.262044 -0 0 0 0 0 0
1489239666.136230707 0.335873 -0.0958885 0 0 0 0 0
1489239666.170335293 0.308357 0.0440164 0 0 0 0 0
1489239666.202457666 0.327385 0.0934651 0 0 0 0 0
1489239666.244906664 0.247742 -0.106092 0 0 0 0 0
1489239666.272808075 0.323068 0.0538023 0 0 0 0 0
1489239666.303099632 0.347172 0.148671 0 0 0 0 0
1489239666.337590933 0.261343 -0.0435229 0 0 0 0 0
1489239666.378427982 0.220732 -0 0 0 0 0 0
1489239666.403939724 0.412217 0.117684 0 0 0 0 0
1489239666.440577745 0.287035 0.122918 0 0 0 0 0
1489239666.501995802 0.317992 -0.0733251 0 0 0 0 0
1489239666.538795948 0.244946 0.122377 0 0 0 0 0
1489239666.571279526 0.277495 -0.0462129 0 0 0 0 0
1489239666.600972414 0.303576 -0 0 0 0 0 0
1489239666.639382601 0.234679 0.0390824 0 0 0 0 0
1489239666.668910980 0.305267 0.152514 0 0 0 0 0
1489239666.702708483 0.266707 -0.0888326 0 0 0 0 0
1489239666.735905170 0.271534 -0.0452202 0 0 0 0 0
1489239666.769556999 0.267862 0.223043 0 0 0 0 0
1489239666.800292015 0.293283 -0.0976841 0 0 0 0 0
1489239666.844820738 0.202432 -0.0674244 0 0 0 0 0
1489239666.867134809 0.403962 0.269097 0 0 0 0 0
1489239666.900558233 0.269692 0.0898269 0 0 0 0 0
1489239666.939721584 0.230165 -0.0766615 0 0 0 0 0
1489239666.970079660 0.296924 -0 0 0 0 0 0
1489239667.000742674 0.293971 0.14687 0 0 0 0 0
1489239667.039346457 0.233502 -0.0777727 0 0 0 0 0
1489239667.068271160 0.311638 -0.103798 0 0 0 0 0
1489239667.101948500 0.267659 0.133724 0 0 0 0 0
1489239667.145430326 0.207306 0.0690477 0 0 0 0 0
1489239667.171902180 0.340514 -0.0567078 0 0 0 0 0
1489239667.203553915 0.284788 -0 0 0 0 0 0
1489239667.240198612 0.245985 0.0819306 0 0 0 0 0
1489239667.271534681 0.287657 0.0479052 0 0 0 0 0
1489239667.337238789 0.297248 -0.0228473 0 0 0 0 0
1489239667.370197296 0.273497 0.091094 0 0 0 0 0
1489239667.400815725 0.343466 -0 0 0 0 0 0
1489239667.437779903 0.284502 -0.0406112 0 0 0 0 0
1489239667.469555378 0.330959 0.141728 0 0 0 0 0
1489239667.502374172 0.320438 0.0457409 0 0 0 0 0
1489239667.539049625 0.286742 -0.204655 0 0 0 0 0
1489239667.570188522 0.337725 0.144626 0 0 0 0 0
1489239667.600683928 0.344851 0.147677 0 0 0 0 0
1489239667.636873245 0.290594 -0.0829615 0 0 0 0 0
1489239667.670335531 0.314276 0.0448613 0 0 0 0 0
1489239667.704519033 0.307645 0.0878295 0 0 0 0 0
1489239667.740432739 0.292824 -0 0 0 0 0 0
1489239667.771105289 0.34286 0.097883 0 0 0 0 0
1489239667.802387953 0.336173 0.047987 0 0 0 0 0
1489239667.837600231 0.298657 -0.0426317 0 0 0 0 0
1489239667.871306181 0.312004 0.0890739 0 0 0 0 0
1489239667.899043798 0.379138 -0.05412 0 0 0 0 0
1489239667.935657263 0.287227 0.0820005 0 0 0 0 0
1489239667.970891237 0.298473 0.0426055 0 0 0 0 0
1489239668.003920078 0.363886 -0.0909 0 0 0 0 0
1489239668.039838552 0.334611 0.167174 0 0 0 0 0
1489239668.070296764 0.345273 0.0492859 0 0 0 0 0
1489239668.101360798 0.386902 -0.0966494 0 0 0 0 0
1489239668.136796474 0.33917 0.084726 0 0 0 0 0
1489239668.166833639 0.400129 0.0499768 0 0 0 0 0
1489239668.198214769 0.382992 -0.0478364 0 0 0 0 0
1489239668.237272263 0.307719 0.0384346 0 0 0 0 0
1489239668.302155972 0.37047 0.0694085 0 0 0 0 0
1489239668.338961124 0.32655 -0.163147 0 0 0 0 0
1489239668.368700027 0.454659 -0 0 0 0 0 0
1489239668.399560452 0.389454 0.194574 0 0 0 0 0
1489239668.445612907 0.293601 -0.162984 0 0 0 0 0
1489239668.471354008 0.466908 0.0583177 0 0 0 0 0
1489239668.503243208 0.424001 -0 0 0 0 0 0
1489239668.538514137 0.383349 -0 0 0 0 0 0
1489239668.570661783 0.420593 0.0466958 0 0 0 0 0
1489239668.603418589 0.412771 -0.0916549 0 0 0 0 0
1489239668.636680365 0.361337 -0.0451317 0 0 0 0 0
1489239668.670700312 0.397445 0.0441259 0 0 0 0 0
1489239668.700815916 0.399086 0.249233 0 0 0 0 0
1489239668.742554665 0.287951 -0.179828 0 0 0 0 0
1489239668.770813465 0.478473 -0 0 0 0 0 0
1489239668.807556868 0.327099 0.204276 0 0 0 0 0
1489239668.842324972 0.388893 -0 0 0 0 0 0
1489239668.901412487 0.406811 -0.0508114 0 0 0 0 0
1489239668.938149691 0.327154 0.163449 0 0 0 0 0
1489239668.969375134 0.384902 0.144225 0 0 0 0 0
1489239669.002651930 0.361174 -0.0902227 0 0 0 0 0
1489239669.041223764 0.311593 -0 0 0 0 0 0
1489239669.071218967 0.450774 0.15014 0 0 0 0 0
1489239669.104397058 0.362249 0.0904911 0 0 0 0 0
1489239669.138820648 0.392785 -0.218042 0 0 0 0 0
1489239669.171320438 0.416036 0.13857 0 0 0 0 0
1489239669.202733040 0.430435 0.382308 0 0 0 0 0
1489239669.239768267 0.365087 -0.324267 0 0 0 0 0
1489239669.273905039 0.396085 -0 0 0 0 0 0
1489239669.308294058 0.39318 0.305566 0 0 0 0 0
1489239669.339437008 0.434161 -0 0 0 0 0 0
1489239669.370656490 0.433097 -0.192336 0 0 0 0 0
1489239669.438674927 0.419658 0.11035 0 0 0 0 0
1489239669.470533848 0.424404 -0.141357 0 0 0 0 0
1489239669.501725435 0.481649 -0.192508 0 0 0 0 0
1489239669.535232544 0.448365 0.268808 0 0 0 0 0
1489239669.571658611 0.412436 -0 0 0 0 0 0
1489239669.604852676 0.407334 -0.271343 0 0 0 0 0
1489239669.640399218 0.422641 0.168923 0 0 0 0 0
1489239669.669849873 0.459109 0.25486 0 0 0 0 0
1489239669.702786446 0.410518 -0.227887 0 0 0 0 0
1489239669.737363338 0.391043 -0 0 0 0 0 0
1489239669.769195557 0.42476 0.377268 0 0 0 0 0
1489239669.801988125 0.366508 -0 0 0 0 0 0
1489239669.837764025 0.377938 -0.12588 0 0 0 0 0
1489239669.866481304 0.418519 0.209095 0 0 0 0 0
1489239669.899564505 0.408699 0.0453753 0 0 0 0 0
1489239669.942167044 0.317377 0.0352364 0 0 0 0 0
1489239669.971745253 0.406337 0.101505 0 0 0 0 0
1489239670.001528025 0.45399 -0 0 0 0 0 0
1489239670.069605350 0.397227 0.0882033 0 0 0 0 0
1489239670.105603933 0.3756 -0 0 0 0 0 0
1489239670.140948296 0.382552 0.127417 0 0 0 0 0
1489239670.171503782 0.442509 -0.098258 0 0 0 0 0
1489239670.203541279 0.422039 0.140569 0 0 0 0 0
1489239670.239097834 0.380269 -0 0 0 0 0 0
1489239670.268307686 0.514327 -0 0 0 0 0 0
1489239670.300352097 0.421948 0.187385 0 0 0 0 0
1489239670.338068962 0.398321 -0.159203 0 0 0 0 0
1489239670.368733883 0.440929 0.293722 0 0 0 0 0
1489239670.408164024 0.381013 -0.0761428 0 0 0 0 0
1489239670.437888861 0.505416 -0 0 0 0 0 0
1489239670.470475435 0.461031 0.368535 0 0 0 0 0
1489239670.508542061 0.355195 -0.0788702 0 0 0 0 0
1489239670.572573662 0.445787 -0 0 0 0 0 0
1489239670.602690697 0.448951 0.149533 0 0 0 0 0
1489239670.639290571 0.410477 -0.0820309 0 0 0 0 0
1489239670.670535088 0.43275 -0 0 0 0 0 0
1489239670.705154657 0.433957 0.0867232 0 0 0 0 0
1489239670.738935947 0.400253 0.0888753 0 0 0 0 0
1489239670.770512104 0.428205 -0.047541 0 0 0 0 0
1489239670.800620079 0.498984 0.0997185 0 0 0 0 0
1489239670.838979959 0.352479 0.234802 0 0 0 0 0
1489239670.870876312 0.423906 -0.141191 0 0 0 0 0
1489239670.904249668 0.405146 -0.0899616 0 0 0 0 0
1489239670.938919544 0.389995 0.303091 0 0 0 0 0
1489239670.972193480 0.406356 0.0451152 0 0 0 0 0
1489239671.003389835 0.433418 -0.192479 0 0 0 0 0
1489239671.038633823 0.383642 0.0425934 0 0 0 0 0
1489239671.070549488 0.42365 0.235176 0 0 0 0 0
1489239671.102291822 0.425963 -0.141876 0 0 0 0 0
1489239671.138100386 0.419548 0.0419218 0 0 0 0 0
1489239671.170987606 0.411134 0.182583 0 0 0 0 0
1489239671.203611135 0.414458 -0.184059 0 0 0 0 0
1489239671.240179300 0.36975 0.123153 0 0 0 0 0
1489239671.271100998 0.437268 0.242736 0 0 0 0 0
1489239671.302614927 0.429051 -0.190539 0 0 0 0 0
1489239671.335785389 0.407624 -0 0 0 0 0 0
1489239671.402074575 0.407942 0.0452913 0 0 0 0 0
1489239671.439931631 0.357161 -0 0 0 0 0 0
1489239671.468893290 0.414988 0.103665 0 0 0 0 0
1489239671.499455690 0.442409 -0 0 0 0 0 0
1489239671.537275553 0.357512 -0 0 0 0 0 0
1489239671.570743322 0.404003 0.0897078 0 0 0 0 0
1489239671.603842497 0.363113 -0.181414 0 0 0 0 0
1489239671.639463663 0.37958 0.0842848 0 0 0 0 0
1489239671.669382095 0.401716 0.10035 0 0 0 0 0
1489239671.701178074 0.377995 -0.0944246 0 0 0 0 0
1489239671.738060236 0.325868 0.0814031 0 0 0 0 0
1489239671.771052122 0.364293 0.136503 0 0 0 0 0
1489239671.802533150 0.334055 -0.0476846 0 0 0 0 0
1489239671.840390921 0.317471 -0.118958 0 0 0 0 0
1489239671.899137974 0.383596 0.178871 0 0 0 0 0
1489239671.938568592 0.304807 -0.190355 0 0 0 0 0
1489239671.971141100 0.322861 0.0921735 0 0 0 0 0
1489239672.003001928 0.377226 0.188465 0 0 0 0 0
1489239672.039343357 0.289377 0.0413071 0 0 0 0 0
1489239672.071152925 0.330604 -0.0943842 0 0 0 0 0
1489239672.101999521 0.389629 -0 0 0 0 0 0
1489239672.138573408 0.328615 0.205223 0 0 0 0 0
1489239672.167368412 0.365216 -0.0521327 0 0 0 0 0
1489239672.200428009 0.363547 -0.181631 0 0 0 0 0
1489239672.239006519 0.311539 0.0778237 0 0 0 0 0
1489239672.272196054 0.362124 0.18092 0 0 0 0 0
1489239672.301835537 0.405497 -0.101295 0 0 0 0 0
1489239672.344269991 0.247827 -0.035376 0 0 0 0 0
1489239672.370374918 0.460401 0.172515 0 0 0 0 0
1489239672.401095867 0.391223 0.0977288 0 0 0 0 0
1489239672.439039469 0.316752 -0.0791259 0 0 0 0 0
1489239672.503548145 0.372624 0.069812 0 0 0 0 0
1489239672.539184570 0.33726 0.126373 0 0 0 0 0
1489239672.571217537 0.375199 -0.187452 0 0 0 0 0
1489239672.603187084 0.375943 0.187824 0 0 0 0 0
1489239672.637932062 0.302674 0.0864102 0 0 0 0 0
1489239672.673641205 0.336573 -0.0420386 0 0 0 0 0
1489239672.703298330 0.405256 0.101234 0 0 0 0 0
1489239672.738008261 0.346262 -0.0864975 0 0 0 0 0
1489239672.769678354 0.379498 0.1896 0 0 0 0 0
1489239672.800964832 0.384151 -0 0 0 0 0 0
1489239672.837070942 0.332872 -0.124729 0 0 0 0 0
1489239672.869772911 0.367523 0.0918086 0 0 0 0 0
1489239672.900640249 0.389367 0.145898 0 0 0 0 0
1489239672.944526911 0.239626 -0.0684108 0 0 0 0 0
1489239672.971376657 0.447629 0.167729 0 0 0 0 0
1489239672.999047995 0.380046 -0 0 0 0 0 0
1489239673.043007851 0.273402 -0.136594 0 0 0 0 0
1489239673.070534229 0.382048 0.490818 0 0 0 0 0
1489239673.101409197 0.389271 -0 0 0 0 0 0
1489239673.138979435 0.3199 -0.119868 0 0 0 0 0
1489239673.171070576 0.327704 0.0935561 0 0 0 0 0
1489239673.202695608 0.380038 0.0474675 0 0 0 0 0
1489239673.242719889 0.26275 0.187531 0 0 0 0 0
1489239673.272531986 0.352756 -0.201416 0 0 0 0 0
1489239673.303300142 0.390622 0.195158 0 0 0 0 0
1489239673.339096546 0.293783 0.0419361 0 0 0 0 0
1489239673.371238708 0.373924 -0 0 0 0 0 0
1489239673.402547359 0.335894 0.191789 0 0 0 0 0
1489239673.438226461 0.336856 -0.042074 0 0 0 0 0
1489239673.466666698 0.369771 0.052783 0 0 0 0 0
1489239673.500241518 0.313222 0.178844 0 0 0 0 0
1489239673.539067030 0.309557 -0.0386643 0 0 0 0 0
1489239673.571345568 0.325801 0.139519 0 0 0 0 0
1489239673.603609324 0.372515 -0 0 0 0 0 0
1489239673.640312910 0.327454 0.0817991 0 0 0 0 0
1489239673.670042038 0.404274 0.201978 0 0 0 0 0
1489239673.701812506 0.378299 -0.0945004 0 0 0 0 0
1489239673.736082077 0.350711 0.087609 0 0 0 0 0
1489239673.803346634 0.357357 0.0446345 0 0 0 0 0
1489239673.838973284 0.337352 0.0842718 0 0 0 0 0
1489239673.868740320 0.40376 -0 0 0 0 0 0
1489239673.904054642 0.340336 -0 0 0 0 0 0
1489239673.937918663 0.354911 0.221645 0 0 0 0 0
1489239673.969500780 0.380555 -0.095064 0 0 0 0 0
1489239674.000350475 0.38959 -0.0486605 0 0 0 0 0
1489239674.037645817 0.322258 0.201253 0 0 0 0 0
1489239674.069886446 0.372782 0.0931223 0 0 0 0 0
1489239674.100984097 0.386483 -0.096545 0 0 0 0 0
1489239674.136777878 0.335777 -0 0 0 0 0 0
1489239674.170304537 0.358483 0.313426 0 0 0 0 0
1489239674.200915575 0.392627 0.14712 0 0 0 0 0
1489239674.237151384 0.290221 -0.124283 0 0 0 0 0
1489239674.270036936 0.365471 -0 0 0 0 0 0
1489239674.300883770 0.389626 0.29199 0 0 0 0 0
1489239674.335612774 0.346072 0.08645 0 0 0 0 0
1489239674.371375799 0.294058 -0.0839504 0 0 0 0 0
1489239674.400813818 0.408272 0.0509939 0 0 0 0 0
1489239674.440568924 0.302319 0.188801 0 0 0 0 0
1489239674.470571995 0.400583 -0.150101 0 0 0 0 0
1489239674.506781816 0.331919 -0 0 0 0 0 0
1489239674.544076443 0.322264 0.120754 0 0 0 0 0
1489239674.574133873 0.399859 0.249715 0 0 0 0 0
1489239674.601395845 0.440861 -0 0 0 0 0 0
1489239674.645856142 0.270325 -0.16882 0 0 0 0 0
1489239674.673306227 0.492569 0.273435 0 0 0 0 0
1489239674.705133915 0.377619 0.188661 0 0 0 0 0
1489239674.737760544 0.368372 -0.138031 0 0 0 0 0
1489239674.776097536 0.313502 -0 0 0 0 0 0
1489239674.805281639 0.411824 0.20575 0 0 0 0 0
1489239674.838927269 0.357215 -0.0892336 0 0 0 0 0
1489239674.870057821 0.337816 0.144664 0 0 0 0 0
1489239674.901698112 0.379855 -0 0 0 0 0 0
1489239674.944430113 0.281258 -0.0351297 0 0 0 0 0
1489239674.978132248 0.356616 0.356336 0 0 0 0 0
1489239675.009073019 0.339888 -0.145552 0 0 0 0 0
1489239675.070049524 0.36957 0.0492374 0 0 0 0 0
1489239675.103028536 0.318881 0.182075 0 0 0 0 0
1489239675.138320208 0.340554 -0.170143 0 0 0 0 0
1489239675.170667648 0.325107 -0.0464074 0 0 0 0 0
1489239675.199782610 0.412802 0.206239 0 0 0 0 0
1489239675.237344742 0.319969 -0.0399647 0 0 0 0 0
1489239675.276324034 0.269794 -0.0770235 0 0 0 0 0
1489239675.304626942 0.371566 -0.212156 0 0 0 0 0
1489239675.340945482 0.28956 0.124 0 0 0 0 0
1489239675.373500109 0.323038 -0 0 0 0 0 0
1489239675.403992653 0.344884 -0.246152 0 0 0 0 0
1489239675.445696354 0.216145 -0.0359959 0 0 0 0 0
1489239675.474540949 0.312504 -0.104086 0 0 0 0 0
1489239675.504301310 0.302888 -0 0 0 0 0 0
1489239675.571140528 0.224769 -0.0898371 0 0 0 0 0
1489239675.600696087 0.254155 -0 0 0 0 0 0
1489239675.643040180 0.141917 -0 0 0 0 0 0
1489239675.702111721 0.152595 -0.127063 0 0 0 0 0
1489239675.801861048 0.090367 -0.0300987 0 0 0 0 0
1489239675.870231152 0.0219737 0.0219564 0 0 0 0 0
1489239675.907237768 -0 -0 0 0 0 0 0
1489239675.946969986 -0 -0.0755639 0 0 0 0 0
1489239675.974182844 -0 -0 0 0 0 0 0
1489239676.005092382 -0 0.0485663 0 0 0 0 0
1489239676.040012360 -0 -0.0859772 0 0 0 0 0
1489239676.071833134 -0 -0.141526 0 0 0 0 0
1489239676.103565931 -0 -0.0946126 0 0 0 0 0
1489239676.172591925 -0 -0.086991 0 0 0 0 0
1489239676.202592611 -0 -0.150113 0 0 0 0 0
1489239676.238939047 -0 -0 0 0 0 0 0
1489239676.268355370 -0 -0.255158 0 0 0 0 0
1489239676.299719095 0.0479006 -0.239315 0 0 0 0 0
1489239676.345280170 0.0329742 -0.098845 0 0 0 0 0
1489239676.375101805 0.0503775 -0.100676 0 0 0 0 0
1489239676.405895233 -0 -0.389995 0 0 0 0 0
1489239676.470090389 0.0468054 -0.187075 0 0 0 0 0
1489239676.502518892 -0 -0.370331 0 0 0 0 0
1489239676.538402081 -0 -0.418347 0 0 0 0 0
1489239676.572304964 -0 -0.177113 0 0 0 0 0
1489239676.600960016 0.104857 -0.419098 0 0 0 0 0
1489239676.637036800 -0 -0.332881 0 0 0 0 0
1489239676.670547247 0.044832 -0.447968 0 0 0 0 0
1489239676.701761961 -0 -0.384732 0 0 0 0 0
1489239676.735737801 -0 -0.397649 0 0 0 0 0
1489239676.802863121 0.0223811 -0.357817 0 0 0 0 0
1489239676.836481094 -0 -0.446535 0 0 0 0 0
1489239676.877093077 -0 -0.369635 0 0 0 0 0
1489239676.906169415 -0 -0.567911 0 0 0 0 0
1489239676.938439131 -0 -0.465192 0 0 0 0 0
1489239676.970831633 -0 -0.370743 0 0 0 0 0
1489239677.001339197 -0 -0.590474 0 0 0 0 0
1489239677.044246197 -0 -0.38485 0 0 0 0 0
1489239677.071945667 -0 -0.650335 0 0 0 0 0
1489239677.103650808 -0 -0.426128 0 0 0 0 0
1489239677.140406370 -0 -0.490101 0 0 0 0 0
1489239677.170480728 -0 -0.549065 0 0 0 0 0
1489239677.203256130 -0 -0.549617 0 0 0 0 0
1489239677.238333464 -0 -0.427957 0 0 0 0 0
1489239677.271200895 -0.0457091 -0.319712 0 0 0 0 0
1489239677.303298712 -0.0468051 -0.701525 0 0 0 0 0
1489239677.337247610 -0 -0.442182 0 0 0 0 0
1489239677.376238585 -0 -0.231001 0 0 0 0 0
1489239677.404906034 -0.0524058 -0.78547 0 0 0 0 0
1489239677.440278292 -0.0424723 -0.636584 0 0 0 0 0
1489239677.502206326 -0.0485189 -0.460568 0 0 0 0 0
1489239677.538437605 -0.0414653 -0.497193 0 0 0 0 0
1489239677.571244478 -0.0457935 -0.640605 0 0 0 0 0
1489239677.603192568 -0.0470244 -0.18795 0 0 0 0 0
1489239677.640651703 -0.0802123 -0.641194 0 0 0 0 0
1489239677.670349360 -0.101176 -0.80877 0 0 0 0 0
1489239677.701102495 -0.0488516 -0.29288 0 0 0 0 0
1489239677.744842052 -0.0343474 -0.377525 0 0 0 0 0
1489239677.770372868 -0.117688 -0.823172 0 0 0 0 0
1489239677.802840233 -0.0462723 -0.647304 0 0 0 0 0
1489239677.836396217 -0.0447712 -0.402624 0 0 0 0 0
1489239677.869930029 -0.0448008 -0.447656 0 0 0 0 0
1489239677.900722980 -0.0975769 -0.731252 0 0 0 0 0
1489239677.937791348 -0.0405289 -0.445468 0 0 0 0 0
1489239677.969696522 -0.0941754 -0.517558 0 0 0 0 0
1489239678.001126528 -0.0477996 -0.811954 0 0 0 0 0
1489239678.043911457 -0.0702276 -0.491207 0 0 0 0 0
1489239678.068943739 -0.0600161 -0.419783 0 0 0 0 0
1489239678.100626945 -0.0948352 -0.900226 0 0 0 0 0
1489239678.144020557 -0.0692425 -0.484317 0 0 0 0 0
1489239678.169710398 -0.11696 -0.58434 0 0 0 0 0
1489239678.200577021 -0.048672 -0.680873 0 0 0 0 0
1489239678.245220900 -0.0673033 -0.403503 0 0 0 0 0
1489239678.274364948 -0.103098 -0.824133 0 0 0 0 0
1489239678.303498030 -0.0515682 -0.721388 0 0 0 0 0
1489239678.339333057 -0.0838476 -0.335127 0 0 0 0 0
1489239678.401006460 -0.0974385 -0.778896 0 0 0 0 0
1489239678.436835527 -0.0838616 -0.335183 0 0 0 0 0
1489239678.469870329 -0.090955 -0.636185 0 0 0 0 0
1489239678.499605894 -0.101047 -0.807739 0 0 0 0 0
1489239678.543728113 -0.0680991 -0.408273 0 0 0 0 0
1489239678.571888924 -0.106697 -0.746294 0 0 0 0 0
1489239678.602817535 -0.0971489 -0.630972 0 0 0 0 0
1489239678.636403799 -0.134192 -0.581044 0 0 0 0 0
1489239678.669615746 -0.045235 -0.677991 0 0 0 0 0
1489239678.701949120 -0.0929282 -0.324993 0 0 0 0 0
1489239678.738858223 -0.0814076 -0.813437 0 0 0 0 0
1489239678.769974947 -0.0965616 -0.6754 0 0 0 0 0
1489239678.799122572 -0.103085 -0.25751 0 0 0 0 0
1489239678.843851566 -0.0671753 -0.53698 0 0 0 0 0
1489239678.870592356 -0.112363 -0.67365 0 0 0 0 0
1489239678.901454926 -0.0973568 -0.486402 0 0 0 0 0
1489239678.937846184 -0.082566 -0.371255 0 0 0 0 0
1489239679.001616001 -0.0942352 -0.564967 0 0 0 0 0
1489239679.038241386 -0.0820382 -0.491843 0 0 0 0 0
1489239679.071229935 -0.0910826 -0.364044 0 0 0 0 0
1489239679.102689743 -0.0955086 -0.477168 0 0 0 0 0
1489239679.137752533 -0.0856943 -0.556576 0 0 0 0 0
1489239679.169874907 -0.0935386 -0.514058 0 0 0 0 0
1489239679.200634718 -0.0976821 -0.439224 0 0 0 0 0
1489239679.244275808 -0.0688498 -0.275183 0 0 0 0 0
1489239679.271412611 -0.166085 -0.774456 0 0 0 0 0
1489239679.302053452 -0.0980613 -0.587906 0 0 0 0 0
1489239679.336849451 -0.0863514 -0.258851 0 0 0 0 0
1489239679.369378805 -0.0923683 -0.64607 0 0 0 0 0
1489239679.399406672 -0.100063 -0.699892 0 0 0 0 0
1489239679.438524485 -0.0768111 -0.115126 0 0 0 0 0
1489239679.471099138 -0.0922399 -0.645172 0 0 0 0 0
1489239679.503095865 -0.0939059 -0.703741 0 0 0 0 0
1489239679.538035393 -0.0859966 -0.515574 0 0 0 0 0
1489239679.568901300 -0.0973463 -0.486349 0 0 0 0 0
1489239679.599957943 -0.0967484 -0.580035 0 0 0 0 0
1489239679.636461020 -0.0823131 -0.493491 0 0 0 0 0
1489239679.668869972 -0.0927115 -0.648471 0 0 0 0 0
1489239679.700531244 -0.0949009 -0.474132 0 0 0 0 0
1489239679.739028931 -0.0780484 -0.311948 0 0 0 0 0
1489239679.770177364 -0.0964633 -0.819294 0 0 0 0 0
1489239679.801920891 -0.0946549 -0.472903 0 0 0 0 0
1489239679.869399786 -0.0890555 -0.511667 0 0 0 0 0
1489239679.901923895 -0.0923832 -0.600019 0 0 0 0 0
1489239679.938145638 -0.0829524 -0.45588 0 0 0 0 0
1489239679.969493866 -0.0958485 -0.574639 0 0 0 0 0
1489239680.000305891 -0.0975165 -0.63336 0 0 0 0 0
1489239680.036440134 -0.0831533 -0.581616 0 0 0 0 0
1489239680.069754601 -0.0901915 -0.630845 0 0 0 0 0
1489239680.102420330 -0.0919827 -0.321687 0 0 0 0 0
1489239680.137340069 -0.0860454 -0.687822 0 0 0 0 0
1489239680.169729233 -0.0927681 -0.648867 0 0 0 0 0
1489239680.200907230 -0.0963719 -0.337037 0 0 0 0 0
1489239680.237878799 -0.0812701 -0.568444 0 0 0 0 0
1489239680.269326925 -0.0955441 -0.668283 0 0 0 0 0
1489239680.302582264 -0.0903519 -0.586826 0 0 0 0 0
1489239680.341896772 -0.0764268 -0.267284 0 0 0 0 0
1489239680.370810032 -0.103921 -0.726872 0 0 0 0 0
1489239680.402582407 -0.094569 -0.755958 0 0 0 0 0
1489239680.436341047 -0.0890048 -0.35574 0 0 0 0 0
1489239680.467951298 -0.095054 -0.474897 0 0 0 0 0
1489239680.500212669 -0.0931356 -0.558375 0 0 0 0 0
1489239680.543336868 -0.0696751 -0.452532 0 0 0 0 0
1489239680.601057768 -0.104111 -0.572159 0 0 0 0 0
1489239680.635217190 -0.0879606 -0.527349 0 0 0 0 0
1489239680.674412489 -0.0766592 -0.574493 0 0 0 0 0
1489239680.705554962 -0.0482409 -0.385624 0 0 0 0 0
1489239680.738600969 -0.0454621 -0.49969 0 0 0 0 0
1489239680.769230127 -0.0980987 -0.784173 0 0 0 0 0
1489239680.801707029 -0.0925175 -0.554669 0 0 0 0 0
1489239680.838284969 -0.0410723 -0.16416 0 0 0 0 0
1489239680.871823549 -0.0895888 -0.626629 0 0 0 0 0
1489239680.904058933 -0.0932107 -0.7451 0 0 0 0 0
1489239680.938276768 -0.0439052 -0.263224 0 0 0 0 0
1489239680.969800949 -0.0476568 -0.285716 0 0 0 0 0
1489239681.002298594 -0.0924584 -0.739087 0 0 0 0 0
1489239681.069105625 -0.0449755 -0.426932 0 0 0 0 0
1489239681.101994038 -0.0913599 -0.365153 0 0 0 0 0
1489239681.133730412 -0.0946763 -0.756815 0 0 0 0 0
1489239681.201139450 -0.0445739 -0.311772 0 0 0 0 0
1489239681.239087105 -0.0791796 -0.553822 0 0 0 0 0
1489239681.269394636 -0.0991398 -0.693433 0 0 0 0 0
1489239681.300562143 -0.0964043 -0.240821 0 0 0 0 0
1489239681.336375952 -0.0419486 -0.502988 0 0 0 0 0
1489239681.371187687 -0.0863123 -0.3881 0 0 0 0 0
1489239681.402976274 -0.0472604 -0.425009 0 0 0 0 0
1489239681.437622786 -0.0867239 -0.433279 0 0 0 0 0
1489239681.471241474 -0.0446877 -0.357221 0 0 0 0 0
1489239681.503161192 -0.0941325 -0.329205 0 0 0 0 0
1489239681.537476778 -0.0875603 -0.524949 0 0 0 0 0
1489239681.571505785 -0.0882977 -0.441142 0 0 0 0 0
1489239681.603389025 -0.0942402 -0.188332 0 0 0 0 0
1489239681.636723042 -0.0901386 -0.405305 0 0 0 0 0
1489239681.668129206 -0.0956717 -0.669176 0 0 0 0 0
1489239681.703059673 -0 -0.214878 0 0 0 0 0
1489239681.741119623 -0.078946 -0.078884 0 0 0 0 0
1489239681.772343874 -0.0962291 -0.769228 0 0 0 0 0
1489239681.803446293 -0.096606 -0.386121 0 0 0 0 0
1489239681.839332342 -0.0418642 -0.125494 0 0 0 0 0
1489239681.872431993 -0.0907768 -0.362822 0 0 0 0 0
1489239681.903608799 -0.0963755 -0.674099 0 0 0 0 0
1489239681.940644741 -0.0405644 -0.32426 0 0 0 0 0
1489239681.971505880 -0.0973613 -0.0972849 0 0 0 0 0
1489239682.003484249 -0.0469799 -0.563316 0 0 0 0 0
1489239682.039239407 -0.0840349 -0.419845 0 0 0 0 0
1489239682.072376966 -0.0453365 -0.362407 0 0 0 0 0
1489239682.103950739 -0.0475819 -0.190178 0 0 0 0 0
1489239682.169249535 -0.0920287 -0.551738 0 0 0 0 0
1489239682.199985743 -0.0488785 -0.195361 0 0 0 0 0
1489239682.238262415 -0.0392495 -0.156875 0 0 0 0 0
1489239682.267479181 -0.0514205 -0.667941 0 0 0 0 0
1489239682.300831079 -0.0450451 -0.270059 0 0 0 0 0
1489239682.370332003 -0.0648484 -0.345586 0 0 0 0 0
1489239682.402782679 -0.0925923 -0.370078 0 0 0 0 0
1489239682.439568996 -0.0408397 -0.367268 0 0 0 0 0
1489239682.469547510 -0.100228 -0.400596 0 0 0 0 0
1489239682.502891302 -0.0450561 -0.180083 0 0 0 0 0
1489239682.538367987 -0.0846945 -0.338512 0 0 0 0 0
1489239682.571036577 -0.0459873 -0.36761 0 0 0 0 0
1489239682.603492260 -0.092578 -0.185011 0 0 0 0 0
1489239682.645181179 -0.0360369 -0.25206 0 0 0 0 0
1489239682.677082300 -0.0470937 -0.329397 0 0 0 0 0
1489239682.703151703 -0.0576285 -0.345499 0 0 0 0 0
1489239682.739750862 -0.0410485 -0.287114 0 0 0 0 0
1489239682.772029400 -0.046543 -0.279039 0 0 0 0 0
1489239682.804112196 -0.046827 -0.374322 0 0 0 0 0
1489239682.840865612 -0.0408762 -0.204221 0 0 0 0 0
1489239682.870685101 -0.0503812 -0.201366 0 0 0 0 0
1489239682.902736187 -0.0468733 -0.374692 0 0 0 0 0
1489239682.935806513 -0.0454287 -0.136179 0 0 0 0 0
1489239682.969290018 -0.0448681 -0.134499 0 0 0 0 0
1489239683.001787663 -0.0924584 -0.138579 0 0 0 0 0
1489239683.037772417 -0.0834987 -0.208583 0 0 0 0 0
1489239683.071385860 -0.0893893 -0.178638 0 0 0 0 0
1489239683.103729725 -0.092898 0.0464125 0 0 0 0 0
1489239683.140562534 -0.0815762 -0.163024 0 0 0 0 0
1489239683.172043562 -0.0954442 -0.0953692 0 0 0 0 0
1489239683.202821255 -0.0976253 0.0975486 0 0 0 0 0
1489239683.240058422 -0.0806904 -0 0 0 0 0 0
1489239683.271580458 -0.09532 -0.142868 0 0 0 0 0
1489239683.305074215 -0.0897087 0.0896382 0 0 0 0 0
1489239683.371063471 -0.136599 -0.0909943 0 0 0 0 0
1489239683.402264118 -0.144453 0.0481131 0 0 0 0 0
1489239683.438843012 -0.164285 -0 0 0 0 0 0
1489239683.469483852 -0.147092 -0.0979843 0 0 0 0 0
1489239683.502745628 -0.180669 -0.135395 0 0 0 0 0
1489239683.537416458 -0.173326 -0 0 0 0 0 0
1489239683.570326567 -0.182599 -0.045614 0 0 0 0 0
1489239683.601696253 -0.191566 -0.191415 0 0 0 0 0
1489239683.637727261 -0.208479 -0.166652 0 0 0 0 0
1489239683.670583010 -0.228627 -0.0913789 0 0 0 0 0
1489239683.703897953 -0.270571 -0 0 0 0 0 0
1489239683.738340616 -0.30533 -0.130753 0 0 0 0 0
1489239683.770867348 -0.323315 -0.230758 0 0 0 0 0
1489239683.801903486 -0.338843 0.0967363 0 0 0 0 0
1489239683.846218109 -0.237312 0.1355 0 0 0 0 0
1489239683.873252630 -0.500141 -0.277638 0 0 0 0 0
1489239683.905343771 -0.374519 -0 0 0 0 0 0
1489239683.938219786 -0.411275 0.182645 0 0 0 0 0
1489239683.969292641 -0.435141 0.048311 0 0 0 0 0
1489239684.000268698 -0.485001 -0.048462 0 0 0 0 0
1489239684.039123297 -0.347991 -0 0 0 0 0 0
1489239684.068756104 -0.506986 -0 0 0 0 0 0
1489239684.107846022 -0.384329 -0.0768055 0 0 0 0 0
1489239684.138336658 -0.44345 -0.098467 0 0 0 0 0
1489239684.169916153 -0.475733 0.142608 0 0 0 0 0
1489239684.202036381 -0.467724 -0.186943 0 0 0 0 0
1489239684.270315409 -0.440059 0.0439714 0 0 0 0 0
1489239684.305888653 -0.422323 -0.0421992 0 0 0 0 0
1489239684.338350773 -0.462798 -0.0924869 0 0 0 0 0
1489239684.372136831 -0.444663 -0.0444314 0 0 0 0 0
1489239684.403542519 -0.478366 0.191196 0 0 0 0 0
1489239684.440984488 -0.44137 -0.080186 0 0 0 0 0
1489239684.471125841 -0.548275 -0.348628 0 0 0 0 0
1489239684.501730442 -0.490887 0.196201 0 0 0 0 0
1489239684.538379669 -0.409924 0.0819205 0 0 0 0 0
1489239684.571344614 -0.501313 -0.136614 0 0 0 0 0
1489239684.601794243 -0.592063 0.0985996 0 0 0 0 0
1489239684.635725975 -0.531305 -0 0 0 0 0 0
1489239684.671078205 -0.509956 -0.169852 0 0 0 0 0
1489239684.706889629 -0.503417 -0 0 0 0 0 0
1489239684.739361286 -0.555195 0.18492 0 0 0 0 0
1489239684.768086910 -0.627596 -0.104517 0 0 0 0 0
1489239684.804440022 -0.495916 -0.165175 0 0 0 0 0
1489239684.836491585 -0.562471 0.0936716 0 0 0 0 0
1489239684.869251490 -0.55031 0.183292 0 0 0 0 0
1489239684.902743101 -0.538287 -0.179288 0 0 0 0 0
1489239684.934821844 -0.561995 -0.233981 0 0 0 0 0
1489239685.000045061 -0.506744 0.16111 0 0 0 0 0
1489239685.037486315 -0.481503 -0 0 0 0 0 0
1489239685.067782164 -0.595068 -0.4955 0 0 0 0 0
1489239685.100012779 -0.512735 0.232878 0 0 0 0 0
1489239685.137810230 -0.437219 0.436875 0 0 0 0 0
1489239685.170150518 -0.55745 -0.557012 0 0 0 0 0
1489239685.202028990 -0.565526 -0 0 0 0 0 0
1489239685.239646912 -0.479242 0.239433 0 0 0 0 0
1489239685.270120859 -0.59159 -0.246302 0 0 0 0 0
1489239685.302947521 -0.54919 -0.18292 0 0 0 0 0
1489239685.338334084 -0.509461 0.0848435 0 0 0 0 0
1489239685.371230602 -0.548024 0.0912656 0 0 0 0 0
1489239685.403082371 -0.613166 -0.235648 0 0 0 0 0
1489239685.439347982 -0.497113 -0.124181 0 0 0 0 0
1489239685.467112541 -0.64932 0.21627 0 0 0 0 0
1489239685.499821901 -0.55116 0.0917878 0 0 0 0 0
1489239685.537467718 -0.478887 -0.319007 0 0 0 0 0
1489239685.570889711 -0.539408 -0 0 0 0 0 0
1489239685.603204012 -0.511407 0.18582 0 0 0 0 0
1489239685.639262676 -0.499966 -0.124893 0 0 0 0 0
1489239685.668644667 -0.613576 -0.102182 0 0 0 0 0
1489239685.702213287 -0.537052 -0.134158 0 0 0 0 0
1489239685.733187675 -0.533529 0.290787 0 0 0 0 0
1489239685.765256882 -0.562162 -0 0 0 0 0 0
1489239685.799733400 -0.522909 -0.348332 0 0 0 0 0
1489239685.841921568 -0.427326 0.071165 0 0 0 0 0
1489239685.870743036 -0.625509 0.260424 0 0 0 0 0
1489239685.903730869 -0.546507 -0 0 0 0 0 0
1489239685.938495874 -0.561784 -0.345442 0 0 0 0 0
1489239685.997351885 -0.612617 0.255056 0 0 0 0 0
1489239686.044385433 -0.415245 -0.223418 0 0 0 0 0
1489239686.071810484 -0.712138 -0 0 0 0 0 0
1489239686.102785587 -0.63052 0.484635 0 0 0 0 0
1489239686.137291670 -0.566 -0.261025 0 0 0 0 0
1489239686.168801308 -0.619824 -0.190565 0 0 0 0 0
1489239686.203878641 -0.513953 0.171183 0 0 0 0 0
1489239686.241954327 -0.47348 -0 0 0 0 0 0
1489239686.269261599 -0.71521 0.109946 0 0 0 0 0
1489239686.303494453 -0.570517 -0.394663 0 0 0 0 0
1489239686.336834192 -0.540739 0.270157 0 0 0 0 0
1489239686.374691248 -0.476215 -0 0 0 0 0 0
1489239686.404058456 -0.665042 -0.306701 0 0 0 0 0
1489239686.446093082 -0.464627 0.071425 0 0 0 0 0
1489239686.473259449 -0.663618 0.165774 0 0 0 0 0
1489239686.502853394 -0.659947 -0.152176 0 0 0 0 0
1489239686.548103571 -0.43161 -0.165873 0 0 0 0 0
1489239686.576064825 -0.644753 0.37581 0 0 0 0 0
1489239686.647938490 -0.271733 -0 0 0 0 0 0
1489239686.702423334 -1.07537 -0.0551038 0 0 0 0 0
1489239686.766498089 -0.633061 -0.187426 0 0 0 0 0
1489239686.797029495 -0.639683 -0 0 0 0 0 0
1489239686.871664762 -0.523357 0.0402266 0 0 0 0 0
1489239686.939121723 -0.579049 -0 0 0 0 0 0
1489239686.968652248 -0.661364 -0.305005 0 0 0 0 0
1489239687.037745237 -0.543594 0.0869067 0 0 0 0 0
1489239687.065018892 -0.661007 -0.220163 0 0 0 0 0
1489239687.146055937 -0.444935 -0.0370488 0 0 0 0 0
1489239687.172324896 -0.686289 0.171437 0 0 0 0 0
1489239687.244242668 -0.522243 -0.146113 0 0 0 0 0
1489239687.275521994 -0.576358 0.0959842 0 0 0 0 0
1489239687.347531080 -0.52158 -0.125081 0 0 0 0 0
1489239687.372840166 -0.712317 -0.237252 0 0 0 0 0
1489239687.437052727 -0.561513 0.280536 0 0 0 0 0
1489239687.470384359 -0.585943 -0.495408 0 0 0 0 0
1489239687.499522686 -0.670266 0.257592 0 0 0 0 0
1489239687.536979675 -0.481301 0.200385 0 0 0 0 0
1489239687.568584442 -0.617958 -0.23749 0 0 0 0 0
1489239687.608528852 -0.48894 -0.0375812 0 0 0 0 0
1489239687.638571262 -0.600088 -0 0 0 0 0 0
1489239687.670361996 -0.567086 0.18888 0 0 0 0 0
1489239687.700278282 -0.602618 0.200715 0 0 0 0 0
1489239687.770474434 -0.556453 -0.0641557 0 0 0 0 0
1489239687.803168535 -0.551417 0.0918307 0 0 0 0 0
1489239687.838232517 -0.514148 -0 0 0 0 0 0
1489239687.871015310 -0.549925 0.0915822 0 0 0 0 0
1489239687.902077913 -0.580379 -0.0966539 0 0 0 0 0
1489239687.938504934 -0.49491 -0 0 0 0 0 0
1489239687.969125509 -0.588757 0.343172 0 0 0 0 0
1489239688.001402855 -0.558537 -0.186033 0 0 0 0 0
1489239688.037084341 -0.505251 0.0841423 0 0 0 0 0
1489239688.071695566 -0.477468 -0.0433721 0 0 0 0 0
1489239688.103485346 -0.567103 0.188886 0 0 0 0 0
1489239688.138869762 -0.55195 -0 0 0 0 0 0
1489239688.169724226 -0.681677 -0.291918 0 0 0 0 0
1489239688.203863144 -0.572087 -0 0 0 0 0 0
1489239688.239484787 -0.506099 0.168567 0 0 0 0 0
1489239688.271852970 -0.556969 0.463777 0 0 0 0 0
1489239688.303593397 -0.662649 -0.331064 0 0 0 0 0
1489239688.340070486 -0.535416 -0.164614 0 0 0 0 0
1489239688.370779276 -0.587066 0.39107 0 0 0 0 0
1489239688.402678728 -0.565154 0.141177 0 0 0 0 0
1489239688.436558247 -0.576467 -0.0886176 0 0 0 0 0
1489239688.470396519 -0.57717 -0.487991 0 0 0 0 0
1489239688.501920223 -0.476575 0.28572 0 0 0 0 0
1489239688.537793636 -0.460668 0.669537 0 0 0 0 0
1489239688.568428040 -0.637533 -0.882044 0 0 0 0 0
1489239688.603174210 -0.475614 -0 0 0 0 0 0
1489239688.638585567 -0.424254 0.847841 0 0 0 0 0
1489239688.671427011 -0.503198 -0.319965 0 0 0 0 0
1489239688.702530861 -0.57961 -0.289577 0 0 0 0 0
1489239688.737637281 -0.513527 -0 0 0 0 0 0
1489239688.771120071 -0.44869 -0 0 0 0 0 0
1489239688.805178404 -0.485219 0.352609 0 0 0 0 0
1489239688.869783878 -0.534844 -0.209122 0 0 0 0 0
1489239688.898175955 -0.582055 0.21149 0 0 0 0 0
1489239688.932670832 -0.479078 0.217592 0 0 0 0 0
1489239688.966317654 -0.535804 -0.267691 0 0 0 0 0
1489239689.002440214 -0.457491 -0 0 0 0 0 0
1489239689.033633471 -0.529786 0.288747 0 0 0 0 0
1489239689.068669081 -0.471684 -0.12854 0 0 0 0 0
1489239689.102980375 -0.481642 -0.131254 0 0 0 0 0
1489239689.134163380 -0.481782 0.192561 0 0 0 0 0
1489239689.168012619 -0.443833 -0 0 0 0 0 0
1489239689.202295542 -0.438218 -0.0875748 0 0 0 0 0
1489239689.234927893 -0.460384 -0 0 0 0 0 0
1489239689.270714521 -0.419805 0.125843 0 0 0 0 0
1489239689.307161093 -0.412204 0.082376 0 0 0 0 0
1489239689.350234270 -0.348788 -0.209108 0 0 0 0 0
1489239689.391792774 -0.3615 -0 0 0 0 0 0
1489239689.475136042 -0.162233 0.126082 0 0 0 0 0
1489239689.539993763 -0.903382 -0.0694363 0 0 0 0 0
1489239689.603017569 -0.476753 -0.0952758 0 0 0 0 0
1489239689.633386850 -0.445222 0.0988605 0 0 0 0 0
1489239689.701211214 -0.420859 0.0221331 0 0 0 0 0
1489239689.735417843 -0.439196 -0.0877702 0 0 0 0 0
1489239689.766087770 -0.440858 0.146837 0 0 0 0 0
1489239689.798111200 -0.422224 -0 0 0 0 0 0
1489239689.837026834 -0.347446 -0.0385747 0 0 0 0 0
1489239689.878119946 -0.329035 0.0365307 0 0 0 0 0
1489239689.903658152 -0.470618 -0 0 0 0 0 0
1489239689.940435648 -0.326796 -0 0 0 0 0 0
1489239689.969317913 -0.416128 0.0519752 0 0 0 0 0
1489239690.001500607 -0.373453 -0.139935 0 0 0 0 0
1489239690.035861969 -0.306053 0.0873749 0 0 0 0 0
1489239690.070610285 -0.345879 0.129603 0 0 0 0 0
1489239690.102706671 -0.374457 -0.280622 0 0 0 0 0
1489239690.137506008 -0.302201 -0.0862753 0 0 0 0 0
1489239690.167029858 -0.305314 0.406766 0 0 0 0 0
1489239690.200718641 -0.312163 -0 0 0 0 0 0
1489239690.237438917 -0.286392 -0.286167 0 0 0 0 0
1489239690.278149843 -0.221416 0.110621 0 0 0 0 0
1489239690.305364847 -0.276013 0.275797 0 0 0 0 0
1489239690.345298290 -0.225727 -0 0 0 0 0 0
1489239690.371299744 -0.346675 -0.346402 0 0 0 0 0
1489239690.403597355 -0.186062 0.185916 0 0 0 0 0
1489239690.437065125 -0.179557 0.358831 0 0 0 0 0
1489239690.469302177 -0.186412 -0.232832 0 0 0 0 0
1489239690.501442671 -0.186972 -0.0934124 0 0 0 0 0
1489239690.535763979 -0.131318 0.349908 0 0 0 0 0
1489239690.567474127 -0.142132 0.18936 0 0 0 0 0
1489239690.609470606 -0.107319 -0.107235 0 0 0 0 0
1489239690.637724400 -0.106346 -0 0 0 0 0 0
1489239690.670638561 -0.0912884 0.364867 0 0 0 0 0
1489239690.699935198 -0.102561 0.10248 0 0 0 0 0
1489239690.744498968 -0.0674243 -0.134743 0 0 0 0 0
1489239690.801449776 -0.105518 0.369025 0 0 0 0 0
1489239690.836694241 -0.0852526 -0 0 0 0 0 0
1489239690.869514942 -0.0915484 -0 0 0 0 0 0
1489239690.902544975 -0.0909682 0.454484 0 0 0 0 0
1489239690.936139584 -0.0894394 0.312792 0 0 0 0 0
1489239690.970418215 -0.0876547 0.0437929 0 0 0 0 0
1489239691.002533674 -0.0935587 0.0934852 0 0 0 0 0
1489239691.038820744 -0.0414015 0.41369 0 0 0 0 0
1489239691.072325468 -0.134519 0.358436 0 0 0 0 0
1489239691.101494551 -0.103009 -0 0 0 0 0 0
1489239691.137002707 -0.126929 0.465042 0 0 0 0 0
1489239691.170228481 -0.0904323 0.451806 0 0 0 0 0
1489239691.203264475 -0.136428 0.227201 0 0 0 0 0
1489239691.239611864 -0.165331 0.371703 0 0 0 0 0
1489239691.270372629 -0.097679 0.488012 0 0 0 0 0
1489239691.301548004 -0.14457 0.529673 0 0 0 0 0
1489239691.337464094 -0.125488 0.167185 0 0 0 0 0
1489239691.369260311 -0.0944981 0.472119 0 0 0 0 0
1489239691.402991295 -0.0890778 0.712063 0 0 0 0 0
1489239691.438751221 -0.126036 0.0839577 0 0 0 0 0
1489239691.469835043 -0.0966638 0.434646 0 0 0 0 0
1489239691.500451088 -0.0981408 0.686446 0 0 0 0 0
1489239691.545143127 -0.0672308 0.268712 0 0 0 0 0
1489239691.576162815 -0.145296 0.290363 0 0 0 0 0
1489239691.603365183 -0.110457 0.607034 0 0 0 0 0
1489239691.639096975 -0.0840899 0.546155 0 0 0 0 0
1489239691.702924013 -0.141226 0.423346 0 0 0 0 0
1489239691.738973379 -0.0833491 0.333134 0 0 0 0 0
1489239691.771155834 -0.093364 0.559744 0 0 0 0 0
1489239691.802219391 -0.14509 0.53158 0 0 0 0 0
1489239691.835990191 -0.0889728 0.266709 0 0 0 0 0
1489239691.869282722 -0.0902509 0.76653 0 0 0 0 0
1489239691.900122166 -0.19486 0.29206 0 0 0 0 0
1489239691.936379671 -0 0.248417 0 0 0 0 0
1489239691.969553232 -0.0905746 0.859783 0 0 0 0 0
1489239692.001551151 -0.0939024 0.469143 0 0 0 0 0
1489239692.036012411 -0.0871901 -0 0 0 0 0 0
1489239692.074853897 -0.0773575 0.695671 0 0 0 0 0
1489239692.106070518 -0.0962526 0.577062 0 0 0 0 0
1489239692.138828039 -0.0917249 -0.0458264 0 0 0 0 0
1489239692.169276714 -0.0986802 0.690219 0 0 0 0 0
1489239692.199020624 -0.101018 0.706573 0 0 0 0 0
1489239692.236775875 -0.0795831 0.119281 0 0 0 0 0
1489239692.267964363 -0.0963394 0.240659 0 0 0 0 0
1489239692.300464630 -0.0462255 0.923784 0 0 0 0 0
1489239692.336108923 -0.0842963 0.33692 0 0 0 0 0
1489239692.366985083 -0.097314 0.0972375 0 0 0 0 0
1489239692.405809402 -0.0773917 0.541317 0 0 0 0 0
1489239692.438795567 -0.0455446 0.546106 0 0 0 0 0
1489239692.500634432 -0.0971778 0.436956 0 0 0 0 0
1489239692.537686110 -0.0405472 0.405153 0 0 0 0 0
1489239692.570127010 -0.0463101 0.740379 0 0 0 0 0
1489239692.603404760 -0.090291 0.36088 0 0 0 0 0
1489239692.637765884 -0.0437221 0.131063 0 0 0 0 0
1489239692.670140505 -0.0464049 0.927369 0 0 0 0 0
1489239692.702288866 -0.0467315 0.466948 0 0 0 0 0
1489239692.736007929 -0.0891093 0.178079 0 0 0 0 0
1489239692.769649982 -0.0446566 0.58008 0 0 0 0 0
1489239692.802006006 -0.0464316 0.649531 0 0 0 0 0
1489239692.840009928 -0.0395312 0.395002 0 0 0 0 0
1489239692.872200489 -0.0933405 0.373069 0 0 0 0 0
1489239692.902212143 -0.0500586 0.65025 0 0 0 0 0
1489239692.936929703 -0.0432732 0.518871 0 0 0 0 0
1489239692.969946146 -0.0455028 0.545605 0 0 0 0 0
1489239693.002626181 -0.0919424 0.18374 0 0 0 0 0
1489239693.036619425 -0 0.706569 0 0 0 0 0
1489239693.070035458 -0.0899174 0.808621 0 0 0 0 0
1489239693.102249384 -0.0466364 0.279598 0 0 0 0 0
1489239693.137151480 -0.0860889 -0 0 0 0 0 0
1489239693.170489788 -0 1.08067 0 0 0 0 0
1489239693.202093601 -0.0475367 0.71249 0 0 0 0 0
1489239693.238546133 -0.0824272 0.0411812 0 0 0 0 0
1489239693.269470692 -0 0.533969 0 0 0 0 0
1489239693.301675558 -0 0.932257 0 0 0 0 0
1489239693.341701031 -0.0375346 0.375051 0 0 0 0 0
1489239693.372113228 -0.0493993 0.246802 0 0 0 0 0
1489239693.403084278 -0.0485079 0.678577 0 0 0 0 0
1489239693.439066648 -0 0.667509 0 0 0 0 0
1489239693.469690323 -0.0490582 0.490196 0 0 0 0 0
1489239693.502777576 -0.0454054 0.544437 0 0 0 0 0
1489239693.537987471 -0.0426681 0.426346 0 0 0 0 0
1489239693.570347786 -0 0.603056 0 0 0 0 0
1489239693.601547003 -0.0963063 0.769845 0 0 0 0 0
1489239693.637570381 -0.0417046 0.166687 0 0 0 0 0
1489239693.670290470 -0 0.917577 0 0 0 0 0
1489239693.701599360 -0.095969 0.623308 0 0 0 0 0
1489239693.737704992 -0 0.332615 0 0 0 0 0
1489239693.769762039 -0.0937292 0.796072 0 0 0 0 0
1489239693.800154924 -0.0494307 0.691486 0 0 0 0 0
1489239693.836907625 -0.040877 0.571829 0 0 0 0 0
1489239693.865115643 -0.0532594 0.532175 0 0 0 0 0
1489239693.902668715 -0.0400058 0.559641 0 0 0 0 0
1489239693.969290257 -0.0451008 0.721045 0 0 0 0 0
1489239694.005548000 -0.0828701 0.703842 0 0 0 0 0
1489239694.041110039 -0 0.253275 0 0 0 0 0
1489239694.072572708 -0.0477499 0.811112 0 0 0 0 0
1489239694.103340864 -0 0.780631 0 0 0 0 0
1489239694.137930155 -0 0.520795 0 0 0 0 0
1489239694.169633627 -0.0473873 0.615551 0 0 0 0 0
1489239694.199887753 -0 0.396947 0 0 0 0 0
1489239694.236299992 -0 0.824536 0 0 0 0 0
1489239694.277025461 -0 0.294884 0 0 0 0 0
1489239694.304657459 -0 0.70625 0 0 0 0 0
1489239694.340513468 -0 0.586129 0 0 0 0 0
1489239694.371785879 -0 0.480027 0 0 0 0 0
1489239694.401732922 -0 0.802035 0 0 0 0 0
1489239694.436497211 -0 0.604536 0 0 0 0 0
1489239694.469804049 -0 0.450706 0 0 0 0 0
1489239694.508491993 -0 0.388018 0 0 0 0 0
1489239694.544024467 -0 0.675961 0 0 0 0 0
1489239694.595622301 -0 0.436402 0 0 0 0 0
1489239694.638260603 -0.0352345 0.739344 0 0 0 0 0
1489239694.668592691 -0 0.643381 0 0 0 0 0
1489239694.701466560 -0 0.593635 0 0 0 0 0
1489239694.739765882 -0 0.352759 0 0 0 0 0
1489239694.770340204 -0 0.981975 0 0 0 0 0
1489239694.800902367 -0.0491569 0.29471 0 0 0 0 0
1489239694.836466789 -0 0.548725 0 0 0 0 0
1489239694.870248556 -0.0889439 0.710992 0 0 0 0 0
1489239694.900651217 -0 0.24688 0 0 0 0 0
1489239694.937673807 -0 0.810943 0 0 0 0 0
1489239694.969503641 -0 0.565945 0 0 0 0 0
1489239695.001248598 -0 0.141864 0 0 0 0 0
1489239695.036381245 -0 0.854567 0 0 0 0 0
1489239695.070475101 -0.0440649 0.308212 0 0 0 0 0
1489239695.102015734 -0 0.666323 0 0 0 0 0
1489239695.139403820 -0 0.562111 0 0 0 0 0
1489239695.169116020 -0 0.353664 0 0 0 0 0
1489239695.201447487 -0 0.650025 0 0 0 0 0
1489239695.235771894 -0.0437689 0.656017 0 0 0 0 0
1489239695.276648283 -0 0.257071 0 0 0 0 0
1489239695.305828333 -0.0514852 0.514448 0 0 0 0 0
1489239695.338177919 -0 0.696065 0 0 0 0 0
1489239695.369334221 -0 0.626361 0 0 0 0 0
1489239695.407957554 -0 0.3498 0 0 0 0 0
1489239695.437194824 -0 0.513441 0 0 0 0 0
1489239695.468962669 -0 0.708811 0 0 0 0 0
1489239695.501335859 -0 0.417334 0 0 0 0 0
1489239695.569163084 -0.0221495 0.531171 0 0 0 0 0
1489239695.601644039 -0 0.5546 0 0 0 0 0
1489239695.639026165 -0 0.441729 0 0 0 0 0
1489239695.671858072 -0 0.365781 0 0 0 0 0
1489239695.700887918 -0 0.723953 0 0 0 0 0
1489239695.737602949 -0 0.572415 0 0 0 0 0
1489239695.770556927 -0 0.27332 0 0 0 0 0
1489239695.801695585 -0 0.289253 0 0 0 0 0
1489239695.844360828 -0 0.703693 0 0 0 0 0
1489239695.872262716 -0 0.269007 0 0 0 0 0
1489239695.902950287 -0 0.293505 0 0 0 0 0
1489239695.937887192 -0 0.644517 0 0 0 0 0
1489239695.969767094 -0 0.47088 0 0 0 0 0
1489239696.001826763 -0 0.655535 0 0 0 0 0
1489239696.037565708 -0 0.252021 0 0 0 0 0
1489239696.069871902 -0 0.5576 0 0 0 0 0
1489239696.102584600 -0 0.642449 0 0 0 0 0
1489239696.136512041 -0 0.265477 0 0 0 0 0
1489239696.168528795 -0 0.609527 0 0 0 0 0
1489239696.206899881 -0 0.469466 0 0 0 0 0
1489239696.238667011 -0 0.283531 0 0 0 0 0
1489239696.268658876 -0 0.550575 0 0 0 0 0
1489239696.307882547 -0 0.497533 0 0 0 0 0
1489239696.339467764 -0 0.475273 0 0 0 0 0
1489239696.370718718 -0.0480734 0.33625 0 0 0 0 0
1489239696.400865793 -0 0.398357 0 0 0 0 0
1489239696.444081783 -0 0.486307 0 0 0 0 0
1489239696.471734047 -0 0.325723 0 0 0 0 0
1489239696.502032042 -0 0.396372 0 0 0 0 0
1489239696.538735390 -0 0.490798 0 0 0 0 0
1489239696.569930077 -0 0.481223 0 0 0 0 0
1489239696.600892544 -0.0485214 0.242416 0 0 0 0 0
1489239696.636676073 -0 0.335609 0 0 0 0 0
1489239696.675960064 -0 0.458557 0 0 0 0 0
1489239696.703126669 -0 0.442061 0 0 0 0 0
1489239696.738195419 -0 0.299644 0 0 0 0 0
1489239696.769553423 -0 0.382974 0 0 0 0 0
1489239696.807041407 -0 0.240263 0 0 0 0 0
1489239696.842754841 -0 0.294235 0 0 0 0 0
1489239696.897956133 -0 0.163166 0 0 0 0 0
1489239696.916984320 -0 0.473349 0 0 0 0 0
1489239696.939950943 -0 0.588264 0 0 0 0 0
1489239696.991794825 -0 0.0579108 0 0 0 0 0
1489239697.014412880 -0 0.33185 0 0 0 0 0
1489239697.094794512 -0 0.112053 0 0 0 0 0
1489239697.138630867 0.0685431 0.342447 0 0 0 0 0
1489239697.169698715 0.0483568 0.241594 0 0 0 0 0
1489239697.202268362 -0 -0 0 0 0 0 0
1489239697.269562006 0.0223252 0.133846 0 0 0 0 0
1489239697.300961018 -0 -0 0 0 0 0 0
1489239697.336418867 -0 -0.127009 0 0 0 0 0
1489239697.371001482 -0 -0 0 0 0 0 0
1489239697.401591063 -0 -0.0490743 0 0 0 0 0
1489239697.437557936 0.0417701 -0.166949 0 0 0 0 0
1489239697.500787735 0.04752 0.0474827 0 0 0 0 0
1489239697.543870926 0.0697414 -0.383276 0 0 0 0 0
1489239697.571229935 0.109824 -0 0 0 0 0 0
1489239697.601895094 0.146975 -0.14686 0 0 0 0 0
1489239697.639768600 0.119002 -0.237817 0 0 0 0 0
1489239697.672368526 0.0921684 -0.23024 0 0 0 0 0
1489239697.701538801 0.154507 -0.360234 0 0 0 0 0
1489239697.737685919 0.0831237 -0.0830584 0 0 0 0 0
1489239697.770741463 0.090898 -0.13624 0 0 0 0 0
1489239697.801755667 0.0968808 -0.193609 0 0 0 0 0
1489239697.838850975 0.080999 -0.161871 0 0 0 0 0
1489239697.868522882 0.151895 -0.101184 0 0 0 0 0
1489239697.901434898 0.136942 -0.0912227 0 0 0 0 0
1489239697.939075470 0.119738 -0.319052 0 0 0 0 0
1489239698.002289534 0.190127 -0.237473 0 0 0 0 0
1489239698.045274734 0.139801 0.0349227 0 0 0 0 0
1489239698.072926760 0.217321 -0.4343 0 0 0 0 0
1489239698.103921652 0.193882 -0.290595 0 0 0 0 0
1489239698.139124155 0.170708 0.0852872 0 0 0 0 0
1489239698.171793222 0.229933 -0.275703 0 0 0 0 0
1489239698.201073170 0.205238 -0.358885 0 0 0 0 0
1489239698.238531590 0.200534 -0.240452 0 0 0 0 0
1489239698.270029545 0.238482 -0.095318 0 0 0 0 0
1489239698.305930853 0.209232 -0.334508 0 0 0 0 0
1489239698.342191458 0.248591 -0.289795 0 0 0 0 0
1489239698.371052265 0.260274 -0.0520138 0 0 0 0 0
1489239698.401398182 0.297043 -0.544151 0 0 0 0 0
1489239698.436275959 0.258447 -0.258244 0 0 0 0 0
1489239698.468769073 0.277414 -0.277196 0 0 0 0 0
1489239698.508668900 0.26357 -0.451479 0 0 0 0 0
1489239698.572224617 0.330934 -0.330674 0 0 0 0 0
1489239698.601995707 0.353242 -0.504234 0 0 0 0 0
1489239698.644005537 0.250332 -0.321602 0 0 0 0 0
1489239698.697747946 0.195681 -0.167595 0 0 0 0 0
1489239698.740322351 0.247012 -0.246818 0 0 0 0 0
1489239698.774971008 0.650389 -0.866504 0 0 0 0 0
1489239698.799697638 0.425306 -0.242841 0 0 0 0 0
1489239698.834274054 0.304149 -0.60782 0 0 0 0 0
1489239698.865450859 0.337314 -0.577799 0 0 0 0 0
1489239698.901533127 0.333092 -0.0832077 0 0 0 0 0
1489239698.934983015 0.314392 -0.269267 0 0 0 0 0
1489239698.966609001 0.28502 -0.711991 0 0 0 0 0
1489239698.998028994 0.334704 -0.477772 0 0 0 0 0
1489239699.035493612 0.280702 -0 0 0 0 0 0
1489239699.095319033 0.351569 -0.602217 0 0 0 0 0
1489239699.130954504 0.337269 -0.421255 0 0 0 0 0
1489239699.163328886 0.371242 -0.0927376 0 0 0 0 0
1489239699.195123672 0.330758 -0.519355 0 0 0 0 0
1489239699.231350183 0.331766 -0.745887 0 0 0 0 0
1489239699.263080835 0.378773 -0.189238 0 0 0 0 0
1489239699.295210361 0.374071 -0.280333 0 0 0 0 0
1489239699.332075596 0.326018 -0.651524 0 0 0 0 0
1489239699.371050119 0.308374 -0.308132 0 0 0 0 0
1489239699.404739857 0.356747 -0.222792 0 0 0 0 0
1489239699.439570189 0.345065 -0.430992 0 0 0 0 0
1489239699.501334906 0.413501 -0.559004 0 0 0 0 0
1489239699.535806179 0.392242 -0.348385 0 0 0 0 0
1489239699.568739891 0.364937 -0.273488 0 0 0 0 0
1489239699.600745440 0.42246 -0.844257 0 0 0 0 0
1489239699.635439396 0.389724 -0.389418 0 0 0 0 0
1489239699.670554161 0.385054 -0.171001 0 0 0 0 0
1489239699.703963757 0.404706 -0.629048 0 0 0 0 0
1489239699.739561796 0.379826 -0.548207 0 0 0 0 0
1489239699.771265984 0.473862 -0.284094 0 0 0 0 0
1489239699.801582575 0.445996 -0.247581 0 0 0 0 0
1489239699.837700844 0.374355 -0.789685 0 0 0 0 0
1489239699.869213104 0.476748 -0.571648 0 0 0 0 0
1489239699.900358915 0.434122 -0.192791 0 0 0 0 0
1489239699.945752382 0.33096 -0.49605 0 0 0 0 0
1489239699.972712994 0.501512 -0.501118 0 0 0 0 0
1489239700.004265785 0.428522 -0.570914 0 0 0 0 0
1489239700.039155960 0.430591 -0.688405 0 0 0 0 0
1489239700.104598045 0.390266 -0.344082 0 0 0 0 0
1489239700.136791468 0.419995 -0.606183 0 0 0 0 0
1489239700.167726040 0.388521 -0 0 0 0 0 0
1489239700.200169086 0.370456 -0.555248 0 0 0 0 0
1489239700.241012573 0.294263 -0.36754 0 0 0 0 0
1489239700.271311760 0.347085 -0.346812 0 0 0 0 0
1489239700.301909447 0.343699 -0.294368 0 0 0 0 0
1489239700.337972164 0.249955 -0.249758 0 0 0 0 0
1489239700.370668173 0.275693 -0.275476 0 0 0 0 0
1489239700.402577639 0.282488 -0.423399 0 0 0 0 0
1489239700.437880039 0.255338 -0.127569 0 0 0 0 0
1489239700.469820023 0.282218 -0.328996 0 0 0 0 0
1489239700.501322508 0.286138 -0.381217 0 0 0 0 0
1489239700.537628889 0.248277 -0.248082 0 0 0 0 0
1489239700.600774527 0.2855 -0.380368 0 0 0 0 0
1489239700.635575056 0.25902 -0.258817 0 0 0 0 0
1489239700.668267727 0.275721 -0.183669 0 0 0 0 0
1489239700.700181246 0.282452 -0.470384 0 0 0 0 0
1489239700.735518217 0.255088 -0.254888 0 0 0 0 0
1489239700.774572611 0.230807 -0 0 0 0 0 0
1489239700.802108526 0.272797 -0.545165 0 0 0 0 0
1489239700.838644505 0.205597 -0.451959 0 0 0 0 0
1489239700.870465755 0.283271 0.0943496 0 0 0 0 0
1489239700.901254177 0.243978 -0.146272 0 0 0 0 0
1489239700.936423063 0.170872 -0.469528 0 0 0 0 0
1489239700.969007015 0.230534 -0.276423 0 0 0 0 0
1489239701.000939608 0.282284 0.0940206 0 0 0 0 0
1489239701.036279440 0.170045 -0.169911 0 0 0 0 0
1489239701.069741488 0.179587 -0.717785 0 0 0 0 0
1489239701.102631807 0.228386 -0 0 0 0 0 0
1489239701.133297920 0.195961 0.342662 0 0 0 0 0
1489239701.175530910 0.142291 -0.355447 0 0 0 0 0
1489239701.200038433 0.245205 -0.735037 0 0 0 0 0
1489239701.243624687 0.172341 0.172206 0 0 0 0 0
1489239701.271175385 0.21812 -0 0 0 0 0 0
1489239701.302227020 0.193528 -0.580128 0 0 0 0 0
1489239701.371064901 0.218243 -0.109036 0 0 0 0 0
1489239701.402680397 0.237596 -0.189927 0 0 0 0 0
1489239701.438150167 0.211778 -0.550189 0 0 0 0 0
1489239701.471399069 0.271108 -0.180597 0 0 0 0 0
1489239701.504260063 0.274308 0.0913643 0 0 0 0 0
1489239701.540889978 0.246084 -0.4508 0 0 0 0 0
1489239701.572993517 0.28078 -0.4676 0 0 0 0 0
1489239701.602282286 0.307765 -0 0 0 0 0 0
1489239701.638209105 0.2509 -0.417838 0 0 0 0 0
1489239701.668492079 0.29766 -0.396569 0 0 0 0 0
1489239701.701745033 0.271075 -0.270862 0 0 0 0 0
1489239701.735781908 0.30897 -0.352832 0 0 0 0 0
1489239701.800595760 0.301331 -0.277933 0 0 0 0 0
1489239701.836111307 0.338407 -0.507213 0 0 0 0 0
1489239701.871061802 0.300894 -0 0 0 0 0 0
1489239701.903430700 0.324892 -0.510143 0 0 0 0 0
1489239701.936846733 0.314711 -0.449234 0 0 0 0 0
1489239701.970704317 0.266234 -0 0 0 0 0 0
1489239702.001812696 0.38635 -0.530814 0 0 0 0 0
1489239702.038568020 0.245245 -0.163368 0 0 0 0 0
1489239702.068437576 0.402374 -0.402058 0 0 0 0 0
1489239702.098611832 0.348522 -0.248749 0 0 0 0 0
1489239702.135602951 0.284295 -0.284072 0 0 0 0 0
1489239702.168789387 0.316888 -0.588044 0 0 0 0 0
1489239702.201968431 0.316959 -0.0452442 0 0 0 0 0
1489239702.240537882 0.272661 -0.350289 0 0 0 0 0
1489239702.272478342 0.32925 -0.37599 0 0 0 0 0
1489239702.304406166 0.32938 -0.235087 0 0 0 0 0
1489239702.339507580 0.2996 -0.299365 0 0 0 0 0
1489239702.371225834 0.331556 -0.520608 0 0 0 0 0
1489239702.438005447 0.337455 -0.269752 0 0 0 0 0
1489239702.470569611 0.322944 -0.368788 0 0 0 0 0
1489239702.500011206 0.357195 -0.560865 0 0 0 0 0
1489239702.537489414 0.2806 -0.0400542 0 0 0 0 0
1489239702.575369596 0.277622 -0.317033 0 0 0 0 0
1489239702.601488352 0.402637 -0.574744 0 0 0 0 0
1489239702.638218164 0.286317 -0.0408704 0 0 0 0 0
1489239702.671002150 0.320778 -0.274737 0 0 0 0 0
1489239702.702816725 0.283331 -0.471847 0 0 0 0 0
1489239702.736750603 0.309908 -0.39814 0 0 0 0 0
1489239702.768859625 0.37431 -0.046752 0 0 0 0 0
1489239702.802651167 0.266754 -0.310969 0 0 0 0 0
1489239702.837749958 0.299622 -0.556005 0 0 0 0 0
1489239702.869443893 0.284409 -0.284186 0 0 0 0 0
1489239702.900529385 0.386635 0.0965827 0 0 0 0 0
1489239702.945802450 0.199104 -0.232105 0 0 0 0 0
1489239702.974093676 0.371719 -0.689793 0 0 0 0 0
1489239703.003229618 0.309379 -0.309136 0 0 0 0 0
1489239703.039148569 0.334607 0.167172 0 0 0 0 0
1489239703.070121288 0.291032 -0.581606 0 0 0 0 0
1489239703.102343559 0.32637 -0.885166 0 0 0 0 0
1489239703.135898113 0.358185 -0 0 0 0 0 0
1489239703.168346405 0.370396 0.277579 0 0 0 0 0
1489239703.202385187 0.264817 -1.05844 0 0 0 0 0
1489239703.237235785 0.301756 -0.215371 0 0 0 0 0
1489239703.267690420 0.345313 0.197167 0 0 0 0 0
1489239703.299951077 0.325982 -0.279193 0 0 0 0 0
1489239703.335148573 0.256099 -0.469146 0 0 0 0 0
1489239703.367742777 0.276554 -0.322392 0 0 0 0 0
1489239703.402154922 0.349258 -0 0 0 0 0 0
1489239703.438094378 0.250812 -0 0 0 0 0 0
1489239703.470790863 0.275689 -0.642768 0 0 0 0 0
1489239703.500943899 0.348767 -0.298708 0 0 0 0 0
1489239703.537616253 0.286766 0.204672 0 0 0 0 0
1489239703.569719315 0.280785 -0.561128 0 0 0 0 0
1489239703.601153612 0.334551 -0.382044 0 0 0 0 0
1489239703.640255451 0.230527 -0 0 0 0 0 0
1489239703.671114683 0.340786 -0.243227 0 0 0 0 0
1489239703.702946186 0.28318 -0.330117 0 0 0 0 0
1489239703.736812592 0.310526 -0.354608 0 0 0 0 0
1489239703.770276785 0.314258 -0.134576 0 0 0 0 0
1489239703.801563740 0.288109 -0 0 0 0 0 0
1489239703.846101284 0.269856 -0.471877 0 0 0 0 0
1489239703.874519587 0.370057 -0.105647 0 0 0 0 0
1489239703.905547142 0.338937 -0 0 0 0 0 0
1489239703.940446138 0.301338 -0.559188 0 0 0 0 0
1489239703.973539352 0.317781 -0.362893 0 0 0 0 0
1489239704.001092196 0.436206 -0.108966 0 0 0 0 0
1489239704.045085907 0.273192 -0.0682443 0 0 0 0 0
1489239704.069618702 0.428666 -0.55071 0 0 0 0 0
1489239704.109869480 0.298596 -0.447542 0 0 0 0 0
1489239704.139161348 0.410309 0.256242 0 0 0 0 0
1489239704.171896935 0.321252 -0.321 0 0 0 0 0
1489239704.203829050 0.376384 -0.658154 0 0 0 0 0
1489239704.239617825 0.335824 -0.08389 0 0 0 0 0
1489239704.270138979 0.393783 -0.0983685 0 0 0 0 0
1489239704.301350355 0.385075 -0.480966 0 0 0 0 0
1489239704.335601330 0.307039 -0.438283 0 0 0 0 0
1489239704.370685816 0.342565 -0.042787 0 0 0 0 0
1489239704.400280714 0.406108 -0.253618 0 0 0 0 0
1489239704.437649965 0.321621 -0.441881 0 0 0 0 0
1489239704.469238997 0.380472 -0.190086 0 0 0 0 0
1489239704.500528574 0.384113 -0.287858 0 0 0 0 0
1489239704.538346529 0.317805 -0.396944 0 0 0 0 0
1489239704.599736691 0.391552 -0.317886 0 0 0 0 0
1489239704.635923624 0.332129 -0.165934 0 0 0 0 0
1489239704.666779757 0.389509 -0.340552 0 0 0 0 0
1489239704.708922863 0.285188 -0.284964 0 0 0 0 0
1489239704.741297007 0.371245 -0.417322 0 0 0 0 0
1489239704.770512819 0.4628 -0.205527 0 0 0 0 0
1489239704.800596237 0.399513 -0.0997999 0 0 0 0 0
1489239704.839281559 0.310679 -0.504457 0 0 0 0 0
1489239704.869492054 0.447562 -0.39752 0 0 0 0 0
1489239704.898108721 0.472489 0.157373 0 0 0 0 0
1489239704.937906265 0.301997 -0.528079 0 0 0 0 0
1489239704.969519854 0.427698 -0.902209 0 0 0 0 0
1489239705.001427889 0.423751 0.329325 0 0 0 0 0
1489239705.037977934 0.369933 -0.0821428 0 0 0 0 0
1489239705.067501545 0.407089 -0.91523 0 0 0 0 0
1489239705.106630564 0.345551 -0.115093 0 0 0 0 0
1489239705.136798859 0.448188 -0.149279 0 0 0 0 0
1489239705.175471783 0.349626 -0.310535 0 0 0 0 0
1489239705.200885296 0.472927 -0.590694 0 0 0 0 0
1489239705.238124132 0.363091 -0.322494 0 0 0 0 0
1489239705.268756866 0.441393 -0 0 0 0 0 0
1489239705.300989389 0.372876 -0.372583 0 0 0 0 0
1489239705.334786415 0.400067 -0.533003 0 0 0 0 0
1489239705.375628948 0.331054 -0.0735097 0 0 0 0 0
1489239705.401744843 0.517733 -0.114961 0 0 0 0 0
1489239705.445524931 0.274525 -0.411464 0 0 0 0 0
1489239705.470373869 0.544131 -0.362469 0 0 0 0 0
1489239705.501415968 0.387175 -0.0483589 0 0 0 0 0
1489239705.536453009 0.343029 -0.34276 0 0 0 0 0
1489239705.569914818 0.359177 -0.448619 0 0 0 0 0
1489239705.604171991 0.394693 -0 0 0 0 0 0
1489239705.669840097 0.366045 -0.365757 0 0 0 0 0
1489239705.701504707 0.379563 -0.0474082 0 0 0 0 0
1489239705.736653805 0.341936 -0.170833 0 0 0 0 0
1489239705.769338131 0.367721 -0.275574 0 0 0 0 0
1489239705.801929951 0.368765 -0.276357 0 0 0 0 0
1489239705.838061333 0.37422 -0.207736 0 0 0 0 0
1489239705.869836092 0.378248 -0 0 0 0 0 0
1489239705.903032064 0.362054 -0.633096 0 0 0 0 0
1489239705.936897755 0.354894 -0.177308 0 0 0 0 0
1489239705.969387293 0.369926 0.0924089 0 0 0 0 0
1489239706.002275229 0.365445 -0.456447 0 0 0 0 0
1489239706.039286852 0.284137 -0.243355 0 0 0 0 0
1489239706.068795443 0.407296 -0.152616 0 0 0 0 0
1489239706.100577354 0.378162 -0.0944664 0 0 0 0 0
1489239706.143391371 0.280719 -0.350624 0 0 0 0 0
1489239706.170476913 0.443732 -0.498807 0 0 0 0 0
1489239706.201406240 0.388587 -0 0 0 0 0 0
1489239706.237399817 0.333913 -0.250238 0 0 0 0 0
1489239706.271480799 0.352652 -0.440469 0 0 0 0 0
1489239706.301864147 0.39557 -0.247037 0 0 0 0 0
1489239706.338518858 0.32789 -0.0819082 0 0 0 0 0
1489239706.401394129 0.35841 -0.286503 0 0 0 0 0
1489239706.436528206 0.342082 -0.25636 0 0 0 0 0
1489239706.470421791 0.354602 -0.0885808 0 0 0 0 0
1489239706.503207922 0.36658 -0.183146 0 0 0 0 0
1489239706.538949728 0.336265 -0.252001 0 0 0 0 0
1489239706.568743706 0.35297 -0.251924 0 0 0 0 0
1489239706.601466417 0.321379 -0.183501 0 0 0 0 0
1489239706.638251066 0.285891 -0.122428 0 0 0 0 0
1489239706.668186903 0.301112 -0.300876 0 0 0 0 0
1489239706.701726913 0.313547 -0.268544 0 0 0 0 0
1489239706.736086607 0.262344 -0.0873792 0 0 0 0 0
1489239706.768074036 0.328766 -0.0938594 0 0 0 0 0
1489239706.799406290 0.287692 -0.287466 0 0 0 0 0
1489239706.839948416 0.222338 -0.222163 0 0 0 0 0
1489239706.869888067 0.301074 0.0501396 0 0 0 0 0
1489239706.902395487 0.277292 -0.138537 0 0 0 0 0
1489239706.936743975 0.262429 -0.305927 0 0 0 0 0
1489239706.970253229 0.269002 -0.179194 0 0 0 0 0
1489239707.003942728 0.267562 -0 0 0 0 0 0
1489239707.040028095 0.249798 -0.166401 0 0 0 0 0
1489239707.071067572 0.290406 -0.386904 0 0 0 0 0
1489239707.101526737 0.295939 -0 0 0 0 0 0
1489239707.135149002 0.268097 0.0446478 0 0 0 0 0
1489239707.167747259 0.230433 -0.368403 0 0 0 0 0
1489239707.200273275 0.230944 -0.18461 0 0 0 0 0
1489239707.239565372 0.229411 -0 0 0 0 0 0
1489239707.269739389 0.298735 -0.0497501 0 0 0 0 0
1489239707.307126284 0.200918 -0.120456 0 0 0 0 0
1489239707.337369919 0.248373 -0.248178 0 0 0 0 0
1489239707.369588852 0.233146 -0.0465925 0 0 0 0 0
1489239707.402371407 0.18331 -0.0457915 0 0 0 0 0
1489239707.437366009 0.171723 -0.128691 0 0 0 0 0
1489239707.469727755 0.185693 -0 0 0 0 0 0
1489239707.503412008 0.178403 -0.0891313 0 0 0 0 0
1489239707.537892103 0.174285 -0 0 0 0 0 0
1489239707.603054047 0.138333 -0.138224 0 0 0 0 0
1489239707.636086702 0.0909609 0.181779 0 0 0 0 0
1489239707.670353174 0.0876858 -0.0876169 0 0 0 0 0
1489239707.703780651 0.0898866 -0.134724 0 0 0 0 0
1489239707.738262177 0.0435694 0.0870704 0 0 0 0 0
1489239707.769771814 0.0476788 -0 0 0 0 0 0
1489239707.801616907 -0 0.0942789 0 0 0 0 0
1489239707.838522673 -0 -0.081351 0 0 0 0 0
1489239707.869385719 -0 0.0486394 0 0 0 0 0
1489239707.901286364 -0 0.18823 0 0 0 0 0
1489239707.939791918 -0 -0.0389856 0 0 0 0 0
1489239707.972436190 -0 0.137956 0 0 0 0 0
1489239708.002905607 -0 0.0985356 0 0 0 0 0
1489239708.038974524 -0 -0.0416192 0 0 0 0 0
1489239708.068701982 -0 0.0504974 0 0 0 0 0
1489239708.101356268 0.0460075 0.0919427 0 0 0 0 0
1489239708.137408018 0.0416718 0.0832781 0 0 0 0 0
1489239708.168026686 -0 -0 0 0 0 0 0
1489239708.198826551 -0 0.0974784 0 0 0 0 0
1489239708.245246172 -0 0.161695 0 0 0 0 0
1489239708.274214506 -0 0.310924 0 0 0 0 0
1489239708.304716110 -0 0.0984316 0 0 0 0 0
1489239708.338985682 -0 0.306631 0 0 0 0 0
1489239708.367629051 -0 0.471678 0 0 0 0 0
1489239708.407954931 -0 0.111677 0 0 0 0 0
1489239708.440578699 -0 0.3221 0 0 0 0 0
1489239708.471242428 -0 0.244778 0 0 0 0 0
1489239708.503422737 -0 0.186594 0 0 0 0 0
1489239708.537886620 -0 0.34846 0 0 0 0 0
1489239708.571160555 0.0451507 0.225576 0 0 0 0 0
1489239708.602023125 0.0486784 0.389121 0 0 0 0 0
1489239708.638582468 0.0410932 0.164244 0 0 0 0 0
1489239708.667787075 0.102884 0.462614 0 0 0 0 0
1489239708.705386400 -0 0.399252 0 0 0 0 0
1489239708.767581940 0.0483102 0.289634 0 0 0 0 0
1489239708.800083876 0.0462231 0.369494 0 0 0 0 0
1489239708.837975025 0.0396489 0.237706 0 0 0 0 0
1489239708.868448019 0.0493007 0.541882 0 0 0 0 0
1489239708.900955439 -0 0.46179 0 0 0 0 0
1489239708.936533213 0.0422269 0.33755 0 0 0 0 0
1489239708.975862026 -0 0.305356 0 0 0 0 0
1489239709.008963108 0.0453865 0.634911 0 0 0 0 0
1489239709.043114901 -0 0.351644 0 0 0 0 0
1489239709.072558641 -0 0.407872 0 0 0 0 0
1489239709.104921818 -0 0.510233 0 0 0 0 0
1489239709.139757872 -0 0.560198 0 0 0 0 0
1489239709.166787624 -0 0.499836 0 0 0 0 0
1489239709.203872681 -0 0.445267 0 0 0 0 0
1489239709.239008427 -0 0.512695 0 0 0 0 0
1489239709.300895452 -0.0242755 0.460873 0 0 0 0 0
1489239709.338297606 -0 0.642171 0 0 0 0 0
1489239709.371901751 -0.044707 0.536063 0 0 0 0 0
1489239709.403785467 -0.0471194 0.376659 0 0 0 0 0
1489239709.438339472 -0.0434781 0.651659 0 0 0 0 0
1489239709.468259335 -0.0502122 0.702418 0 0 0 0 0
1489239709.503233910 -0.0429552 0.472136 0 0 0 0 0
1489239709.540592194 -0.0402144 0.522377 0 0 0 0 0
1489239709.569584608 -0.0518184 0.724888 0 0 0 0 0
1489239709.604000807 -0.0436521 0.436179 0 0 0 0 0
1489239709.638924837 -0.0430174 0.687738 0 0 0 0 0
1489239709.669848204 -0.0485827 0.485445 0 0 0 0 0
1489239709.702351570 -0 0.508033 0 0 0 0 0
1489239709.737161398 -0.0431585 0.733119 0 0 0 0 0
1489239709.770856619 -0.0445862 0.267307 0 0 0 0 0
1489239709.802814245 -0 0.563682 0 0 0 0 0
1489239709.839298010 -0.0411783 0.781774 0 0 0 0 0
1489239709.869231939 -0.0501886 0.200597 0 0 0 0 0
1489239709.902893066 -0 0.71354 0 0 0 0 0
1489239709.936448574 -0.0895436 0.626313 0 0 0 0 0
1489239709.967881441 -0 0.429819 0 0 0 0 0
1489239709.999291897 -0.0478293 0.477918 0 0 0 0 0
1489239710.037080526 -0.0397564 0.476702 0 0 0 0 0
1489239710.068680763 -0 0.570057 0 0 0 0 0
1489239710.101590157 -0.0456508 0.592995 0 0 0 0 0
1489239710.135861874 -0.0438362 0.26281 0 0 0 0 0
1489239710.201410294 -0.0229196 0.664145 0 0 0 0 0
1489239710.235801220 -0.0436842 0.21825 0 0 0 0 0
1489239710.269315004 -0 0.492716 0 0 0 0 0
1489239710.301186800 -0.047137 0.6123 0 0 0 0 0
1489239710.336005449 -0 0.517364 0 0 0 0 0
1489239710.367476463 -0.0477373 0.476998 0 0 0 0 0
1489239710.400855780 -0 0.449728 0 0 0 0 0
1489239710.436660290 -0 0.586972 0 0 0 0 0
1489239710.469451189 -0.0458158 0.412018 0 0 0 0 0
1489239710.501498938 -0 0.608938 0 0 0 0 0
1489239710.536068439 -0.0434586 0.607942 0 0 0 0 0
1489239710.570610762 -0 0.347669 0 0 0 0 0
1489239710.603157520 -0.0461595 0.553478 0 0 0 0 0
1489239710.642632008 -0 0.494372 0 0 0 0 0
1489239710.671281338 -0 0.523978 0 0 0 0 0
1489239710.701593399 -0.0495625 0.495235 0 0 0 0 0
1489239710.735480785 -0 0.620179 0 0 0 0 0
1489239710.768893480 -0.0899264 0.449279 0 0 0 0 0
1489239710.800464869 -0 0.285289 0 0 0 0 0
1489239710.839942217 -0 0.798543 0 0 0 0 0
1489239710.870515823 -0.0491385 0.490999 0 0 0 0 0
1489239710.900305748 -0.0504312 0.151175 0 0 0 0 0
1489239710.936895609 -0 0.6154 0 0 0 0 0
1489239710.969490528 -0.0460913 0.644771 0 0 0 0 0
1489239711.001587629 -0 0.561232 0 0 0 0 0
1489239711.037695408 -0.0832143 0.332596 0 0 0 0 0
1489239711.068087816 -0 0.740889 0 0 0 0 0
1489239711.101447582 -0.0450345 0.449991 0 0 0 0 0
1489239711.139569521 -0 0.472534 0 0 0 0 0
1489239711.171340227 -0.047287 0.566998 0 0 0 0 0
1489239711.203948498 -0 0.460362 0 0 0 0 0
1489239711.236815453 -0.0457098 0.548086 0 0 0 0 0
1489239711.276406527 -0.0379465 0.455 0 0 0 0 0
1489239711.307811975 -0.0478369 0.382395 0 0 0 0 0
1489239711.373990297 -0.0227014 0.567089 0 0 0 0 0
1489239711.401843071 -0.0539386 0.538963 0 0 0 0 0
1489239711.437521219 -0.0421082 0.378676 0 0 0 0 0
1489239711.470362663 -0.0457453 0.548512 0 0 0 0 0
1489239711.502512693 -0 0.560308 0 0 0 0 0
1489239711.538827419 -0.04137 0.49605 0 0 0 0 0
1489239711.570875406 -0.0468779 0.281046 0 0 0 0 0
1489239711.598806620 -0 0.537449 0 0 0 0 0
1489239711.642849445 -0.0341109 0.511262 0 0 0 0 0
1489239711.667822123 -0 0.300561 0 0 0 0 0
1489239711.698923349 -0.0483049 0.337869 0 0 0 0 0
1489239711.736937761 -0 0.51336 0 0 0 0 0
1489239711.769602776 -0 0.275737 0 0 0 0 0
1489239711.801841497 -0 0.605331 0 0 0 0 0
1489239711.837829113 -0.0417461 0.25028 0 0 0 0 0
1489239711.869658470 -0 0.330139 0 0 0 0 0
1489239711.937446833 -0.0221622 0.442896 0 0 0 0 0
1489239711.970582008 -0 0.0906083 0 0 0 0 0
1489239712.002562761 -0 0.563274 0 0 0 0 0
1489239712.038789272 -0 0.290067 0 0 0 0 0
1489239712.070781469 -0 0.187691 0 0 0 0 0
1489239712.101971626 -0 0.577552 0 0 0 0 0
1489239712.136305571 -0 0.262334 0 0 0 0 0
1489239712.170039177 -0 0.178002 0 0 0 0 0
1489239712.201545000 -0 0.428824 0 0 0 0 0
1489239712.240017414 -0 0.390191 0 0 0 0 0
1489239712.268726826 -0 0.261441 0 0 0 0 0
1489239712.300388336 -0 0.189651 0 0 0 0 0
1489239712.337401867 -0 0.405571 0 0 0 0 0
1489239712.376513004 -0 0.230292 0 0 0 0 0
1489239712.408977270 -0 0.277442 0 0 0 0 0
1489239712.441805601 -0 0.320093 0 0 0 0 0
1489239712.471067190 -0 0.35911 0 0 0 0 0
1489239712.501861095 -0 0.194995 0 0 0 0 0
1489239712.569968462 -0.0220584 0.286534 0 0 0 0 0
1489239712.601714849 -0 0.23643 0 0 0 0 0
1489239712.636281967 -0.0434616 0.217137 0 0 0 0 0
1489239712.668896198 -0 0.0460278 0 0 0 0 0
1489239712.707913160 -0 0.153898 0 0 0 0 0
1489239712.739301920 -0 0.286949 0 0 0 0 0
1489239712.770022392 -0.0489036 0.0488652 0 0 0 0 0
1489239712.801017284 -0.0484706 0.0484325 0 0 0 0 0
1489239712.845112801 -0.0340702 0.136174 0 0 0 0 0
1489239712.873984098 -0.0520358 0.0519949 0 0 0 0 0
1489239712.903568745 -0.0507811 -0.101482 0 0 0 0 0
1489239712.938438416 -0.0430845 -0 0 0 0 0 0
1489239712.968866348 -0.0493737 -0.049335 0 0 0 0 0
1489239713.000872612 -0.0938779 -0.23451 0 0 0 0 0
1489239713.036139488 -0.0851984 -0.170263 0 0 0 0 0
1489239713.075062990 -0.0771945 -0 0 0 0 0 0
1489239713.104185104 -0.154763 -0 0 0 0 0 0
1489239713.139410019 -0.12795 -0.0852329 0 0 0 0 0
1489239713.168471098 -0.206784 -0 0 0 0 0 0
1489239713.207103491 -0.155552 -0.0777151 0 0 0 0 0
1489239713.239471436 -0.185658 -0.23189 0 0 0 0 0
1489239713.270452499 -0.193969 -0.193817 0 0 0 0 0
1489239713.301974297 -0.190642 -0.285738 0 0 0 0 0
1489239713.335680723 -0.178285 -0.133609 0 0 0 0 0
1489239713.368967533 -0.180533 -0.225489 0 0 0 0 0
1489239713.402504206 -0.223985 -0.223809 0 0 0 0 0
1489239713.438503742 -0.208661 -0.0416994 0 0 0 0 0
1489239713.470256567 -0.283882 -0.189106 0 0 0 0 0
1489239713.502357244 -0.280805 -0.140292 0 0 0 0 0
1489239713.537185669 -0.301948 -0.0431016 0 0 0 0 0
1489239713.568422556 -0.336666 -0.240287 0 0 0 0 0
1489239713.608192921 -0.302203 -0.0754914 0 0 0 0 0
1489239713.641481161 -0.36105 -0.270575 0 0 0 0 0
1489239713.672096252 -0.343503 -0.2942 0 0 0 0 0
1489239713.701636314 -0.406862 -0.101636 0 0 0 0 0
1489239713.737550020 -0.292824 -0.376192 0 0 0 0 0
1489239713.770580769 -0.363865 -0.181789 0 0 0 0 0
1489239713.802579403 -0.375601 -0.14074 0 0 0 0 0
1489239713.838963747 -0.330327 -0.495101 0 0 0 0 0
1489239713.899249315 -0.398727 -0.273909 0 0 0 0 0
1489239713.943436384 -0.271996 -0.203837 0 0 0 0 0
1489239713.971698761 -0.425255 -0.371806 0 0 0 0 0
1489239714.000819206 -0.412725 -0.463951 0 0 0 0 0
1489239714.037459135 -0.328023 -0.0819412 0 0 0 0 0
1489239714.068505049 -0.387127 -0.33847 0 0 0 0 0
1489239714.101658344 -0.36252 -0.362235 0 0 0 0 0
1489239714.136323929 -0.346705 -0.346433 0 0 0 0 0
1489239714.169199705 -0.36558 -0.136985 0 0 0 0 0
1489239714.200927019 -0.426165 -0.331201 0 0 0 0 0
1489239714.242617846 -0.288282 -0.432084 0 0 0 0 0
1489239714.271530628 -0.415689 -0.0519203 0 0 0 0 0
1489239714.301817894 -0.396824 -0.24782 0 0 0 0 0
1489239714.339007616 -0.36357 -0.565109 0 0 0 0 0
1489239714.369973660 -0.436642 -0.242388 0 0 0 0 0
1489239714.400762081 -0.390365 -0.0975146 0 0 0 0 0
1489239714.438427210 -0.358981 -0.318844 0 0 0 0 0
1489239714.470667124 -0.465988 -0.605308 0 0 0 0 0
1489239714.503040075 -0.371258 -0.231854 0 0 0 0 0
1489239714.544645786 -0.324981 -0 0 0 0 0 0
1489239714.571774960 -0.498396 -0.71934 0 0 0 0 0
1489239714.601492882 -0.505534 -0.606164 0 0 0 0 0
1489239714.636255026 -0.345742 -0.0863676 0 0 0 0 0
1489239714.671247959 -0.429327 -0.257394 0 0 0 0 0
1489239714.703145981 -0.470982 -0.705919 0 0 0 0 0
1489239714.736843348 -0.40125 -0.222742 0 0 0 0 0
1489239714.769918203 -0.408802 0.226934 0 0 0 0 0
1489239714.799744129 -0.503703 -1.00661 0 0 0 0 0
1489239714.838801146 -0.384653 -0.461221 0 0 0 0 0
1489239714.901049614 -0.458557 -0.168809 0 0 0 0 0
1489239714.937373877 -0.454951 -0.537247 0 0 0 0 0
1489239714.966539860 -0.5151 -0.411757 0 0 0 0 0
1489239715.007640362 -0.365529 -0.146097 0 0 0 0 0
1489239715.040395975 -0.504517 -0.320804 0 0 0 0 0
1489239715.071063280 -0.489884 -0.783198 0 0 0 0 0
1489239715.103972912 -0.456505 -0 0 0 0 0 0
1489239715.137632608 -0.446332 -0.356785 0 0 0 0 0
1489239715.172275782 -0.433661 -0.519985 0 0 0 0 0
1489239715.203162432 -0.535045 -0.340216 0 0 0 0 0
1489239715.240360260 -0.403879 -0.201781 0 0 0 0 0
1489239715.271282434 -0.583015 -0.291279 0 0 0 0 0
1489239715.302614450 -0.575389 -0.67076 0 0 0 0 0
1489239715.337492466 -0.51689 -0.258242 0 0 0 0 0
1489239715.370925903 -0.539223 -0 0 0 0 0 0
1489239715.402347326 -0.573752 -0.573301 0 0 0 0 0
1489239715.442509890 -0.448878 -0.149508 0 0 0 0 0
1489239715.476058245 -0.537376 -0.402716 0 0 0 0 0
1489239715.502769470 -0.674926 -0.393397 0 0 0 0 0
1489239715.537839890 -0.514054 -0.214021 0 0 0 0 0
1489239715.597730875 -0.60203 -0.426103 0 0 0 0 0
1489239715.644882917 -0.38234 -0.318366 0 0 0 0 0
1489239715.670245886 -0.710804 -0.355123 0 0 0 0 0
1489239715.700426340 -0.597343 -0.198958 0 0 0 0 0
1489239715.737884045 -0.481292 -0.400762 0 0 0 0 0
1489239715.770366669 -0.555007 -0.369714 0 0 0 0 0
1489239715.801944017 -0.570918 -0.237696 0 0 0 0 0
1489239715.840437174 -0.468345 -0.311985 0 0 0 0 0
1489239715.869084120 -0.62932 -0.314413 0 0 0 0 0
1489239715.900123596 -0.580812 -0.338541 0 0 0 0 0
1489239715.935557127 -0.508786 -0.423655 0 0 0 0 0
1489239715.968859434 -0.541347 -0.270461 0 0 0 0 0
1489239715.999254227 -0.593131 -0.543276 0 0 0 0 0
1489239716.044430971 -0.399057 -0.132914 0 0 0 0 0
1489239716.071159840 -0.67448 -0.561625 0 0 0 0 0
1489239716.102366686 -0.577697 -0.481036 0 0 0 0 0
1489239716.137575626 -0.512032 -0.255815 0 0 0 0 0
1489239716.170018911 -0.55568 -0.0925406 0 0 0 0 0
1489239716.201621532 -0.618 -0.617515 0 0 0 0 0
1489239716.237936258 -0.49644 -0.49605 0 0 0 0 0
1489239716.269471407 -0.571682 -0.0476028 0 0 0 0 0
1489239716.302189350 -0.551015 -0.275291 0 0 0 0 0
1489239716.336622238 -0.567203 -0.523161 0 0 0 0 0
1489239716.369774342 -0.543799 -0.316967 0 0 0 0 0
1489239716.401099682 -0.575511 -0.143765 0 0 0 0 0
1489239716.444411993 -0.416235 -0.277272 0 0 0 0 0
1489239716.500422001 -0.643745 -0.428826 0 0 0 0 0
1489239716.536784172 -0.495792 -0.247702 0 0 0 0 0
1489239716.568927765 -0.560861 -0.560421 0 0 0 0 0
1489239716.599710226 -0.585661 -0.438901 0 0 0 0 0
1489239716.637904644 -0.472009 -0.157213 0 0 0 0 0
1489239716.669343710 -0.57343 -0.190993 0 0 0 0 0
1489239716.700412989 -0.628609 -0.628115 0 0 0 0 0
1489239716.737298965 -0.488752 -0.366276 0 0 0 0 0
1489239716.763034105 -0.700524 -0.116662 0 0 0 0 0
1489239716.794929028 -0.565234 -0.329461 0 0 0 0 0
1489239716.836587667 -0.468821 -0.504487 0 0 0 0 0
1489239716.865774870 -0.617671 -0.360025 0 0 0 0 0
1489239716.897666454 -0.565293 -0.0941415 0 0 0 0 0
1489239716.939692259 -0.428977 -0.07144 0 0 0 0 0
1489239716.999429941 -0.628724 -0.62823 0 0 0 0 0
1489239717.043421268 -0.375659 0.136496 0 0 0 0 0
1489239717.070800781 -0.658452 -0.712763 0 0 0 0 0
1489239717.099996328 -0.617495 -0.565592 0 0 0 0 0
1489239717.136924267 -0.488196 -0.121953 0 0 0 0 0
1489239717.168245792 -0.575581 -0.143782 0 0 0 0 0
1489239717.200445414 -0.559885 -0.512825 0 0 0 0 0
1489239717.236216784 -0.503981 -0.419654 0 0 0 0 0
1489239717.267518520 -0.575945 -0 0 0 0 0 0
1489239717.303867579 -0.495971 -0.247791 0 0 0 0 0
1489239717.339616537 -0.504297 -0.503901 0 0 0 0 0
1489239717.366891623 -0.660973 -0.330227 0 0 0 0 0
1489239717.401494980 -0.520993 -0.173528 0 0 0 0 0
1489239717.438322306 -0.48953 -0.326097 0 0 0 0 0
1489239717.470514059 -0.560022 -0.279791 0 0 0 0 0
1489239717.502188683 -0.521735 -0.189573 0 0 0 0 0
1489239717.569339991 -0.514567 -0.402388 0 0 0 0 0
1489239717.601845503 -0.508398 -0.138545 0 0 0 0 0
1489239717.638755798 -0.407025 -0.081341 0 0 0 0 0
1489239717.666100502 -0.604349 -0.494079 0 0 0 0 0
1489239717.700163126 -0.485158 -0.440706 0 0 0 0 0
1489239717.740844965 -0.36929 -0.0369 0 0 0 0 0
1489239717.809013844 -0.220385 -0.0220212 0 0 0 0 0
1489239717.899832487 -0.694773 -0.380172 0 0 0 0 0
1489239717.971282959 -0.462579 -0.420196 0 0 0 0 0
1489239718.071127176 -0.496546 -0.21049 0 0 0 0 0
1489239718.102631330 -0.476871 -0.190598 0 0 0 0 0
1489239718.137115479 -0.435661 0.21766 0 0 0 0 0
1489239718.169830084 -0.505149 -0.0917731 0 0 0 0 0
1489239718.199739933 -0.602748 -0.903411 0 0 0 0 0
1489239718.243397236 -0.344121 0.13754 0 0 0 0 0
1489239718.271332026 -0.591583 0.322428 0 0 0 0 0
1489239718.303116083 -0.519938 -0.80291 0 0 0 0 0
1489239718.337753773 -0.477103 -0.173356 0 0 0 0 0
1489239718.369311094 -0.476067 0.190277 0 0 0 0 0
1489239718.400195599 -0.486438 -0.0972113 0 0 0 0 0
1489239718.436915159 -0.450053 -0.531463 0 0 0 0 0
1489239718.469563484 -0.460159 -0.275878 0 0 0 0 0
1489239718.499590397 -0.500331 0.299963 0 0 0 0 0
1489239718.537483692 -0.396466 -0.237693 0 0 0 0 0
1489239718.571082830 -0.447137 -0.357428 0 0 0 0 0
1489239718.601737976 -0.490078 -0.0979386 0 0 0 0 0
1489239718.638499022 -0.408677 -0.0816713 0 0 0 0 0
1489239718.671373844 -0.456988 -0.228315 0 0 0 0 0
1489239718.700426340 -0.517112 -0.413365 0 0 0 0 0
1489239718.735543728 -0.427805 0.128241 0 0 0 0 0
1489239718.766535282 -0.484758 -0 0 0 0 0 0
1489239718.796127558 -0.50768 -0.710194 0 0 0 0 0
1489239718.865466118 -0.390001 0.0649492 0 0 0 0 0
1489239718.899239779 -0.444826 -0.444477 0 0 0 0 0
1489239718.937590122 -0.391741 -0.274003 0 0 0 0 0
1489239718.966221094 -0.472253 0.104863 0 0 0 0 0
1489239719.005720854 -0.380342 -0.152017 0 0 0 0 0
1489239719.037969828 -0.465857 -0.465491 0 0 0 0 0
1489239719.069551706 -0.428127 -0.0950647 0 0 0 0 0
1489239719.102066040 -0.415849 0.0461692 0 0 0 0 0
1489239719.135429144 -0.40527 -0.314962 0 0 0 0 0
1489239719.168955088 -0.448113 -0.402985 0 0 0 0 0
1489239719.201126575 -0.373583 -0 0 0 0 0 0
1489239719.240010738 -0.347727 -0 0 0 0 0 0
1489239719.296490669 -0.239396 -0.292365 0 0 0 0 0
1489239719.338316679 -0.323269 -0.143562 0 0 0 0 0
1489239719.362818241 -0.490529 -0 0 0 0 0 0
1489239719.381489038 -0.643718 -0.160803 0 0 0 0 0
1489239719.439844131 -0.231703 -0.128623 0 0 0 0 0
1489239719.465316057 -0.943684 -0.353604 0 0 0 0 0
1489239719.495563745 -0.397344 -0.198516 0 0 0 0 0
1489239719.533279419 -0.318667 -0.39802 0 0 0 0 0
1489239719.565725565 -0.370421 0.185065 0 0 0 0 0
1489239719.597932339 -0.373174 -0.18644 0 0 0 0 0
1489239719.640428782 -0.282817 -0.353244 0 0 0 0 0
1489239719.665338993 -0.482482 -0 0 0 0 0 0
1489239719.696896076 -0.33325 -0.0951394 0 0 0 0 0
1489239719.736074686 -0.306768 -0.153263 0 0 0 0 0
1489239719.767014265 -0.388458 -0.242596 0 0 0 0 0
1489239719.798571587 -0.28564 -0.190277 0 0 0 0 0
1489239719.842636108 -0.204565 0.0340673 0 0 0 0 0
1489239719.870690584 -0.321305 -0.214035 0 0 0 0 0
1489239719.901370764 -0.293807 -0.293576 0 0 0 0 0
1489239719.936750174 -0.254782 -0 0 0 0 0 0
1489239719.968998194 -0.232935 -0.093101 0 0 0 0 0
1489239720.002167702 -0.226464 -0.181029 0 0 0 0 0
1489239720.038634777 -0.205986 -0.0823297 0 0 0 0 0
1489239720.101761341 -0.21419 -0.0951207 0 0 0 0 0
1489239720.137411118 -0.168567 -0 0 0 0 0 0
1489239720.167266130 -0.201285 -0.201127 0 0 0 0 0
1489239720.204347372 -0.162059 -0.080966 0 0 0 0 0
1489239720.242589235 -0.117856 -0.0392544 0 0 0 0 0
1489239720.269131184 -0.169808 -0.056558 0 0 0 0 0
1489239720.299794674 -0.146983 -0 0 0 0 0 0
1489239720.343003511 -0.104308 -0.138968 0 0 0 0 0
1489239720.372239828 -0.102772 -0.0513458 0 0 0 0 0
1489239720.402776241 -0.0983967 -0 0 0 0 0 0
1489239720.437670708 -0.0861077 -0 0 0 0 0 0
1489239720.471043348 -0.0900343 -0 0 0 0 0 0
1489239720.502172232 -0.048262 -0 0 0 0 0 0
1489239720.537678957 -0.0846229 -0 0 0 0 0 0
1489239720.570282459 -0.0460791 -0.138129 0 0 0 0 0
1489239720.602573156 -0 -0 0 0 0 0 0
1489239720.637019634 -0 0.087159 0 0 0 0 0
1489239720.668355227 -0 -0 0 0 0 0 0
1489239720.706618547 -0 -0.0784647 0 0 0 0 0
1489239720.738266945 -0 -0 0 0 0 0 0
1489239720.799678326 -0 0.073333 0 0 0 0 0
1489239720.836976290 -0 -0 0 0 0 0 0
1489239720.868944645 -0 -0 0 0 0 0 0
1489239720.899327517 -0 -0 0 0 0 0 0
1489239720.938504696 -0 -0 0 0 0 0 0
1489239720.970879316 -0 -0.0463684 0 0 0 0 0
1489239721.001557827 -0 -0 0 0 0 0 0
1489239721.034846783 -0 -0 0 0 0 0 0
1489239721.066498041 -0 -0 0 0 0 0 0
1489239721.098079681 -0 -0 0 0 0 0 0
1489239721.136333227 -0 -0 0 0 0 0 0
1489239721.165413618 -0 -0 0 0 0 0 0
1489239721.201647758 -0 -0 0 0 0 0 0
1489239721.231571198 -0 -0 0 0 0 0 0
1489239721.266581059 -0 -0 0 0 0 0 0
1489239721.300677776 -0 -0 0 0 0 0 0
1489239721.337409496 -0 -0 0 0 0 0 0
1489239721.368241310 -0 -0 0 0 0 0 0
1489239721.399168968 -0 -0 0 0 0 0 0
1489239721.442438602 -0 -0 0 0 0 0 0
1489239721.470256090 -0 -0 0 0 0 0 0
1489239721.500824690 -0 -0 0 0 0 0 0
1489239721.569327831 -0 -0 0 0 0 0 0
1489239721.597947359 -0 -0 0 0 0 0 0
1489239721.641709805 -0 -0 0 0 0 0 0
1489239721.668704271 -0 -0 0 0 0 0 0
1489239721.703112364 -0 -0 0 0 0 0 0
1489239721.736714602 -0 -0 0 0 0 0 0
1489239721.774770260 -0 -0 0 0 0 0 0
1489239721.802875280 -0 -0 0 0 0 0 0
1489239721.839754820 -0 -0 0 0 0 0 0
1489239721.869856834 -0 -0 0 0 0 0 0
1489239721.901875019 -0 -0 0 0 0 0 0
