1489239898.045476913 -0 -0 0 0 0 0 0
1489239898.065696478 -0 -0.148486 0 0 0 0 0
1489239898.094152927 0.0527944 0.158259 0 -0.613333 0 0 0
1489239898.133317232 -0 -0.0766596 0 0 0 0 0
1489239898.256245613 -0 0.0122117 0 0 0 0 0
1489239898.276035070 0.227749 0.0758566 0 -0.881949 0 0 0
1489239898.331080914 0.0272925 -0.0272711 0 0 0 0 0
1489239898.361824989 0.146598 -0 0 -0.567696 0 0 0
1489239898.388834238 0.111246 -0 0 0 0 0 0
1489239898.425599337 0.0817265 -0 0 0 0 0 0
1489239898.457552433 0.0940341 -0 0 0 0 0 0
1489239898.489179373 0.142506 -0 0 -0.551849 0 0 0
1489239898.526271820 0.121508 -0 0 -0.470535 0 0 0
1489239898.558416843 0.140209 0.140099 0 -1.08591 0 0 0
1489239898.598146439 0.151257 -0 0 -0.439302 0 0 0
1489239898.625738859 0.163343 0.0544048 0 -1.26508 0 0 0
1489239898.666452169 0.147602 0.073743 0 -0.857375 0 0 0
1489239898.691173315 0.243086 -0 0 -1.41201 0 0 0
1489239898.728820801 0.159622 0.0797483 0 -0.927196 0 0 0
1489239898.760063887 0.240428 -0 0 -1.67589 0 0 0
1489239898.791364193 0.239988 0.0959199 0 -1.67282 0 0 0
1489239898.834667921 0.173466 0.0693317 0 -1.20913 0 0 0
1489239898.859589100 0.361702 -0.0602363 0 -2.10102 0 0 0
1489239898.890568733 0.290967 0.145369 0 -1.69014 0 0 0
1489239898.937650442 0.191455 0.0637683 0 -1.11211 0 0 0
1489239898.964312553 0.338084 0.112606 0 -1.96383 0 0 0
1489239898.994905710 0.294643 0.098137 0 -1.71149 0 0 0
1489239899.028469324 0.268566 0.0894517 0 -1.56002 0 0 0
1489239899.060459375 0.328739 0.140778 0 -1.63676 0 0 0
1489239899.091066360 0.343594 -0 0 -0.570239 0 0 0
1489239899.128891945 0.317741 0.0793728 0 -1.38425 0 0 0
1489239899.157552242 0.366932 0.261889 0 -1.82691 0 0 0
1489239899.190469027 0.365125 -0.182419 0 0.530225 0 0 0
1489239899.234498501 0.307091 0.136378 0 -1.982 0 0 0
1489239899.263934135 0.408305 0.458983 0 -1.77879 0 0 0
1489239899.292388678 0.475181 -0.369295 0 2.4535 0 0 0
1489239899.336672544 0.271402 0.0677972 0 -1.57649 0 0 0
1489239899.358470201 0.620299 0.206604 0 -0.800696 0 0 0
1489239899.397928953 0.380737 0.0380438 0 -0.442317 0 0 0
1489239899.461671591 0.471377 -0.0942014 0 1.91666 0 0 0
1489239899.491908789 0.496852 0.297877 0 -2.88606 0 0 0
1489239899.528373003 0.453205 -0 0 2.87185 0 0 0
1489239899.561529398 0.453107 -0.407476 0 3.15836 0 0 0
1489239899.595227957 0.490399 0.178187 0 -2.58962 0 0 0
1489239899.657607079 0.529849 -0 0 -3.63732 0 0 0
1489239899.688949347 0.527267 -0.383166 0 -2.78431 0 0 0
1489239899.727947235 0.42376 0.23096 0 -2.68527 0 0 0
1489239899.757678270 0.606373 -0 0 -3.52224 0 0 0
1489239899.797624588 0.413699 -0.187897 0 -2.62151 0 0 0
1489239899.855980158 0.283191 0.0257244 0 -2.0936 0 0 0
1489239899.881868839 0.638339 -0 0 -4.045 0 0 0
1489239899.898923397 0.968993 0.176042 0 -7.16366 0 0 0
1489239899.934775829 0.419035 -0.167482 0 -3.40766 0 0 0
1489239899.969468117 0.476352 -0 0 -3.52162 0 0 0
1489239899.999854326 0.494415 0.296416 0 -3.44629 0 0 0
1489239900.072367907 0.227899 -0.0414036 0 -1.44414 0 0 0
1489239900.096078634 1.39395 -0 0 -8.09702 0 0 0
1489239900.129240513 0.453032 0.0905353 0 -3.15784 0 0 0
1489239900.160527468 0.576217 -0.383843 0 -3.34707 0 0 0
1489239900.197506666 0.446893 0.0811895 0 -3.30383 0 0 0
1489239900.228478432 0.582081 0.290812 0 -3.94466 0 0 0
1489239900.259489536 0.532898 -0.145222 0 -3.37685 0 0 0
1489239900.291575432 0.56187 -0.280714 0 -3.26373 0 0 0
1489239900.336108923 0.404821 0.0674172 0 2.35148 0 0 0
1489239900.362890720 0.673147 0.336309 0 -3.91011 0 0 0
1489239900.393167973 0.545814 -0.446224 0 3.45869 0 0 0
1489239900.427575827 0.523953 -0 0 3.55073 0 0 0
1489239900.460395575 0.549306 0.320177 0 3.72255 0 0 0
1489239900.491126776 0.586638 -0 0 3.97554 0 0 0
1489239900.523191214 0.562246 -0.327719 0 3.26592 0 0 0
1489239900.557182789 0.530369 0.0441627 0 3.59422 0 0 0
1489239900.591986895 0.517987 0.172527 0 3.51031 0 0 0
1489239900.626204729 0.526862 -0.0877414 0 3.57045 0 0 0
1489239900.666510344 0.447285 -0.111733 0 3.03117 0 0 0
1489239900.689692736 0.777663 -0 0 5.27008 0 0 0
1489239900.724727392 0.514579 -0 0 3.98538 0 0 0
1489239900.759905815 0.512476 -0.0853455 0 88.8084 0 0 0
1489239900.796430349 0.534721 -0.2466 0 3.82281 0 0 0
1489239900.830236435 0.533279 0.26643 0 4.13021 0 0 0
1489239900.858779192 0.631617 -0.105187 0 4.89183 0 0 0
1489239900.892122030 0.495631 -0.360176 0 3.66415 0 0 0
1489239900.930797338 0.46614 0.155258 0 -3.61022 0 0 0
1489239900.990221262 0.58148 0.0757857 0 -3.23079 0 0 0
1489239901.029672861 0.380806 -0.380507 0 -2.65439 0 0 0
1489239901.060318708 0.588272 0.538826 0 -3.41709 0 0 0
1489239901.093217611 0.410988 -0 0 -2.65256 0 0 0
1489239901.129413605 0.498069 -0.0829462 0 -2.89313 0 0 0
1489239901.161159277 0.473243 -0 0 -2.74892 0 0 0
1489239901.193322420 0.51381 0.0933466 0 -3.25589 0 0 0
1489239901.229529858 0.414926 -0.04146 0 2.89222 0 0 0
1489239901.261322498 0.472544 0.0472172 0 -0.548973 0 0 0
1489239901.290899277 0.507946 0.101509 0 -0.590101 0 0 0
1489239901.332672358 0.359643 0.0718722 0 -0.835624 0 0 0
1489239901.360125065 0.492522 -0.273409 0 -3.17879 0 0 0
1489239901.399630308 0.380289 -0 0 -3.09258 0 0 0
1489239901.430799246 0.481999 0.385297 0 2.23983 0 0 0
1489239901.462503195 0.473866 -0.284096 0 -3.85356 0 0 0
1489239901.492808342 0.495738 0.148605 0 2.87959 0 0 0
1489239901.528446198 0.379402 0.0421226 0 -2.4487 0 0 0
1489239901.557832479 0.511239 -0.102167 0 -3.56356 0 0 0
1489239901.597467899 0.341136 0.0378742 0 2.20173 0 0 0
1489239901.627720833 0.496593 0.0496203 0 3.46147 0 0 0
1489239901.661408424 0.401366 0.0891225 0 2.59046 0 0 0
1489239901.693806410 0.463714 -0.046335 0 3.23229 0 0 0
1489239901.730705023 0.407154 0.0813668 0 2.83804 0 0 0
1489239901.759883404 0.514882 0.102895 0 2.99079 0 0 0
1489239901.799388885 0.380287 -0.151995 0 2.20897 0 0 0
1489239901.834717989 0.382718 0.212454 0 2.96412 0 0 0
1489239901.865076542 0.494866 -0 0 2.87453 0 0 0
1489239901.895082951 0.450606 0.050028 0 2.90826 0 0 0
1489239901.931520224 0.371078 -0 0 2.39498 0 0 0
1489239901.962604523 0.386649 -0.14488 0 2.24593 0 0 0
1489239901.994138479 0.428778 0.142814 0 3.32086 0 0 0
1489239902.033875227 0.302459 0.151111 0 2.19611 0 0 0
1489239902.063156128 0.461771 -0.307605 0 2.98032 0 0 0
1489239902.093173027 0.450449 0.200042 0 3.48869 0 0 0
1489239902.134855986 0.324379 -0 0 2.09358 0 0 0
1489239902.160689592 0.523391 -0.232435 0 3.37802 0 0 0
1489239902.191942453 0.384564 0.192131 0 3.35073 0 0 0
1489239902.228408098 0.32959 -0 0 2.39311 0 0 0
1489239902.260890722 0.416255 -0.0462143 0 3.22387 0 0 0
1489239902.291771173 0.437852 0.24306 0 2.82595 0 0 0
1489239902.328914165 0.32358 -0.0808314 0 2.34947 0 0 0
1489239902.364584923 0.336935 -0.0841676 0 2.44644 0 0 0
1489239902.397941828 0.360307 0.090006 0 2.61614 0 0 0
1489239902.454024076 0.214305 -0 0 1.86725 0 0 0
1489239902.492161989 0.630277 -0.157446 0 3.66109 0 0 0
1489239902.529256821 0.324 0.0809364 0 1.88202 0 0 0
1489239902.559924841 0.34291 -0.146846 0 1.70731 0 0 0
1489239902.592521429 0.276533 -0 0 1.6063 0 0 0
1489239902.628881216 0.206594 0.0412863 0 1.44005 0 0 0
1489239902.660973072 0.280883 -0.280662 0 -1.63156 0 0 0
1489239902.692326784 0.239579 -0.0478782 0 -0.556658 0 0 0
1489239902.728054285 0.1682 0.042017 0 -0.488511 0 0 0
1489239902.761044025 0.136619 -0.273023 0 -1.58716 0 0 0
1489239902.792368412 0.143882 -0.287538 0 -1.11436 0 0 0
1489239902.831386805 0.0770068 0.0384732 0 0 0 0 0
1489239902.862249136 0.0973576 -0.0972811 0 0 0 0 0
1489239902.892304897 0.0499851 -0.399567 0 -0.580697 0 0 0
1489239902.929156303 0.0407675 -0.081471 0 -0.473613 0 0 0
1489239902.966787338 0.0798458 -0.0797831 0 0 0 0 0
1489239902.993373156 0.0565091 -0.451718 0 -0.656489 0 0 0
1489239903.028902292 0.0845695 -0.338012 0 -0.982478 0 0 0
1489239903.059469461 0.0491488 -0.245551 0 -1.14196 0 0 0
1489239903.093552351 0.0881581 -0.264266 0 -1.02417 0 0 0
1489239903.128978014 0.0424083 -0.508499 0 2.95604 0 0 0
1489239903.161736965 0.0458605 -0.366596 0 2.13112 0 0 0
1489239903.192847967 -0 -0.289511 0 1.683 0 0 0
1489239903.229188919 0.0413402 -0.454385 0 1.92106 0 0 0
1489239903.260891438 0.0473887 -0.426163 0 2.20213 0 0 0
1489239903.293680191 0.0458188 -0.32048 0 1.06459 0 0 0
1489239903.330630302 0.0406586 -0.528147 0 2.36174 0 0 0
1489239903.360860825 0.0496962 -0.496571 0 2.30936 0 0 0
1489239903.391678095 0.04875 -0.438405 0 1.69904 0 0 0
1489239903.431808233 0.0374367 -0.448888 0 2.17459 0 0 0
1489239903.461996078 0.0497664 -0.547001 0 2.31263 0 0 0
1489239903.528970242 0.0448633 -0.448281 0 -46.6469 0 0 0
1489239903.562267542 0.045119 -0.541003 0 -3.14499 0 0 0
1489239903.593768597 0.0476918 -0.619506 0 -3.32433 0 0 0
1489239903.629753351 0.0417494 -0.250299 0 -0.970038 0 0 0
1489239903.659404039 0.050668 -0.658167 0 -3.53178 0 0 0
1489239903.691342115 0.0470392 -0.564027 0 -2.18589 0 0 0
1489239903.732207775 0.0367629 -0.36734 0 -1.70836 0 0 0
1489239903.764340162 0.0935094 -0.46718 0 -71.155 0 0 0
1489239903.794472933 0.0498574 -0.348727 0 -1.73764 0 0 0
1489239903.836691856 0.0355845 -0.497792 0 -2.067 0 0 0
1489239903.865664959 0.051853 -0.414498 0 0.602396 0 0 0
1489239903.895946741 0.049612 -0.495731 0 -0.576363 0 0 0
1489239903.929590225 0.0893095 -0.535436 0 0.518772 0 0 0
1489239903.961429596 -0 -0.282888 0 0.548167 0 0 0
1489239903.992819309 0.0957219 -0.669527 0 0.556019 0 0 0
1489239904.034964085 0.0356471 -0.178096 0 -0.414127 0 0 0
1489239904.061607838 0.0563862 -0.394394 0 0.655061 0 0 0
1489239904.092236280 0.098101 -0.49012 0 0.569839 0 0 0
1489239904.130654573 0.0391048 -0.234445 0 0.454296 0 0 0
1489239904.161447048 0.0975784 -0.341256 0 0.566804 0 0 0
1489239904.192909718 0.0477499 -0.333987 0 0.55473 0 0 0
1489239904.234118462 0.0729137 -0.291426 0 0.423534 0 0 0
1489239904.262096882 0.107393 -0.268271 0 1.24763 0 0 0
1489239904.294313669 0.0932645 -0.232978 0 1.08349 0 0 0
1489239904.331090450 0.0817005 -0.326545 0 1.42372 0 0 0
1489239904.362362623 0.0960816 -0.192012 0 1.11622 0 0 0
1489239904.391450882 0.154943 -0.258036 0 1.20002 0 0 0
1489239904.427185059 0.0840843 -0.168036 0 0.97684 0 0 0
1489239904.466088295 0.0772347 -0.115761 0 0.448633 0 0 0
1489239904.496446133 0.0989755 -0.0988977 0 0.574919 0 0 0
1489239904.531687021 0.0852612 -0 0 0 0 0 0
1489239904.560881376 0.10292 -0.0514196 0 0.597831 0 0 0
1489239904.590974808 0.0998451 0.0997667 0 0.57997 0 0 0
1489239904.626990318 0.125141 -0 0 0.484605 0 0 0
1489239904.665534973 0.155907 -0.19473 0 1.35842 0 0 0
1489239904.695602179 0.199864 -0 0 0.580476 0 0 0
1489239904.730488777 0.215318 -0.0860595 0 1.00057 0 0 0
1489239904.761285305 0.243914 -0.243722 0 2.26692 0 0 0
1489239904.792920113 0.284941 -0.284717 0 2.20685 0 0 0
1489239904.829638958 0.245488 -0.245295 0 2.37661 0 0 0
1489239904.867104292 0.280696 -0.080136 0 0.465852 0 0 0
1489239904.893078804 0.404873 -0.288968 0 3.3597 0 0 0
1489239904.928589582 0.296146 -0.25364 0 1.96597 0 0 0
1489239904.960092545 0.381511 -0.0953028 0 0.554021 0 0 0
1489239904.992895842 0.320589 -0.091525 0 1.06412 0 0 0
1489239905.032298803 0.305021 -0.266684 0 2.21472 0 0 0
1489239905.063263416 0.388144 -0 0 -0.563653 0 0 0
1489239905.093723059 0.394579 -0 0 0.572997 0 0 0
1489239905.129008532 0.340614 -0.340346 0 2.96779 0 0 0
1489239905.160099745 0.289923 0.096565 0 -0.561358 0 0 0
1489239905.192353010 0.326056 -0.0930858 0 0.541133 0 0 0
1489239905.229514360 0.242565 -0.161583 0 1.40899 0 0 0
1489239905.260742664 0.28865 0.096141 0 -0.558893 0 0 0
1489239905.293865204 0.226785 -0.0453214 0 1.05386 0 0 0
1489239905.359802485 0.182275 0.045533 0 0.794086 0 0 0
1489239905.390777588 0.194006 -0 0 0.563462 0 0 0
1489239905.432890654 0.142696 0.0712919 0 0.414439 0 0 0
1489239905.460932016 0.160728 0.160601 0 0.622412 0 0 0
1489239905.491282463 0.148499 0.0989218 0 0.575059 0 0 0
1489239905.560997486 0.129298 0.0430656 0 0.751056 0 0 0
1489239905.600940466 0.112836 0.0751652 0 0.436955 0 0 0
1489239905.634475470 0.134398 -0.268584 0 1.56135 0 0 0
1489239905.663566113 0.15493 0.206411 0 1.19992 0 0 0
1489239905.692826986 0.205372 0.153908 0 1.19294 0 0 0
1489239905.760440588 0.133317 -0 0 0.774399 0 0 0
1489239905.791764498 0.143884 0.0479238 0 0.557188 0 0 0
1489239905.828061342 0.124171 0.330863 0 -0.480849 0 0 0
1489239905.861742496 0.0892096 -0.0891395 0 0.518192 0 0 0
1489239905.892228842 0.0985583 -0 0 0.572495 0 0 0
1489239905.929512501 0.0805898 0.201316 0 0.468122 0 0 0
1489239905.960752249 0.144272 0.0480529 0 0.558689 0 0 0
1489239905.992315292 0.142794 0.0475607 0 0.552966 0 0 0
1489239906.028209448 0.0837095 -0.0418219 0 0.486243 0 0 0
1489239906.061644554 0.134799 0.179591 0 1.04401 0 0 0
1489239906.092678070 0.145231 0.145117 0 0.562401 0 0 0
1489239906.134402990 0.108018 -0.107933 0 0.836588 0 0 0
1489239906.163870335 0.15295 -0 0 0.592293 0 0 0
1489239906.194076538 0.149209 0.198788 0 -0.577805 0 0 0
1489239906.228482485 0.174661 0.0436309 0 1.01455 0 0 0
1489239906.261792421 0.135306 -0 0 0.523967 0 0 0
1489239906.293634415 0.188724 -0 0 1.09624 0 0 0
1489239906.330315351 0.163828 -0 0 0.951627 0 0 0
1489239906.359589577 0.256598 -0 0 1.7886 0 0 0
1489239906.393051863 0.179586 -0.0897225 0 2.08632 0 0 0
1489239906.429873228 0.204004 -0 0 1.422 0 0 0
1489239906.462706566 0.228783 0.0914413 0 1.06314 0 0 0
1489239906.494458675 0.236573 -0 0 1.64902 0 0 0
1489239906.530020475 0.21123 -0.211064 0 2.45394 0 0 0
1489239906.560574532 0.24585 0.196525 0 0.571227 0 0 0
1489239906.595902205 0.212629 0.127477 0 1.48212 0 0 0
1489239906.630274296 0.174833 -0.262043 0 2.0311 0 0 0
1489239906.662177563 0.235453 -0 0 1.64121 0 0 0
1489239906.692748308 0.196572 0.098209 0 1.14183 0 0 0
1489239906.729924679 0.161645 0.0403794 0 1.40842 0 0 0
1489239906.761966467 0.187548 -0.0468501 0 1.08941 0 0 0
1489239906.794084787 0.187101 -0.0467385 0 1.08681 0 0 0
1489239906.829765081 0.168422 0.0841451 0 0.978316 0 0 0
1489239906.861844301 0.140497 0.0935909 0 1.08814 0 0 0
1489239906.892662287 0.146247 -0.146132 0 1.13267 0 0 0
1489239906.932517529 0.113085 0.0753307 0 0.875834 0 0 0
1489239906.961867094 0.102376 -0 0 0.59467 0 0 0
1489239906.992731333 0.146027 -0.145913 0 1.13097 0 0 0
1489239907.060719967 0.132582 -0 0 1.02684 0 0 0
1489239907.091742277 0.145283 0.0967794 0 1.12521 0 0 0
1489239907.129336834 0.119885 -0.0798605 0 0.928501 0 0 0
1489239907.160528183 0.144496 -0.0962549 0 1.11911 0 0 0
1489239907.193649530 0.181435 -0 0 1.0539 0 0 0
1489239907.229957819 0.165509 -0 0 0.961394 0 0 0
1489239907.261428356 0.143214 -0 0 1.10918 0 0 0
1489239907.292999268 0.190345 -0.0950977 0 1.10566 0 0 0
1489239907.337800980 0.134132 0.0670135 0 0.779135 0 0 0
1489239907.363510370 0.175306 -0.116779 0 1.35774 0 0 0
1489239907.394739151 0.19243 -0.288419 0 1.11777 0 0 0
1489239907.429816246 0.128489 0.256776 0 1.49271 0 0 0
1489239907.461789131 0.140964 0.0939021 0 0.545878 0 0 0
1489239907.492999315 0.144409 -0.336689 0 1.11844 0 0 0
1489239907.538081169 0.0999742 0.0665971 0 0.774293 0 0 0
1489239907.564865828 0.168269 -0 0 0.651615 0 0 0
1489239907.594840288 0.150362 -0.100163 0 1.16454 0 0 0
1489239907.629977942 0.128268 -0 0 0.496712 0 0 0
1489239907.662598848 0.184218 0.0460184 0 1.07007 0 0 0
1489239907.693750620 0.096453 -0 0 0.560266 0 0 0
1489239907.729680538 0.125439 -0.208901 0 1.45728 0 0 0
1489239907.760174036 0.0985352 -0 0 0.572361 0 0 0
1489239907.792887211 0.183699 0.183554 0 1.60057 0 0 0
1489239907.826785803 0.132956 -0.132852 0 1.5446 0 0 0
1489239907.862015724 0.0852878 -0.0852208 0 0.990822 0 0 0
1489239907.893179178 0.144625 -0 0 0.560056 0 0 0
1489239907.932243347 0.115375 0.153712 0 1.34036 0 0 0
1489239907.963982821 0.094667 -0.189185 0 1.09978 0 0 0
1489239907.994186401 0.149221 -0.198806 0 0 0 0 0
1489239908.029814005 0.126504 0.379213 0 1.46964 0 0 0
1489239908.063083887 0.0451562 -0.180483 0 0.524597 0 0 0
1489239908.093851328 0.0976578 -0.0975811 0 0.567265 0 0 0
1489239908.130859137 0.0405952 0.0811267 0 0.471611 0 0 0
1489239908.160434246 0.101595 0.20303 0 1.18027 0 0 0
1489239908.192104578 -0 -0 0 0.551093 0 0 0
1489239908.228979349 -0 -0.162839 0 0.473313 0 0 0
1489239908.262953043 0.0442207 0.176744 0 0.51373 0 0 0
1489239908.293766975 -0 0.292302 0 1.13282 0 0 0
1489239908.334753275 -0 -0.146504 0 0.425832 0 0 0
1489239908.360325336 -0 -0 0 0.682514 0 0 0
1489239908.393100977 -0 0.41221 0 0.532508 0 0 0
1489239908.428426504 -0 -0 0 0.49407 0 0 0
1489239908.492157459 -0 0.141328 0 0.547718 0 0 0
1489239908.537611961 -0 -0 0 0.383973 0 0 0
1489239908.563114405 -0 -0 0 0.684377 0 0 0
1489239908.594105959 -0 0.193751 0 1.12633 0 0 0
1489239908.630321503 -0 -0 0 0.481928 0 0 0
1489239908.661664486 -0 0.191579 0 1.1137 0 0 0
1489239908.692665577 -0 0.193691 0 1.12598 0 0 0
1489239908.730712175 -0 -0.0789117 0 0.458735 0 0 0
1489239908.761628628 -0 0.0971108 0 0.564531 0 0 0
1489239908.799671412 -0 0.394598 0 -0.458781 0 0 0
1489239908.832020521 -0 0.18562 0 0.539529 0 0 0
1489239908.864014864 -0.0939129 -0.0938391 0 0.545512 0 0 0
1489239908.891901970 -0.0538722 0.21532 0 -0.625855 0 0 0
1489239908.934508085 -0 0.422801 0 -0.409643 0 0 0
1489239908.963336468 -0.104227 -0 0 0.60542 0 0 0
1489239908.992682219 -0 -0.204617 0 0.594747 0 0 0
1489239909.032236338 -0.0379819 0.417473 0 -0.441251 0 0 0
1489239909.062191963 -0.100304 -0 0 0.582638 0 0 0
1489239909.089355707 -0 -0 0 0.642522 0 0 0
1489239909.132918835 -0.0344865 0.241216 0 1.60257 0 0 0
1489239909.160585403 -0.0543017 -0 0 0.630844 0 0 0
1489239909.190998554 -0 0.197436 0 1.72162 0 0 0
1489239909.260325193 -0.0866819 -0 0 0.755263 0 0 0
1489239909.292943239 -0 0.276134 0 2.14032 0 0 0
1489239909.327783823 -0.0862409 0.344692 0 1.50284 0 0 0
1489239909.358894348 -0.0965809 -0.19301 0 0.561009 0 0 0
1489239909.390475988 -0.0951401 0.285196 0 1.65792 0 0 0
1489239909.433337212 -0.0701026 0.0700475 0 0.407205 0 0 0
1489239909.461643934 -0 0.159096 0 1.23316 0 0 0
1489239909.492793560 -0.0964596 0.192768 0 1.12061 0 0 0
1489239909.534494638 -0.0360264 -0.215989 0 -0.418533 0 0 0
1489239909.563981056 -0 0.254551 0 1.77573 0 0 0
1489239909.594674587 -0.0489465 0.293448 0 1.13726 0 0 0
1489239909.630295277 -0.0421761 -0.252858 0 -0.489976 0 0 0
1489239909.661029816 -0.0488812 -0 0 0.567872 0 0 0
1489239909.695307732 -0 0.350351 0 2.03668 0 0 0
1489239909.729781389 -0.0435794 0.174181 0 1.01256 0 0 0
1489239909.760809183 -0.0968384 -0.338668 0 -1.12501 0 0 0
1489239909.798040152 -0 -0 0 0.468784 0 0 0
1489239909.831218958 -0 0.452446 0 2.63019 0 0 0
1489239909.860951662 -0.0505282 -0 0 0.587007 0 0 0
1489239909.894198179 -0.0903758 -0.18061 0 -0.524966 0 0 0
1489239909.929615974 -0.0848354 0.127153 0 -0.492783 0 0 0
1489239909.961015463 -0.047846 0.812744 0 6.11431 0 0 0
1489239909.992355585 -0.191747 -0 0 -1.1138 0 0 0
1489239910.027752161 -0.0848862 -0.551327 0 0.493079 0 0 0
1489239910.060272217 -0.0923947 0.923222 0 5.90363 0 0 0
1489239910.093829870 -0.0895379 0.447338 0 1.5603 0 0 0
1489239910.130908728 -0.202587 -0.404856 0 -2.35354 0 0 0
1489239910.161345959 -0.0987173 -0 0 -0.573419 0 0 0
1489239910.192197561 -0.146087 0.973149 0 6.78861 0 0 0
1489239910.236119986 -0.136818 -0 0 0.794733 0 0 0
1489239910.261872530 -0.23335 -0.291459 0 1.35546 0 0 0
1489239910.291685343 -0.20157 0.503529 0 -1.75629 0 0 0
1489239910.329047203 -0.160842 0.40179 0 -1.40143 0 0 0
1489239910.360231638 -0.192704 0.192553 0 0.55968 0 0 0
1489239910.392358541 -0.187051 -0.140178 0 1.08652 0 0 0
1489239910.427984238 -0.0843403 0.42137 0 -1.46972 0 0 0
1489239910.458794832 -0.195042 0.389778 0 0.56647 0 0 0
1489239910.491943598 -0.135964 -0.135857 0 1.05303 0 0 0
1489239910.531137943 -0.114992 0.306404 0 -0.445301 0 0 0
1489239910.564346552 -0.180958 0.180816 0 1.05113 0 0 0
1489239910.628856421 -0.139731 0.186162 0 -0.270552 0 0 0
1489239910.659572124 -0.195645 0.293236 0 0.56822 0 0 0
1489239910.693033457 -0.134693 -0 0 0.521596 0 0 0
1489239910.730582714 -0.160039 0.119935 0 -0.464811 0 0 0
1489239910.763105631 -0.0923866 0.184628 0 -0.536646 0 0 0
1489239910.793712378 -0.147256 0.441421 0 -1.71073 0 0 0
1489239910.832314730 -0.155674 -0 0 -0.45213 0 0 0
1489239910.861944437 -0.101408 -0 0 -0.589047 0 0 0
1489239910.894340992 -0.185494 0.278022 0 -1.61622 0 0 0
1489239910.928653002 -0.0875694 -0 0 0 0 0 0
1489239910.968306541 -0.11366 0.0757138 0 -0.440145 0 0 0
1489239910.997937679 -0.101403 0.253308 0 -0.589019 0 0 0
1489239911.029529810 -0.0951085 0.190068 0 -0.552457 0 0 0
1489239911.060399055 -0.0973358 -0 0 0.565394 0 0 0
1489239911.092964172 -0.0922669 -0.184389 0 1.0719 0 0 0
1489239911.131933689 -0.0385517 0.192607 0 -0.44787 0 0 0
1489239911.160804749 -0.0520362 0.259977 0 1.20905 0 0 0
1489239911.192563057 -0.0946109 -0.0945366 0 0.549566 0 0 0
1489239911.228032112 -0.0847128 -0.0846462 0 0.492071 0 0 0
1489239911.267590284 -0.075956 0.151793 0 -0.441206 0 0 0
1489239911.294620514 -0.05558 0.277682 0 1.29139 0 0 0
1489239911.328868151 -0.087734 -0.0876651 0 0.50962 0 0 0
1489239911.391129255 -0.0482594 -0 0 0.280324 0 0 0
1489239911.434085131 -0.034974 0.0698932 0 0.406307 0 0 0
1489239911.462391138 -0.053075 -0.1591 0 0 0 0 0
1489239911.492698431 -0 -0 0 0.575878 0 0 0
1489239911.529791117 -0 0.404705 0 0.470532 0 0 0
1489239911.593839645 -0.0469126 -0.32813 0 -0.817503 0 0 0
1489239911.629985571 -0 0.456836 0 8.20856 0 0 0
1489239911.660728931 -0 -0 0 0.567709 0 0 0
1489239911.692065001 -0.0479429 -0.431147 0 2.22789 0 0 0
1489239911.729146719 -0 0.32386 0 -0.941342 0 0 0
1489239911.797321081 -0.0220367 -0 0 0.512019 0 0 0
1489239911.825650692 -0.0530308 -0 0 0 0 0 0
1489239911.859896898 -0 0.832853 0 0.509642 0 0 0
1489239911.892270803 -0.139218 -0.185478 0 -0.539116 0 0 0
1489239911.929038525 -0.0408603 -0.163313 0 0.474691 0 0 0
1489239911.957669258 -0.104946 0.734045 0 -2.4384 0 0 0
1489239911.990347147 -0.0459742 0.551257 0 -1.6023 0 0 0
1489239912.027735233 -0.0803647 -0.160603 0 0.933629 0 0 0
1489239912.059085846 -0.0479206 0.383064 0 -1.67014 0 0 0
1489239912.090560436 -0.0954637 0.476944 0 -1.66356 0 0 0
1489239912.128531933 -0.0791299 0.0790678 0 0 0 0 0
1489239912.162756205 -0.0877939 0.17545 0 -0.509968 0 0 0
1489239912.194894791 -0.0467457 0.140127 0 -0.543063 0 0 0
1489239912.229518414 -0 0.476922 0 -2.01635 0 0 0
1489239912.261346579 -0.0944032 0.141494 0 0.54836 0 0 0
1489239912.293126345 -0 -0.188945 0 0.549195 0 0 0
1489239912.329268694 -0 0.498416 0 -2.41452 0 0 0
1489239912.363837481 -0 0.260552 0 -0.504886 0 0 0
1489239912.392328739 -0 -0.316131 0 1.83775 0 0 0
1489239912.430212498 -0 0.237753 0 -0.460706 0 0 0
1489239912.461112261 -0 0.534398 0 -2.25934 0 0 0
1489239912.493113995 -0 -0.0938175 0 0.545386 0 0 0
1489239912.530522823 -0 -0.080257 0 0.466555 0 0 0
1489239912.563533783 -0 0.454746 0 -2.11485 0 0 0
1489239912.593314648 -0 0.403255 0 -1.17211 0 0 0
1489239912.628165960 -0 -0.12922 0 1.00159 0 0 0
1489239912.659272909 -0 0.0965161 0 0 0 0 0
1489239912.691753387 -0 0.462173 0 -2.14939 0 0 0
1489239912.728734255 -0 0.405929 0 -1.88782 0 0 0
1489239912.761390686 -0.0920089 -0.367746 0 2.67226 0 0 0
1489239912.793274164 -0 -0 0 0.547409 0 0 0
1489239912.830456257 -0 0.726718 0 -4.2246 0 0 0
1489239912.861160517 -0 0.342237 0 -1.13686 0 0 0
1489239912.890388012 -0.102803 -0.616335 0 4.18007 0 0 0
1489239912.933754444 -0 -0 0 0.402461 0 0 0
1489239912.963453531 -0 0.808731 0 -4.1137 0 0 0
1489239912.994656563 -0 0.288657 0 -1.11869 0 0 0
1489239913.033823252 -0.0383576 -0.689895 0 4.45616 0 0 0
1489239913.063166380 0.102398 -0 0 -1.1896 0 0 0
1489239913.094445229 -0 0.767885 0 -3.90593 0 0 0
1489239913.129420042 -0 -0.171685 0 1.49707 0 0 0
1489239913.160565615 -0 -0.578378 0 3.92265 0 0 0
1489239913.198486805 0.0792349 -0 0 -0.460252 0 0 0
1489239913.231774330 0.0451322 0.631355 0 -3.14592 0 0 0
1489239913.261634827 -0 -0.20109 0 1.75348 0 0 0
1489239913.292344809 -0 -0.391055 0 2.27331 0 0 0
1489239913.328721523 -0 0.412671 0 -1.91917 0 0 0
1489239913.359898090 -0 0.385202 0 -1.67946 0 0 0
1489239913.392911911 -0.0455064 -0.227353 0 2.11466 0 0 0
1489239913.436140060 -0 -0 0 0.403748 0 0 0
1489239913.465270758 -0 0.515319 0 -2.39655 0 0 0
1489239913.494081020 -0.052146 0.20842 0 -0.605801 0 0 0
1489239913.532149553 -0.0789282 -0.157732 0 0.916941 0 0 0
1489239913.561355591 -0 0.411192 0 -1.79278 0 0 0
1489239913.591406345 -0.0499934 0.449588 0 -2.32318 0 0 0
1489239913.628012896 -0.0410402 -0.164032 0 1.43034 0 0 0
1489239913.662266254 -0.0438597 0.262951 0 -1.52861 0 0 0
1489239913.690489292 -0.053231 0.319135 0 -1.23681 0 0 0
1489239913.737788677 -0.0317624 -0 0 0.368996 0 0 0
1489239913.761135817 -0.128696 0.25719 0 -0.747556 0 0 0
1489239913.792075872 -0 0.145555 0 -0.5641 0 0 0
1489239913.829842806 -0.0397793 0.119244 0 -0.462132 0 0 0
1489239913.860926867 -0 -0 0 0.561487 0 0 0
1489239913.891381741 -0 0.295748 0 -1.14617 0 0 0
1489239913.933637142 -0.0355538 0.248681 0 -1.23913 0 0 0
1489239913.962188959 -0.052618 -0.15773 0 1.22257 0 0 0
1489239913.994930744 -0.0458845 -0 0 0.533059 0 0 0
1489239914.027686357 -0 0.0916582 0 0 0 0 0
1489239914.067829609 -0 0.224371 0 -0.869551 0 0 0
1489239914.094992161 -0 0.165797 0 -0.64255 0 0 0
1489239914.127197027 -0 -0.0932257 0 0.541946 0 0 0
1489239914.159948349 -0 0.366681 0 -1.59871 0 0 0
1489239914.193032265 -0 -0.0907487 0 0.527546 0 0 0
1489239914.231215477 -0 -0 0 0.457093 0 0 0
1489239914.262931585 -0 0.425981 0 -1.65089 0 0 0
1489239914.292205095 -0 -0 0 0.596215 0 0 0
1489239914.325641870 -0 -0.089791 0 0.521979 0 0 0
1489239914.359432936 -0 0.133274 0 -0.516506 0 0 0
1489239914.391688108 -0 0.186161 0 -0.541101 0 0 0
1489239914.429396391 -0 0.159239 0 -0.46285 0 0 0
1489239914.463149071 -0 -0.0889506 0 0.517094 0 0 0
1489239914.493258238 -0 0.199429 0 -0.579667 0 0 0
1489239914.526421309 -0 0.181064 0 -0.526287 0 0 0
1489239914.566076517 -0 -0.227132 0 1.32038 0 0 0
1489239914.595300436 -0 0.308205 0 -0.597226 0 0 0
1489239914.662540436 -0 0.0893017 0 -0.259567 0 0 0
1489239914.693143845 -0 -0 0 0.570306 0 0 0
1489239914.732324362 -0 0.306512 0 -1.33638 0 0 0
1489239914.761932373 -0 0.304207 0 -1.17896 0 0 0
1489239914.793576241 -0 0.189757 0 -0.551554 0 0 0
1489239914.830737114 -0 -0.0807925 0 0.469669 0 0 0
1489239914.859799385 -0 0.516533 0 -2.40219 0 0 0
1489239914.892566204 -0 0.366508 0 -1.59795 0 0 0
1489239914.929693222 -0 -0.283032 0 1.41029 0 0 0
1489239914.965013266 -0 0.25501 0 -0.988294 0 0 0
1489239914.997265100 -0 0.65163 0 -2.70578 0 0 0
1489239915.036065578 -0 -0.0773785 0 0.449822 0 0 0
1489239915.064705610 -0 -0.10483 0 0.609402 0 0 0
1489239915.092774391 -0 0.481334 0 -1.86541 0 0 0
1489239915.124948502 -0 0.373259 0 -1.08493 0 0 0
1489239915.161024332 -0 0.0832225 0 0.483795 0 0 0
1489239915.195915222 -0 -0.0860489 0 0.500225 0 0 0
1489239915.230780840 -0 0.731946 0 -3.00353 0 0 0
1489239915.265020132 -0 -0.0876864 0 0 0 0 0
1489239915.293871641 -0 -0.208122 0 0.604935 0 0 0
1489239915.325114250 -0 0.768776 0 -3.35182 0 0 0
1489239915.367232323 -0 -0 0 0.41439 0 0 0
1489239915.392363787 -0 0.238929 0 -0.69448 0 0 0
1489239915.428826571 -0 0.247018 0 -0.957321 0 0 0
1489239915.462219954 -0 0.0899077 0 0.522657 0 0 0
1489239915.492015362 -0 0.503823 0 -1.75731 0 0 0
1489239915.537247419 -0 0.132752 0 0.385861 0 0 0
1489239915.566232681 -0 -0 0 0.602144 0 0 0
1489239915.595298529 -0 0.413175 0 -1.20095 0 0 0
1489239915.630119562 -0 0.172443 0 -0.501228 0 0 0
1489239915.662773848 -0 0.137914 0 0.534487 0 0 0
1489239915.690906048 -0 0.160083 0 0 0 0 0
1489239915.734710217 -0 0.205619 0 0.398439 0 0 0
1489239915.760627508 -0 0.405448 0 0.673423 0 0 0
1489239915.792860508 -0 0.0465722 0 0.541473 0 0 0
1489239915.829640388 -0 0.0816295 0 0.474534 0 0 0
1489239915.861765862 -0 0.373824 0 -0.543285 0 0 0
1489239915.891752481 -0 0.300366 0 2.32814 0 0 0
1489239915.934808016 -0 -0.139463 0 -0.405367 0 0 0
1489239915.959887743 -0 0.478844 0 -0.695912 0 0 0
1489239915.993239641 -0 0.495107 0 -2.09323 0 0 0
1489239916.034780741 -0 -0.0722735 0 0.420145 0 0 0
1489239916.066246510 -0 0.143123 0 0 0 0 0
1489239916.094348431 -0 0.427348 0 -1.86321 0 0 0
1489239916.129312515 -0 0.214672 0 -0.499178 0 0 0
1489239916.159871340 -0 -0.0982473 0 0.571138 0 0 0
1489239916.193022490 -0 0.362259 0 -1.05295 0 0 0
1489239916.227551699 -0 0.347801 0 -1.51639 0 0 0
1489239916.262088299 -0 0.0434658 0 0.505356 0 0 0
1489239916.292917252 -0 0.194773 0 -0.566133 0 0 0
1489239916.331304312 -0 0.19553 0 1.364 0 0 0
1489239916.362123251 -0 0.292254 0 1.69895 0 0 0
1489239916.394686222 -0.0461365 0.230501 0 1.07197 0 0 0
1489239916.425866127 -0 -0 0 0.559761 0 0 0
1489239916.493192434 -0 0.356749 0 1.81464 0 0 0
1489239916.530047178 -0 -0 0 0.47357 0 0 0
1489239916.559678793 -0 0.354625 0 2.35604 0 0 0
1489239916.592125416 -0 0.185062 0 1.07582 0 0 0
1489239916.630184889 -0 -0.0394425 0 0.458579 0 0 0
1489239916.663168907 -0 0.0910235 0 0.529144 0 0 0
1489239916.693183661 -0 0.600169 0 -2.32596 0 0 0
1489239916.766174555 -0 -0.0822656 0 -0.239116 0 0 0
1489239916.793660641 -0 0.546153 0 -3.17493 0 0 0
1489239916.828410387 -0 0.734386 0 4.52031 0 0 0
1489239916.861967802 -0 -0.402607 0 -2.60051 0 0 0
1489239916.889900208 -0 -0.21497 0 0.62484 0 0 0
1489239916.960994720 -0 0.358955 0 2.45494 0 0 0
1489239916.989434481 -0 -0.158352 0 -0.613693 0 0 0
1489239917.029213190 -0 0.150951 0 0.43876 0 0 0
1489239917.058001280 -0 0.417162 0 2.42507 0 0 0
1489239917.090952396 -0 0.0911144 0 0.529672 0 0 0
1489239917.131075382 -0 -0 0 0.434995 0 0 0
1489239917.162050962 -0 -0 0 0.563453 0 0 0
1489239917.193841696 -0 0.566641 0 -3.84304 0 0 0
1489239917.228728771 -0 0.172117 0 0.50028 0 0 0
1489239917.269803047 -0 -0.365475 0 -1.27476 0 0 0
1489239917.297053337 -0 0.77123 0 4.48337 0 0 0
1489239917.330490112 -0 0.314269 0 1.04396 0 0 0
1489239917.360949039 -0 -0.295709 0 -0.573011 0 0 0
1489239917.393737078 -0 0.0915676 0 0.532307 0 0 0
1489239917.428175688 -0 0.305126 0 1.52038 0 0 0
1489239917.459784746 -0 0.189966 0 1.10432 0 0 0
1489239917.491311789 -0 0.09523 0 0.553598 0 0 0
1489239917.528319836 -0 -0 0 0.471608 0 0 0
1489239917.559420109 -0 0.386147 0 -1.12239 0 0 0
1489239917.596789598 -0 0.200854 0 0.934093 0 0 0
1489239917.632281065 -0 -0 0 0.49176 0 0 0
1489239917.663057327 -0 0.195106 0 1.1342 0 0 0
1489239917.695931435 -0 0.182656 0 1.06183 0 0 0
1489239917.732548475 -0 0.163985 0 0.953288 0 0 0
1489239917.761167049 -0 0.209816 0 1.21972 0 0 0
1489239917.793234587 -0 0.140437 0 1.08853 0 0 0
1489239917.831116199 -0 0.198138 0 0.921465 0 0 0
1489239917.866438150 -0 0.0424994 0 0.49412 0 0 0
1489239917.892917871 -0 0.283455 0 1.31824 0 0 0
1489239917.930054426 -0 0.0404227 0 0.469976 0 0 0
1489239917.958748341 -0 0.209265 0 1.21652 0 0 0
1489239917.998473406 -0 0.151155 0 0.878704 0 0 0
1489239918.031868458 -0 -0 0 0.522631 0 0 0
1489239918.063332796 -0 0.19084 0 1.1094 0 0 0
1489239918.093712807 -0 0.197651 0 1.149 0 0 0
1489239918.131309271 -0 0.159713 0 0.464227 0 0 0
1489239918.159784794 -0 0.105435 0 0.612923 0 0 0
1489239918.192074060 -0 0.092982 0 0.540529 0 0 0
1489239918.237053633 -0 0.23362 0 1.16408 0 0 0
1489239918.294746399 -0 -0 0 0.302521 0 0 0
1489239918.329949856 -0 0.298497 0 1.48735 0 0 0
1489239918.358387709 -0 -0 0 0.613735 0 0 0
1489239918.391674519 -0 0.180391 0 1.04866 0 0 0
1489239918.433885336 -0 -0 0 0.413479 0 0 0
1489239918.491897345 -0 0.310521 0 -0.90257 0 0 0
1489239918.529221773 -0 -0.201096 0 -0.46761 0 0 0
1489239918.560742855 -0 -0 0 0.553702 0 0 0
1489239918.594362259 -0 0.491168 0 -1.55743 0 0 0
1489239918.629576921 -0 -0 0 0.495626 0 0 0
1489239918.660640001 -0 -0.289957 0 -0.561866 0 0 0
1489239918.691286087 -0 0.342886 0 -0.569511 0 0 0
1489239918.734620094 -0 0.138567 0 -0.402762 0 0 0
1489239918.789842606 -0 -0.135919 0 0.948162 0 0 0
1489239918.822159767 0.0464874 0.185804 0 0.540063 0 0 0
1489239918.858364105 -0 0.414636 0 -1.44623 0 0 0
1489239918.891320705 -0 -0.364397 0 1.58875 0 0 0
1489239918.926477909 -0 -0.0853971 0 0 0 0 0
1489239918.954930782 -0 0.527595 0 -1.84023 0 0 0
1489239918.998404026 -0 -0.0690614 0 0.401472 0 0 0
1489239919.026908398 -0 -0.263321 0 -0.612302 0 0 0
1489239919.067250252 -0 0.074422 0 0.432635 0 0 0
1489239919.094755888 0.0546194 0.218306 0 -0.634535 0 0 0
1489239919.129770517 -0 -0 0 0.498457 0 0 0
1489239919.160518646 0.0488596 -0.439391 0 0.567621 0 0 0
1489239919.194523096 0.0883614 0.176584 0 0.513265 0 0 0
1489239919.231099129 0.0410745 0.164169 0 0 0 0 0
1489239919.258614779 0.0545995 -0.381896 0 0.634304 0 0 0
1489239919.298472166 0.0376929 -0.0753266 0 0.437894 0 0 0
1489239919.332911730 0.0436225 0.0435883 0 0.50678 0 0 0
1489239919.361151934 0.0531987 0.0531569 0 0.61803 0 0 0
1489239919.389887571 -0 -0.208962 0 1.21475 0 0 0
1489239919.433156967 0.0347206 -0.0693867 0 0 0 0 0
1489239919.459623814 -0 0.340311 0 -1.31888 0 0 0
1489239919.491896629 -0 -0.0930294 0 0 0 0 0
1489239919.530990601 -0 -0.0767976 0 0 0 0 0
1489239919.559933186 -0 -0 0 0 0 0 0
1489239919.593531370 -0 -0 0 0 0 0 0
1489239919.631211758 -0 0.0796786 0 0 0 0 0
1489239919.659990311 -0 -0.104325 0 0 0 0 0
1489239919.692131758 -0 -0 0 0 0 0 0
1489239919.722282648 -0 0.0995765 0 0 0 0 0
1489239919.756580353 -0 -0 0 0 0 0 0
1489239919.789397717 -0 -0 0 0 0 0 0
1489239919.826254368 -0 -0 0 0 0 0 0
1489239919.859344482 -0 0.0907317 0 0 0 0 0
1489239919.891237020 -0 -0.0470693 0 0 0 0 0
1489239919.928804636 -0 -0.159836 0 -0.464583 0 0 0
1489239919.960763216 -0 0.0939441 0 0 0 0 0
1489239919.993551970 -0 0.0915656 0 0 0 0 0
1489239920.030581713 -0 -0.0405393 0 0 0 0 0
1489239920.063129187 -0 -0.0461222 0 0 0 0 0
1489239920.093389988 -0 -0 0 0 0 0 0
1489239920.127118349 -0 0.0890147 0 0 0 0 0
1489239920.154622078 -0 -0.109161 0 0 0 0 0
1489239920.188634157 -0 -0.0441361 0 0 0 0 0
1489239920.233661652 -0 0.0333388 0 0 0 0 0
1489239920.261746168 -0 -0 0 0 0 0 0
1489239920.297207594 -0 -0 0 0 0 0 0
1489239920.329080343 -0 -0.0470986 0 0 0 0 0
1489239920.358991385 -0 -0 0 0 0 0 0
1489239920.391739368 -0 -0 0 0 0 0 0
1489239920.428337097 -0 -0 0 0 0 0 0
1489239920.460092545 -0 -0 0 0 0 0 0
1489239920.491004467 -0 -0.0485625 0 0 0 0 0
1489239920.530951738 -0 0.0375786 0 0 0 0 0
1489239920.562687874 -0 -0 0 0 0 0 0
1489239920.593278885 -0 -0 0 0 0 0 0
1489239920.630657673 -0 -0 0 0 0 0 0
1489239920.661114693 -0 -0 0 0 0 0 0
1489239920.691529512 -0 0.0493562 0 0 0 0 0
1489239920.728628874 -0 -0.0404633 0 0 0 0 0
1489239920.756750584 -0 -0 0 0 0 0 0
1489239920.787820816 -0 -0 0 0 0 0 0
1489239920.829260588 -0 -0 0 0 0 0 0
1489239920.863225222 -0 -0 0 0 0 0 0
1489239920.890356541 -0 -0 0 0 0 0 0
1489239920.927055597 -0 -0 0 0 0 0 0
1489239920.957686901 -0 -0 0 0 0 0 0
1489239920.992254734 -0 -0 0 0 0 0 0
1489239921.023544550 -0 0.047976 0 0 0 0 0
1489239921.089648008 -0 -0.0227093 0 0 0 0 0
1489239921.125210762 -0 -0.0422116 0 0 0 0 0
1489239921.157088995 -0 0.0941809 0 0 0 0 0
1489239921.191023350 -0 0.0884744 0 0 0 0 0
1489239921.228158951 -0 -0.0808475 0 0 0 0 0
1489239921.261157036 -0 -0.0909847 0 0 0 0 0
1489239921.290861368 -0 0.15161 0 -0.587567 0 0 0
1489239921.361447811 -0 -0.042534 0 0 0 0 0
1489239921.393423319 -0 -0 0 0 0 0 0
1489239921.428782940 -0 0.0849082 0 0 0 0 0
1489239921.461571932 -0 -0 0 0 0 0 0
1489239921.491013050 -0 -0.101977 0 0 0 0 0
1489239921.560316086 -0 0.0433216 0 0 0 0 0
1489239921.592319727 -0 -0.0938119 0 0 0 0 0
1489239921.634374857 -0 -0 0 0 0 0 0
1489239921.660339117 -0 0.0578164 0 0 0 0 0
1489239921.692213297 -0 -0 0 0 0 0 0
1489239921.733034134 -0 -0.0735488 0 0 0 0 0
1489239921.759768724 -0 -0.0561505 0 0 0 0 0
1489239921.792306900 -0 0.0922707 0 0 0 0 0
1489239921.826140881 -0 0.0443684 0 0 0 0 0
