# text file for ../bag/pxRotCtime_2017-03-11-21-44-57.bag
# format: time stamp x y z qx qy qz qw
1489239897.487924337 0.000879186 0.001565038 1.603906223 0 0 0 0
1489239897.512476444 0.000962093 0.001594733 1.603594347 0 0 0 0
1489239897.537487268 0.001275483 0.001918610 1.603278361 0 0 0 0
1489239897.562540054 0.001669299 0.002237645 1.603222961 0 0 0 0
1489239897.562554836 0.002153935 0.002468509 1.603211169 0 0 0 0
1489239897.587568998 0.002718635 0.002682287 1.603197311 0 0 0 0
1489239897.612447262 0.003339283 0.002817828 1.603284261 0 0 0 0
1489239897.637524128 0.003975226 0.002856783 1.603421558 0 0 0 0
1489239897.662632227 0.004605957 0.002749900 1.603593691 0 0 0 0
1489239897.687584162 0.005264795 0.002390410 1.603883681 0 0 0 0
1489239897.687608242 0.005875996 0.002007228 1.604028941 0 0 0 0
1489239897.712788105 0.006423777 0.001596024 1.604119982 0 0 0 0
1489239897.737679720 0.006832337 0.001019531 1.604386654 0 0 0 0
1489239897.762653589 0.007171335 0.000356039 1.604520415 0 0 0 0
1489239897.762677431 0.007428707 -0.000231509 1.604531701 0 0 0 0
1489239897.787865877 0.007608958 -0.000778491 1.604570264 0 0 0 0
1489239897.812843084 0.007769049 -0.001289214 1.604630425 0 0 0 0
1489239897.837602854 0.007864136 -0.001654710 1.604479756 0 0 0 0
1489239897.862748384 0.007905115 -0.001952599 1.604359035 0 0 0 0
1489239897.862785578 0.007848174 -0.002080221 1.604233350 0 0 0 0
1489239897.887637854 0.007720190 -0.002064256 1.604033178 0 0 0 0
1489239897.912698030 0.007493549 -0.001994580 1.603968290 0 0 0 0
1489239897.937746763 0.007196103 -0.001900147 1.603882868 0 0 0 0
1489239897.962852716 0.006850336 -0.001706542 1.603776901 0 0 0 0
1489239897.962896109 0.006461253 -0.001499266 1.603736102 0 0 0 0
1489239897.987704992 0.006073962 -0.001237594 1.603705063 0 0 0 0
1489239898.012580156 0.005701487 -0.000892089 1.603612295 0 0 0 0
1489239898.037745237 0.005479927 -0.000481561 1.603466983 0 0 0 0
1489239898.062611580 0.005403570 -0.000107515 1.603411597 0 0 0 0
1489239898.062629223 0.005568232 0.000250877 1.603303331 0 0 0 0
1489239898.087610245 0.006003506 0.000544335 1.603326278 0 0 0 0
1489239898.112533569 0.006689850 0.000857499 1.603275822 0 0 0 0
1489239898.137743473 0.007566915 0.001119132 1.603149715 0 0 0 0
1489239898.162542105 0.008487546 0.001262794 1.603300580 0 0 0 0
1489239898.162554979 0.009646501 0.001350036 1.603250359 0 0 0 0
1489239898.187641144 0.011009544 0.001565872 1.603214538 0 0 0 0
1489239898.212492943 0.012499808 0.001783751 1.603166073 0 0 0 0
1489239898.237778902 0.014130325 0.001829520 1.603293573 0 0 0 0
1489239898.262658119 0.015890338 0.001844813 1.603167248 0 0 0 0
1489239898.262732506 0.017800409 0.001932762 1.603096385 0 0 0 0
1489239898.287630558 0.019924767 0.002051086 1.603020499 0 0 0 0
1489239898.312805891 0.022224752 0.002062335 1.603108683 0 0 0 0
1489239898.337730408 0.024689518 0.001939808 1.603379294 0 0 0 0
1489239898.364499807 0.027327389 0.001719894 1.603518179 0 0 0 0
1489239898.364511490 0.030208224 0.001612288 1.603301451 0 0 0 0
1489239898.387587786 0.033353057 0.001434716 1.603220435 0 0 0 0
1489239898.412620306 0.036605302 0.001118965 1.603406984 0 0 0 0
1489239898.437730074 0.040269017 0.000775996 1.603390624 0 0 0 0
1489239898.462738037 0.044174388 0.000402639 1.603096473 0 0 0 0
1489239898.462779284 0.048560027 -0.000060751 1.603015923 0 0 0 0
1489239898.487590313 0.053280078 -0.000444059 1.602673319 0 0 0 0
1489239898.512869835 0.058256745 -0.000804678 1.602527732 0 0 0 0
1489239898.537625790 0.063527495 -0.001262760 1.602317031 0 0 0 0
1489239898.562699080 0.068891950 -0.001833364 1.602324001 0 0 0 0
1489239898.562715769 0.074480943 -0.002720715 1.602769772 0 0 0 0
1489239898.587823629 0.080123380 -0.003719295 1.602708751 0 0 0 0
1489239898.612652302 0.085805371 -0.005063156 1.603214260 0 0 0 0
1489239898.637692451 0.091347389 -0.006545503 1.603748687 0 0 0 0
1489239898.662655592 0.096822225 -0.008207086 1.604056308 0 0 0 0
1489239898.662674189 0.102427930 -0.009985637 1.604720573 0 0 0 0
1489239898.687577248 0.108159199 -0.011646658 1.604954150 0 0 0 0
1489239898.712756872 0.114037141 -0.013354036 1.605293261 0 0 0 0
1489239898.737546444 0.119995087 -0.014965747 1.605535593 0 0 0 0
1489239898.762729168 0.126303092 -0.016420811 1.606008315 0 0 0 0
1489239898.762752295 0.132621676 -0.017678918 1.606261129 0 0 0 0
1489239898.787601233 0.138778791 -0.018943660 1.606775802 0 0 0 0
1489239898.812721729 0.145065650 -0.020256003 1.606949805 0 0 0 0
1489239898.837747097 0.151297212 -0.021413539 1.607435680 0 0 0 0
1489239898.862745285 0.157521725 -0.022374175 1.607671756 0 0 0 0
1489239898.862772703 0.163689196 -0.023326354 1.608087059 0 0 0 0
1489239898.887582064 0.169761509 -0.024373712 1.608691205 0 0 0 0
1489239898.912558079 0.175630137 -0.025557576 1.609324095 0 0 0 0
1489239898.937909603 0.182650626 -0.027044525 1.610403701 0 0 0 0
1489239898.963443756 0.187748998 -0.028324094 1.610846261 0 0 0 0
1489239898.963484049 0.192559183 -0.029286528 1.611735442 0 0 0 0
1489239898.987721682 0.197324529 -0.030520270 1.612869226 0 0 0 0
1489239899.012647152 0.201883867 -0.031930268 1.613985854 0 0 0 0
1489239899.037834644 0.206251860 -0.033294536 1.615229949 0 0 0 0
1489239899.062681913 0.210587218 -0.034981396 1.616490893 0 0 0 0
1489239899.062702656 0.215015396 -0.036578827 1.617630774 0 0 0 0
1489239899.087598324 0.219414964 -0.037852425 1.618614671 0 0 0 0
1489239899.112597704 0.223906741 -0.038929801 1.619328489 0 0 0 0
1489239899.137653351 0.230032742 -0.040110592 1.620476554 0 0 0 0
1489239899.162739038 0.237761214 -0.041513115 1.621594603 0 0 0 0
1489239899.187577009 0.243295193 -0.042309284 1.622303598 0 0 0 0
1489239899.187597275 0.248963892 -0.042751610 1.622684262 0 0 0 0
1489239899.212814093 0.252665609 -0.042808756 1.623210226 0 0 0 0
1489239899.237741709 0.256388694 -0.043063518 1.624199520 0 0 0 0
1489239899.263179064 0.260263681 -0.043179739 1.625104208 0 0 0 0
1489239899.263205767 0.266536593 -0.043186344 1.625697861 0 0 0 0
1489239899.287695646 0.270850748 -0.042834170 1.626024852 0 0 0 0
1489239899.312873363 0.275363803 -0.042287506 1.626674212 0 0 0 0
1489239899.337568045 0.280006140 -0.041463349 1.626769855 0 0 0 0
1489239899.362514019 0.284894794 -0.040570818 1.627468057 0 0 0 0
1489239899.387975931 0.290153384 -0.039250512 1.627475417 0 0 0 0
1489239899.388004541 0.298230857 -0.037543152 1.630115409 0 0 0 0
1489239899.412819624 0.303605795 -0.035677381 1.630269242 0 0 0 0
1489239899.437826157 0.309001476 -0.033771276 1.630375773 0 0 0 0
1489239899.462681055 0.314598978 -0.031293567 1.629300381 0 0 0 0
1489239899.462695837 0.320425123 -0.028431777 1.628662261 0 0 0 0
1489239899.487697124 0.326144844 -0.025409520 1.627892899 0 0 0 0
1489239899.512641430 0.334028095 -0.022292819 1.626656988 0 0 0 0
1489239899.537832499 0.339034975 -0.018815778 1.625414239 0 0 0 0
1489239899.562690496 0.344087332 -0.014709271 1.623979915 0 0 0 0
1489239899.562710762 0.349401891 -0.010179327 1.622362659 0 0 0 0
1489239899.587692022 0.354527831 -0.005817046 1.621012865 0 0 0 0
1489239899.612836838 0.359621614 -0.001816259 1.620212705 0 0 0 0
1489239899.637569427 0.364564270 0.001982990 1.618997955 0 0 0 0
1489239899.662763119 0.369264096 0.005785999 1.617626719 0 0 0 0
1489239899.662783384 0.373728603 0.009212825 1.616622633 0 0 0 0
1489239899.688120365 0.378316641 0.012747670 1.615027218 0 0 0 0
1489239899.712708235 0.382868528 0.016271004 1.613501347 0 0 0 0
1489239899.737619877 0.387279779 0.019865261 1.611844461 0 0 0 0
1489239899.762660742 0.391586542 0.023583375 1.610138335 0 0 0 0
1489239899.762680292 0.395782948 0.027123282 1.608817090 0 0 0 0
1489239899.787677288 0.399660438 0.030361908 1.607529104 0 0 0 0
1489239899.812725306 0.403055906 0.033374224 1.606179705 0 0 0 0
1489239899.837759972 0.405446410 0.035922848 1.605742828 0 0 0 0
1489239899.862822533 0.407171845 0.037961524 1.605103759 0 0 0 0
1489239899.862890244 0.408471435 0.039626766 1.604611027 0 0 0 0
1489239899.887706518 0.409269184 0.040772822 1.604790479 0 0 0 0
1489239899.912646055 0.409557164 0.041228086 1.605003838 0 0 0 0
1489239899.937716007 0.409297645 0.041181549 1.605439876 0 0 0 0
1489239899.962726593 0.408679515 0.040844064 1.605719255 0 0 0 0
1489239899.962763071 0.407722026 0.039692547 1.606765089 0 0 0 0
1489239899.987667799 0.406574160 0.037817866 1.607698666 0 0 0 0
1489239900.012801647 0.405382454 0.035633117 1.608560763 0 0 0 0
1489239900.037703276 0.404036433 0.033405688 1.609446182 0 0 0 0
1489239900.062782049 0.402841985 0.031445902 1.609834457 0 0 0 0
1489239900.062814951 0.401723176 0.029836323 1.610324453 0 0 0 0
1489239900.087720871 0.400877595 0.028227344 1.610702375 0 0 0 0
1489239900.112697840 0.400371790 0.026851319 1.611303827 0 0 0 0
1489239900.137741804 0.400442898 0.025877690 1.611491080 0 0 0 0
1489239900.162607193 0.401034415 0.025330855 1.611635636 0 0 0 0
1489239900.162628651 0.401855826 0.025049137 1.612075852 0 0 0 0
1489239900.187818527 0.402804106 0.025309341 1.612261583 0 0 0 0
1489239900.212641478 0.403502226 0.025627691 1.612587102 0 0 0 0
1489239900.237744331 0.404068410 0.025984431 1.612834155 0 0 0 0
1489239900.262755156 0.404795498 0.026751624 1.612652844 0 0 0 0
1489239900.262776613 0.405853510 0.027489372 1.613216176 0 0 0 0
1489239900.287662029 0.407354057 0.028424131 1.612959362 0 0 0 0
1489239900.312921047 0.409081697 0.029321697 1.613196287 0 0 0 0
1489239900.337772369 0.410902083 0.030360390 1.612727747 0 0 0 0
1489239900.362712860 0.412849903 0.031090589 1.612958815 0 0 0 0
1489239900.362774611 0.414970011 0.031458214 1.613524020 0 0 0 0
1489239900.387715101 0.417038620 0.031623550 1.614030140 0 0 0 0
1489239900.412777424 0.419125915 0.031644523 1.614058211 0 0 0 0
1489239900.437836885 0.420840532 0.031490449 1.614328690 0 0 0 0
1489239900.462630510 0.422294885 0.031138161 1.614279435 0 0 0 0
1489239900.462645531 0.423306048 0.030788062 1.614301634 0 0 0 0
1489239900.487641335 0.424297750 0.030512244 1.613896763 0 0 0 0
1489239900.512714386 0.424805850 0.030318551 1.613953919 0 0 0 0
1489239900.537634850 0.425161362 0.030516220 1.613299507 0 0 0 0
1489239900.562823772 0.425404131 0.030888850 1.612997926 0 0 0 0
1489239900.562867641 0.425456643 0.031309642 1.612743985 0 0 0 0
1489239900.587667465 0.425522774 0.031739559 1.612288535 0 0 0 0
1489239900.612640142 0.425609738 0.032157995 1.611893739 0 0 0 0
1489239900.637703180 0.425630361 0.032534555 1.611518924 0 0 0 0
1489239900.662570477 0.425594211 0.032985222 1.610923372 0 0 0 0
1489239900.762663603 0.425654471 0.033665016 1.610214838 0 0 0 0
1489239900.787732363 0.476785123 0.040583879 1.603408440 0 0 0 0
1489239900.787767887 0.516663134 0.046463437 1.601825540 0 0 0 0
1489239900.812794209 0.543551147 0.051033668 1.600697977 0 0 0 0
1489239900.837660789 0.561959743 0.054606896 1.599261093 0 0 0 0
1489239900.862605095 0.573248863 0.057432950 1.597251366 0 0 0 0
1489239900.862628222 0.575936139 0.058887243 1.596338555 0 0 0 0
1489239900.887627363 0.574285150 0.059268862 1.593983587 0 0 0 0
1489239900.912766218 0.566521168 0.058732931 1.593336970 0 0 0 0
1489239900.937711954 0.556178987 0.057197988 1.592505927 0 0 0 0
1489239900.937729120 0.541346312 0.054844651 1.592245188 0 0 0 0
1489239900.962661982 0.526107728 0.052191403 1.591379891 0 0 0 0
1489239900.987467527 0.510858893 0.049057126 1.591359949 0 0 0 0
1489239900.987483978 0.495770663 0.045325849 1.591127852 0 0 0 0
1489239901.012836218 0.478796661 0.041562296 1.590685318 0 0 0 0
1489239901.037829876 0.463153780 0.038196366 1.589818159 0 0 0 0
1489239901.062677622 0.445992678 0.034308944 1.590033107 0 0 0 0
1489239901.087759256 0.412588775 0.025524301 1.591161113 0 0 0 0
1489239901.137735844 0.373390764 0.013450984 1.591726389 0 0 0 0
1489239901.162643433 0.363621294 0.010049126 1.592078334 0 0 0 0
1489239901.187691212 0.353288740 0.007034269 1.592347278 0 0 0 0
1489239901.187731504 0.345313668 0.004554575 1.592632096 0 0 0 0
1489239901.212709427 0.339145243 0.002315851 1.592807849 0 0 0 0
1489239901.237614870 0.334408998 0.000556646 1.593711749 0 0 0 0
1489239901.237625360 0.328618973 -0.001182729 1.593944351 0 0 0 0
1489239901.262584209 0.321900696 -0.003018041 1.594539657 0 0 0 0
1489239901.312979698 0.313761890 -0.005847978 1.595250707 0 0 0 0
1489239901.337650299 0.311521739 -0.006285391 1.596197203 0 0 0 0
1489239901.337670088 0.307516515 -0.006861881 1.597324879 0 0 0 0
1489239901.362634420 0.305678278 -0.007312298 1.595701537 0 0 0 0
1489239901.387877226 0.302577585 -0.007757420 1.596328447 0 0 0 0
1489239901.387932062 0.300778717 -0.008437992 1.596971667 0 0 0 0
1489239901.412755013 0.297660947 -0.009143031 1.597381875 0 0 0 0
1489239901.437741756 0.296296835 -0.009748719 1.598102774 0 0 0 0
1489239901.437771797 0.296047419 -0.010258976 1.598766838 0 0 0 0
1489239901.463213444 0.294425994 -0.010533977 1.599204321 0 0 0 0
1489239901.487719059 0.293766946 -0.010985308 1.599988528 0 0 0 0
1489239901.512690544 0.294153690 -0.011183487 1.600289973 0 0 0 0
1489239901.512712955 0.292824209 -0.011511544 1.601341740 0 0 0 0
1489239901.537693739 0.292763710 -0.011214916 1.601489404 0 0 0 0
1489239901.562503099 0.294173509 -0.010293154 1.601327910 0 0 0 0
1489239901.587693453 0.293832362 -0.009468659 1.601904885 0 0 0 0
1489239901.587732792 0.294662386 -0.008570095 1.602191967 0 0 0 0
1489239901.612758398 0.294351310 -0.007422841 1.602252235 0 0 0 0
1489239901.637722969 0.294981122 -0.006262038 1.602433660 0 0 0 0
1489239901.662867069 0.296528310 -0.005310306 1.602994792 0 0 0 0
1489239901.662888527 0.298583686 -0.004645885 1.603530496 0 0 0 0
1489239901.687704086 0.300909162 -0.004471671 1.604533506 0 0 0 0
1489239901.712752819 0.303502172 -0.004526520 1.604929995 0 0 0 0
1489239901.737586737 0.305845082 -0.004891327 1.605901803 0 0 0 0
1489239901.762577772 0.308280975 -0.005219381 1.606396043 0 0 0 0
1489239901.787739277 0.310813695 -0.005304084 1.606746808 0 0 0 0
1489239901.812765121 0.315293580 -0.005539847 1.606840668 0 0 0 0
1489239901.862781048 0.317626923 -0.006788784 1.608327237 0 0 0 0
1489239901.862821579 0.317707628 -0.007561791 1.608974718 0 0 0 0
1489239901.887733221 0.317496568 -0.008096741 1.609122042 0 0 0 0
1489239901.912862301 0.316720754 -0.008537790 1.609561564 0 0 0 0
1489239901.937828302 0.315616935 -0.008400305 1.609704922 0 0 0 0
1489239901.962671995 0.314271867 -0.007624373 1.609544656 0 0 0 0
1489239901.962688446 0.312771648 -0.006849169 1.609759806 0 0 0 0
1489239901.987660170 0.311061054 -0.006131384 1.610062047 0 0 0 0
1489239902.012728453 0.308975190 -0.005913589 1.610994512 0 0 0 0
1489239902.037704229 0.307391942 -0.005452239 1.610731042 0 0 0 0
1489239902.062683105 0.305277050 -0.005177311 1.611205633 0 0 0 0
1489239902.062706709 0.303376913 -0.004749700 1.611000743 0 0 0 0
1489239902.087771893 0.301524252 -0.004751677 1.612014169 0 0 0 0
1489239902.112935543 0.299978197 -0.004371169 1.611584363 0 0 0 0
1489239902.137771845 0.298366696 -0.003649833 1.611873304 0 0 0 0
1489239902.162717104 0.297215074 -0.002703499 1.611558683 0 0 0 0
1489239902.162737131 0.296573043 -0.001368589 1.611070590 0 0 0 0
1489239902.187644720 0.295407146 -0.000388238 1.612038034 0 0 0 0
1489239902.212655067 0.294870347 0.000810959 1.611744206 0 0 0 0
1489239902.237732410 0.294224381 0.001491697 1.612784550 0 0 0 0
1489239902.262712479 0.293946564 0.002499552 1.612847622 0 0 0 0
1489239902.262733459 0.293740511 0.002739094 1.613609916 0 0 0 0
1489239902.287725449 0.293289363 0.002867218 1.614394804 0 0 0 0
1489239902.312677145 0.292926729 0.003111340 1.614728303 0 0 0 0
1489239902.337723732 0.292687327 0.003320521 1.615027704 0 0 0 0
1489239902.362612247 0.292465210 0.003918200 1.615163245 0 0 0 0
1489239902.362629175 0.292079508 0.004508538 1.615377362 0 0 0 0
1489239902.387607098 0.291511863 0.005657307 1.614930661 0 0 0 0
1489239902.412679195 0.290658116 0.006880532 1.614569282 0 0 0 0
1489239902.437687874 0.289898157 0.008582449 1.614078897 0 0 0 0
1489239902.462617636 0.290880650 0.011188104 1.613134925 0 0 0 0
1489239902.487664223 0.292905271 0.013861708 1.612678348 0 0 0 0
1489239902.487689495 0.291878134 0.016410043 1.612431578 0 0 0 0
1489239902.512689590 0.290245980 0.019050233 1.611802078 0 0 0 0
1489239902.537637472 0.286072195 0.021425936 1.611796773 0 0 0 0
1489239902.562720537 0.281802922 0.024268569 1.610832262 0 0 0 0
1489239902.562740564 0.276654661 0.026981141 1.611357747 0 0 0 0
1489239902.587675095 0.271395683 0.029889466 1.610458266 0 0 0 0
1489239902.612811327 0.265186131 0.032163505 1.611195243 0 0 0 0
1489239902.637639284 0.258678347 0.034884572 1.610885900 0 0 0 0
1489239902.662775755 0.251577765 0.037947584 1.611003814 0 0 0 0
1489239902.662791491 0.243962526 0.041383129 1.611383863 0 0 0 0
1489239902.687698126 0.236934051 0.045411076 1.611459795 0 0 0 0
1489239902.712740898 0.227639318 0.048886526 1.612227341 0 0 0 0
1489239902.737677097 0.217812210 0.052779712 1.612464046 0 0 0 0
1489239902.762734175 0.207502529 0.057141911 1.612535047 0 0 0 0
1489239902.762748718 0.196827605 0.062392157 1.612989615 0 0 0 0
1489239902.787695646 0.185358331 0.067631282 1.613718293 0 0 0 0
1489239902.812731743 0.174321681 0.074063994 1.614170204 0 0 0 0
1489239902.837910652 0.162722304 0.080647044 1.614911493 0 0 0 0
1489239902.862715244 0.149933651 0.086168841 1.615970475 0 0 0 0
1489239902.862803459 0.136969015 0.091974229 1.617347044 0 0 0 0
1489239902.887683392 0.123665422 0.097965717 1.618851931 0 0 0 0
1489239902.912793636 0.110555455 0.104002379 1.620289805 0 0 0 0
1489239902.937672853 0.097582228 0.110443749 1.623034372 0 0 0 0
1489239902.962685823 0.084656596 0.115960427 1.624371247 0 0 0 0
1489239902.962711573 0.072159924 0.121334828 1.626574481 0 0 0 0
1489239902.987680435 0.060566653 0.127231911 1.627997161 0 0 0 0
1489239903.012641430 0.049452588 0.133514732 1.629134086 0 0 0 0
1489239903.037568092 0.039360307 0.140252903 1.630133701 0 0 0 0
1489239903.062659740 0.030529127 0.148489803 1.631398893 0 0 0 0
1489239903.062701225 0.022543034 0.156266153 1.631368056 0 0 0 0
1489239903.087711334 0.015561192 0.165055364 1.631374881 0 0 0 0
1489239903.112775326 0.009613384 0.174335256 1.631401977 0 0 0 0
1489239903.137773275 0.004566283 0.184306964 1.630651092 0 0 0 0
1489239903.162794828 0.000351472 0.194798931 1.630217604 0 0 0 0
1489239903.162826300 -0.002958531 0.207466841 1.629594025 0 0 0 0
1489239903.187696695 -0.006114438 0.218181774 1.629046380 0 0 0 0
1489239903.212659121 -0.008479146 0.229110315 1.628299872 0 0 0 0
1489239903.237792492 -0.010604898 0.239836290 1.627634741 0 0 0 0
1489239903.262924671 -0.012202168 0.250064522 1.626984472 0 0 0 0
1489239903.287757874 -0.013552924 0.259956956 1.626829787 0 0 0 0
1489239903.287787914 -0.014744518 0.271420628 1.626394492 0 0 0 0
1489239903.312803268 -0.015812926 0.280558914 1.625625967 0 0 0 0
1489239903.337781191 -0.016644927 0.289065421 1.624779585 0 0 0 0
1489239903.362820864 -0.017099282 0.297646016 1.623796143 0 0 0 0
1489239903.362842083 -0.017379995 0.305970550 1.622625278 0 0 0 0
1489239903.387619019 -0.017720284 0.313969612 1.621776681 0 0 0 0
1489239903.412760496 -0.017741283 0.323919922 1.620276582 0 0 0 0
1489239903.438077450 -0.017294871 0.331050456 1.618744298 0 0 0 0
1489239903.462616920 -0.016826330 0.337807715 1.617303109 0 0 0 0
1489239903.487738371 -0.016499212 0.343984663 1.616271806 0 0 0 0
1489239903.487786531 -0.015749339 0.350274563 1.614235677 0 0 0 0
1489239903.512708664 -0.014850822 0.356216371 1.612622445 0 0 0 0
1489239903.537898540 -0.013584085 0.364031225 1.610681745 0 0 0 0
1489239903.562940121 -0.012353016 0.368463546 1.609248631 0 0 0 0
1489239903.562960386 -0.011124484 0.372604072 1.607546228 0 0 0 0
1489239903.587747812 -0.010177479 0.375913322 1.606178893 0 0 0 0
1489239903.612621784 -0.009076814 0.378902763 1.604477014 0 0 0 0
1489239903.637656689 -0.007722201 0.381319821 1.602439376 0 0 0 0
1489239903.662563562 -0.006683574 0.383009642 1.601168175 0 0 0 0
1489239903.662589312 -0.005716939 0.384444565 1.599088489 0 0 0 0
1489239903.687594652 -0.004674167 0.385366976 1.596714644 0 0 0 0
1489239903.712723017 -0.003694564 0.385819107 1.594947972 0 0 0 0
1489239903.737647295 -0.002322422 0.385813236 1.592414961 0 0 0 0
1489239903.763278723 -0.000928008 0.385425597 1.590325003 0 0 0 0
1489239903.763304710 0.000487194 0.384329557 1.587929801 0 0 0 0
1489239903.787720203 0.001741690 0.382651836 1.585840239 0 0 0 0
1489239903.812822819 0.002896434 0.380384803 1.583689155 0 0 0 0
1489239903.837936163 0.004104876 0.378208876 1.581305157 0 0 0 0
1489239903.862793922 0.005024105 0.375494301 1.579134249 0 0 0 0
1489239903.862829685 0.006214149 0.372704178 1.576197838 0 0 0 0
1489239903.887753963 0.007253092 0.369242132 1.573739082 0 0 0 0
1489239903.912864447 0.008606794 0.365749091 1.570625048 0 0 0 0
1489239903.937689781 0.009832203 0.361730546 1.567522555 0 0 0 0
1489239903.962739229 0.010937419 0.356920511 1.565025267 0 0 0 0
1489239903.962754250 0.012229867 0.352018446 1.561764286 0 0 0 0
1489239903.987790823 0.013713052 0.347323596 1.558263979 0 0 0 0
1489239904.012726068 0.015284359 0.342633247 1.554825208 0 0 0 0
1489239904.037752867 0.016586360 0.337310165 1.551695606 0 0 0 0
1489239904.062741995 0.017742846 0.331275612 1.549168198 0 0 0 0
1489239904.062754393 0.018945724 0.324868768 1.546573544 0 0 0 0
1489239904.087663412 0.020195242 0.318107635 1.543679680 0 0 0 0
1489239904.112746716 0.021523576 0.310682267 1.540884079 0 0 0 0
1489239904.137679338 0.022902263 0.302791953 1.537751052 0 0 0 0
1489239904.162738085 0.024250414 0.294694781 1.535375197 0 0 0 0
1489239904.162754297 0.025927659 0.286324352 1.532345696 0 0 0 0
1489239904.187678337 0.027553724 0.277950346 1.529280892 0 0 0 0
1489239904.212665081 0.029111583 0.269341111 1.526543693 0 0 0 0
1489239904.237692356 0.030824799 0.260698497 1.523365884 0 0 0 0
1489239904.263077497 0.032884616 0.251996279 1.519954505 0 0 0 0
1489239904.263096333 0.034876045 0.243229359 1.516694465 0 0 0 0
1489239904.287725449 0.037602667 0.234835774 1.512131487 0 0 0 0
1489239904.312731266 0.040138882 0.226464868 1.509204359 0 0 0 0
1489239904.337856531 0.042661831 0.218019739 1.505841617 0 0 0 0
1489239904.362797737 0.045252405 0.209106043 1.501767456 0 0 0 0
1489239904.362812757 0.048393570 0.200292289 1.497242487 0 0 0 0
1489239904.387634754 0.051668659 0.191196784 1.493263867 0 0 0 0
1489239904.412650824 0.055230189 0.182159841 1.489138801 0 0 0 0
1489239904.437718868 0.058835775 0.172657296 1.485190553 0 0 0 0
1489239904.462778807 0.062352490 0.162314236 1.481330629 0 0 0 0
1489239904.462822676 0.065548211 0.151701510 1.477562952 0 0 0 0
1489239904.487718344 0.068155594 0.140645906 1.475270137 0 0 0 0
1489239904.512705564 0.070207603 0.128631160 1.472555784 0 0 0 0
1489239904.537582874 0.071545355 0.115876094 1.470017190 0 0 0 0
1489239904.562786579 0.072491251 0.102743424 1.467487453 0 0 0 0
1489239904.562801838 0.072841942 0.089236312 1.465153022 0 0 0 0
1489239904.587588072 0.072796151 0.075269252 1.463207439 0 0 0 0
1489239904.612632751 0.073100887 0.061150160 1.459962516 0 0 0 0
1489239904.637523651 0.073427215 0.047531448 1.456969945 0 0 0 0
1489239904.662662745 0.073727719 0.034983151 1.453743854 0 0 0 0
1489239904.662680387 0.074255466 0.023493078 1.449685880 0 0 0 0
1489239904.687813044 0.075309247 0.012905922 1.445213483 0 0 0 0
1489239904.712807178 0.077223070 0.003341415 1.439709552 0 0 0 0
1489239904.737617493 0.081219822 -0.004651765 1.432049288 0 0 0 0
1489239904.762758970 0.085137732 -0.010913952 1.426382821 0 0 0 0
1489239904.762775421 0.089831188 -0.015845772 1.419148304 0 0 0 0
1489239904.787712336 0.095711127 -0.019232117 1.410802564 0 0 0 0
1489239904.812752247 0.102629803 -0.021023795 1.401567328 0 0 0 0
1489239904.837773085 0.110666141 -0.021504650 1.392254475 0 0 0 0
1489239904.862733364 0.119765706 -0.021380920 1.381356461 0 0 0 0
1489239904.862759352 0.129374281 -0.020471081 1.371726058 0 0 0 0
1489239904.887779951 0.139570445 -0.018981105 1.361222891 0 0 0 0
1489239904.912775278 0.149865031 -0.017697459 1.350743737 0 0 0 0
1489239904.937662840 0.160300821 -0.016481759 1.341111391 0 0 0 0
1489239904.962626696 0.171738073 -0.015678657 1.328062617 0 0 0 0
1489239904.962656260 0.180996418 -0.015414884 1.320460757 0 0 0 0
1489239904.987699986 0.189590663 -0.016210347 1.310964117 0 0 0 0
1489239905.012846231 0.197813064 -0.017351061 1.300458437 0 0 0 0
1489239905.037724257 0.205537319 -0.019168735 1.290437845 0 0 0 0
1489239905.062706709 0.212257683 -0.021711528 1.280128310 0 0 0 0
1489239905.062736750 0.219616964 -0.025465362 1.267345478 0 0 0 0
1489239905.087757587 0.224324062 -0.029366348 1.259796155 0 0 0 0
1489239905.112694502 0.228369609 -0.033561185 1.249396075 0 0 0 0
1489239905.137855291 0.231875747 -0.037953097 1.238674900 0 0 0 0
1489239905.162607670 0.234240085 -0.043230657 1.228807910 0 0 0 0
1489239905.187786102 0.234966248 -0.049230304 1.220010491 0 0 0 0
1489239905.187823772 0.236604616 -0.055538177 1.207499134 0 0 0 0
1489239905.212719917 0.235989079 -0.061342627 1.200316518 0 0 0 0
1489239905.237702370 0.234152138 -0.067351624 1.191163400 0 0 0 0
1489239905.262737989 0.231375173 -0.073312908 1.182692838 0 0 0 0
1489239905.262753487 0.227373391 -0.079440534 1.174471182 0 0 0 0
1489239905.287825346 0.222397164 -0.085600354 1.166575700 0 0 0 0
1489239905.312851191 0.217082396 -0.092406541 1.157472089 0 0 0 0
1489239905.337850094 0.209431529 -0.098431051 1.152586155 0 0 0 0
1489239905.362713575 0.200694993 -0.103935935 1.146134348 0 0 0 0
1489239905.362737179 0.191334814 -0.108947888 1.139389791 0 0 0 0
1489239905.387615681 0.180928901 -0.113772079 1.133640167 0 0 0 0
1489239905.412806749 0.170129210 -0.118200965 1.127747718 0 0 0 0
1489239905.437705994 0.159049273 -0.123529859 1.121022418 0 0 0 0
1489239905.462743759 0.147166818 -0.127559528 1.117102596 0 0 0 0
1489239905.462762356 0.134909779 -0.131214112 1.112403046 0 0 0 0
1489239905.487738132 0.122612759 -0.134483054 1.107505686 0 0 0 0
1489239905.512719631 0.110808678 -0.137371719 1.102424441 0 0 0 0
1489239905.537810326 0.099636346 -0.139702871 1.097531907 0 0 0 0
1489239905.562823772 0.089421503 -0.142608747 1.090737847 0 0 0 0
1489239905.562837362 0.079341397 -0.144194558 1.086790026 0 0 0 0
1489239905.587842226 0.070163652 -0.145199552 1.080896348 0 0 0 0
1489239905.612822533 0.062071212 -0.145762816 1.074310480 0 0 0 0
1489239905.637653351 0.055290107 -0.145871758 1.068188731 0 0 0 0
1489239905.663617134 0.049725275 -0.145522147 1.061740586 0 0 0 0
1489239905.663648129 0.044948693 -0.144935250 1.055526836 0 0 0 0
1489239905.687729836 0.041211206 -0.143946379 1.048652166 0 0 0 0
1489239905.712773800 0.038093831 -0.142705634 1.041962875 0 0 0 0
1489239905.737635136 0.035000954 -0.142045602 1.035580015 0 0 0 0
1489239905.762590885 0.032012917 -0.141238242 1.029562608 0 0 0 0
1489239905.762611866 0.029498661 -0.140547857 1.022934738 0 0 0 0
1489239905.787602186 0.026979933 -0.140023381 1.016403414 0 0 0 0
1489239905.812770844 0.024081178 -0.139669865 1.010352124 0 0 0 0
1489239905.837727070 0.020953095 -0.139840737 1.004527638 0 0 0 0
1489239905.862723589 0.017639156 -0.140097886 0.998520435 0 0 0 0
1489239905.862740278 0.014799926 -0.140282288 0.991948547 0 0 0 0
1489239905.887749434 0.011492804 -0.140616298 0.986088623 0 0 0 0
1489239905.912711620 0.008431132 -0.141058132 0.979428523 0 0 0 0
1489239905.937799454 0.004989782 -0.141833544 0.973954330 0 0 0 0
1489239905.962724209 0.001958502 -0.142277807 0.967331537 0 0 0 0
1489239905.962743759 -0.000751092 -0.142605349 0.961132550 0 0 0 0
1489239905.987631321 -0.003276588 -0.142699584 0.955027471 0 0 0 0
1489239906.012746096 -0.005376979 -0.143068895 0.948586836 0 0 0 0
1489239906.037652969 -0.006966497 -0.143019184 0.942286014 0 0 0 0
1489239906.062629700 -0.007868583 -0.142810002 0.935432863 0 0 0 0
1489239906.062648058 -0.008908656 -0.142507851 0.929792223 0 0 0 0
1489239906.087726355 -0.009855962 -0.142367616 0.923317755 0 0 0 0
1489239906.112750530 -0.010465428 -0.141897410 0.916975125 0 0 0 0
1489239906.137703180 -0.010738821 -0.141356751 0.910660189 0 0 0 0
1489239906.163277864 -0.010181630 -0.140483111 0.903195190 0 0 0 0
1489239906.163308144 -0.009608744 -0.139461949 0.895881668 0 0 0 0
1489239906.187741041 -0.008659749 -0.138625830 0.888800726 0 0 0 0
1489239906.212720156 -0.007643656 -0.137971073 0.881826566 0 0 0 0
1489239906.237631798 -0.006544677 -0.137497127 0.874737646 0 0 0 0
1489239906.262914896 -0.005650857 -0.137281626 0.867593248 0 0 0 0
1489239906.263004303 -0.004377686 -0.137037173 0.859993423 0 0 0 0
1489239906.287719011 -0.003040982 -0.136927322 0.852016468 0 0 0 0
1489239906.312692404 -0.001440948 -0.136932164 0.843738390 0 0 0 0
1489239906.337682009 0.000688344 -0.137079909 0.835151688 0 0 0 0
1489239906.362755060 0.003344952 -0.137244776 0.825882802 0 0 0 0
1489239906.362783194 0.006580123 -0.137383983 0.816183192 0 0 0 0
1489239906.387701273 0.010187726 -0.137568727 0.806433305 0 0 0 0
1489239906.412713766 0.014037587 -0.138217479 0.796504223 0 0 0 0
1489239906.437774897 0.017881341 -0.139131725 0.786753817 0 0 0 0
1489239906.462788582 0.021953419 -0.140275225 0.776114101 0 0 0 0
1489239906.462798595 0.025213651 -0.142052993 0.766872443 0 0 0 0
1489239906.487698078 0.028421421 -0.143922716 0.756324062 0 0 0 0
1489239906.512781620 0.031570308 -0.146268591 0.746052747 0 0 0 0
1489239906.537605762 0.034858048 -0.148555785 0.735548079 0 0 0 0
1489239906.562724113 0.037750192 -0.150996432 0.725192607 0 0 0 0
1489239906.562739134 0.040166453 -0.153442547 0.714796838 0 0 0 0
1489239906.587743759 0.042303786 -0.155743331 0.704979691 0 0 0 0
1489239906.612698555 0.044292938 -0.157964706 0.694491735 0 0 0 0
1489239906.637650967 0.045626719 -0.159585029 0.684303437 0 0 0 0
1489239906.662930250 0.046527341 -0.160934627 0.673781676 0 0 0 0
1489239906.663008928 0.046776410 -0.161956832 0.664134697 0 0 0 0
1489239906.687734365 0.046656668 -0.162736028 0.654372564 0 0 0 0
1489239906.712763071 0.045816656 -0.163167953 0.644870691 0 0 0 0
1489239906.737732410 0.044122960 -0.163278669 0.635718419 0 0 0 0
1489239906.762873411 0.041763734 -0.163050845 0.626772047 0 0 0 0
1489239906.762960672 0.039079729 -0.162642211 0.618575831 0 0 0 0
1489239906.787708998 0.035937514 -0.161618724 0.609717547 0 0 0 0
1489239906.812655449 0.032313563 -0.160163864 0.600825737 0 0 0 0
1489239906.837744474 0.028308660 -0.158205435 0.592873537 0 0 0 0
1489239906.862731218 0.023825917 -0.156062320 0.584528764 0 0 0 0
1489239906.862835169 0.019032381 -0.153147087 0.577476028 0 0 0 0
1489239906.887709379 0.014163519 -0.149960086 0.569072218 0 0 0 0
1489239906.912779331 0.009369612 -0.146260366 0.560911228 0 0 0 0
1489239906.937638283 0.004404988 -0.142315164 0.553360705 0 0 0 0
1489239906.962671995 -0.000485301 -0.138185784 0.545446561 0 0 0 0
1489239906.962687969 -0.004896986 -0.133816868 0.537070402 0 0 0 0
1489239906.987752914 -0.008956342 -0.129454210 0.528762513 0 0 0 0
1489239907.012763739 -0.012770010 -0.125073344 0.520525266 0 0 0 0
1489239907.037626266 -0.015452327 -0.120771848 0.511752428 0 0 0 0
1489239907.062756777 -0.017548492 -0.116491072 0.503117398 0 0 0 0
1489239907.062775850 -0.019286579 -0.112328760 0.494296872 0 0 0 0
1489239907.087679625 -0.020731319 -0.108489066 0.485888426 0 0 0 0
1489239907.112681150 -0.021957006 -0.105011337 0.476953814 0 0 0 0
1489239907.137620211 -0.022830373 -0.101913370 0.468263306 0 0 0 0
1489239907.162719250 -0.023470588 -0.099142961 0.459049293 0 0 0 0
1489239907.162740946 -0.023536287 -0.096949972 0.449630689 0 0 0 0
1489239907.187695980 -0.023410263 -0.095216006 0.440011463 0 0 0 0
1489239907.212834120 -0.022584656 -0.093716331 0.430236314 0 0 0 0
1489239907.237714529 -0.021472324 -0.092479534 0.419913527 0 0 0 0
1489239907.262753010 -0.020057194 -0.091487750 0.410058880 0 0 0 0
1489239907.262838125 -0.019052520 -0.090555154 0.400098653 0 0 0 0
1489239907.287703753 -0.018348949 -0.090015523 0.390062314 0 0 0 0
1489239907.312775850 -0.017696304 -0.090100303 0.378174861 0 0 0 0
1489239907.337870598 -0.017771369 -0.090437688 0.367929254 0 0 0 0
1489239907.362998962 -0.018020613 -0.090906180 0.357820014 0 0 0 0
1489239907.363637209 -0.017804097 -0.092019469 0.346667969 0 0 0 0
1489239907.387624025 -0.017864298 -0.093086064 0.336198063 0 0 0 0
1489239907.412862062 -0.018351754 -0.094053783 0.326032648 0 0 0 0
1489239907.437851667 -0.019613771 -0.094868079 0.316203900 0 0 0 0
1489239907.462745428 -0.021715470 -0.095458582 0.306845144 0 0 0 0
1489239907.462774038 -0.023613544 -0.095892735 0.296752235 0 0 0 0
1489239907.487709045 -0.026046757 -0.096238650 0.287080539 0 0 0 0
1489239907.512740374 -0.028297098 -0.096482828 0.276963094 0 0 0 0
1489239907.537912369 -0.030940058 -0.096601970 0.267361757 0 0 0 0
1489239907.563328266 -0.033371676 -0.096680492 0.256963526 0 0 0 0
1489239907.563360214 -0.035722509 -0.096651211 0.246677123 0 0 0 0
1489239907.587657213 -0.037858427 -0.096561939 0.236127247 0 0 0 0
1489239907.612664223 -0.039897982 -0.096437469 0.226162650 0 0 0 0
1489239907.637685537 -0.041743755 -0.096376650 0.216051360 0 0 0 0
1489239907.663004637 -0.043546598 -0.096032634 0.205726616 0 0 0 0
1489239907.663026571 -0.045469917 -0.095584758 0.196267936 0 0 0 0
1489239907.687754631 -0.047254086 -0.095223293 0.185908155 0 0 0 0
1489239907.712728500 -0.048648488 -0.094835088 0.175324753 0 0 0 0
1489239907.737620831 -0.049727757 -0.094582789 0.164659010 0 0 0 0
1489239907.762727499 -0.050402425 -0.094309807 0.153964346 0 0 0 0
1489239907.762741804 -0.051798247 -0.094542004 0.141807851 0 0 0 0
1489239907.787701607 -0.052812476 -0.094681315 0.131342319 0 0 0 0
1489239907.812671661 -0.053337362 -0.094794020 0.120566886 0 0 0 0
1489239907.837749481 -0.053437579 -0.095055826 0.109205454 0 0 0 0
1489239907.862730503 -0.053755376 -0.095482036 0.098567873 0 0 0 0
1489239907.862744808 -0.054296330 -0.095901653 0.088120532 0 0 0 0
1489239907.887734652 -0.054799445 -0.095954806 0.077530485 0 0 0 0
1489239907.912827015 -0.055482194 -0.095589340 0.067340256 0 0 0 0
1489239907.937674046 -0.056396600 -0.094958112 0.056827586 0 0 0 0
1489239907.963178873 -0.057593111 -0.093724050 0.047428379 0 0 0 0
1489239907.963220835 -0.059100043 -0.092631005 0.037074981 0 0 0 0
1489239907.987684727 -0.060317568 -0.091410689 0.026872288 0 0 0 0
1489239908.012788773 -0.062055025 -0.089728981 0.017242360 0 0 0 0
1489239908.037844658 -0.064361468 -0.087461427 0.008329834 0 0 0 0
1489239908.062701702 -0.067048937 -0.084775023 -0.000605412 0 0 0 0
1489239908.062725067 -0.069378532 -0.081403062 -0.009303181 0 0 0 0
1489239908.087713003 -0.071711689 -0.077728771 -0.018256250 0 0 0 0
1489239908.112692833 -0.074105300 -0.073563546 -0.026884074 0 0 0 0
1489239908.137610912 -0.076745674 -0.068871088 -0.034757877 0 0 0 0
1489239908.162544489 -0.079433091 -0.064368017 -0.043798838 0 0 0 0
1489239908.162596941 -0.081800438 -0.059268411 -0.051438246 0 0 0 0
1489239908.187613487 -0.084345199 -0.053807028 -0.059272850 0 0 0 0
1489239908.212734461 -0.087062709 -0.047922749 -0.066478960 0 0 0 0
1489239908.237669706 -0.089746043 -0.041599728 -0.073327855 0 0 0 0
1489239908.263004780 -0.091563083 -0.035795454 -0.081773642 0 0 0 0
1489239908.263014078 -0.093546711 -0.029853525 -0.089379151 0 0 0 0
1489239908.287706137 -0.096064314 -0.023745911 -0.096785749 0 0 0 0
1489239908.312664986 -0.098538011 -0.017907238 -0.104420771 0 0 0 0
1489239908.337667942 -0.100936361 -0.012354902 -0.112118809 0 0 0 0
1489239908.362726688 -0.103419654 -0.006567078 -0.119220378 0 0 0 0
1489239908.362768412 -0.105774328 -0.001048962 -0.127462537 0 0 0 0
1489239908.387691021 -0.108381540 0.004406907 -0.134845766 0 0 0 0
1489239908.412546396 -0.111046314 0.009533662 -0.142585849 0 0 0 0
1489239908.437648535 -0.113571830 0.014009918 -0.150944936 0 0 0 0
1489239908.462746382 -0.115980722 0.018282065 -0.159217755 0 0 0 0
1489239908.462763786 -0.118372329 0.022435516 -0.167507560 0 0 0 0
1489239908.487757444 -0.121093109 0.026940579 -0.175188285 0 0 0 0
1489239908.512872458 -0.123896807 0.031148216 -0.183267569 0 0 0 0
1489239908.537721395 -0.126434147 0.034985218 -0.191889002 0 0 0 0
1489239908.562672377 -0.128708348 0.038783427 -0.200465572 0 0 0 0
1489239908.562698364 -0.131589398 0.042454805 -0.208841054 0 0 0 0
1489239908.587701559 -0.134771213 0.045894712 -0.217329988 0 0 0 0
1489239908.612734795 -0.136982113 0.048643541 -0.226244861 0 0 0 0
1489239908.637729883 -0.138896212 0.050903913 -0.235777263 0 0 0 0
1489239908.662693501 -0.140753284 0.052796230 -0.245146580 0 0 0 0
1489239908.662715912 -0.142489776 0.055020206 -0.253783025 0 0 0 0
1489239908.687737703 -0.144501179 0.057263698 -0.262606074 0 0 0 0
1489239908.712702036 -0.145823956 0.059586179 -0.271485049 0 0 0 0
1489239908.737706900 -0.146481797 0.061919339 -0.279968423 0 0 0 0
1489239908.762701511 -0.147254631 0.064311601 -0.288684714 0 0 0 0
1489239908.762717962 -0.148287088 0.066801421 -0.297069622 0 0 0 0
1489239908.787858009 -0.149498314 0.069346189 -0.305652254 0 0 0 0
1489239908.812889338 -0.150760055 0.072527930 -0.313533328 0 0 0 0
1489239908.837777138 -0.152291790 0.076094814 -0.321576683 0 0 0 0
1489239908.863281727 -0.153724536 0.080104880 -0.329212918 0 0 0 0
1489239908.863304853 -0.155318469 0.084061511 -0.336952510 0 0 0 0
1489239908.887680531 -0.156790361 0.088350780 -0.344566752 0 0 0 0
1489239908.912657499 -0.157884523 0.093064025 -0.350997428 0 0 0 0
1489239908.937784910 -0.159529433 0.098301135 -0.359183521 0 0 0 0
1489239908.963505507 -0.161030382 0.103312828 -0.366700386 0 0 0 0
1489239908.963647366 -0.162073538 0.108361594 -0.374211525 0 0 0 0
1489239908.987730265 -0.162453681 0.113263242 -0.381659957 0 0 0 0
1489239909.012815952 -0.162153453 0.118064389 -0.388630695 0 0 0 0
1489239909.087610245 -0.162001967 0.122993596 -0.396091340 0 0 0 0
1489239909.112559080 -0.170731813 0.136513501 -0.425411713 0 0 0 0
1489239909.112700701 -0.177227825 0.147407025 -0.434050746 0 0 0 0
1489239909.137651205 -0.181846410 0.155900478 -0.442857032 0 0 0 0
1489239909.162621737 -0.183399424 0.161082208 -0.449827683 0 0 0 0
1489239909.162638187 -0.183634922 0.164078042 -0.459298393 0 0 0 0
1489239909.187585354 -0.182185367 0.165298879 -0.466372572 0 0 0 0
1489239909.212645292 -0.180703565 0.166562036 -0.474479698 0 0 0 0
1489239909.237898827 -0.178885236 0.167765379 -0.482536079 0 0 0 0
1489239909.237938166 -0.176138505 0.167622462 -0.485490835 0 0 0 0
1489239909.262639284 -0.172671795 0.167133898 -0.494788217 0 0 0 0
1489239909.287735939 -0.167002469 0.165365174 -0.503499084 0 0 0 0
1489239909.312560081 -0.161705092 0.164140180 -0.514062622 0 0 0 0
1489239909.312573910 -0.157261342 0.164066255 -0.521923611 0 0 0 0
1489239909.337652683 -0.151859194 0.163449556 -0.527769992 0 0 0 0
1489239909.362601280 -0.146565184 0.162776515 -0.536215709 0 0 0 0
1489239909.362633944 -0.140327781 0.161316559 -0.542926098 0 0 0 0
1489239909.387578726 -0.134581909 0.160448179 -0.551099405 0 0 0 0
1489239909.412762403 -0.129177317 0.160561323 -0.558623364 0 0 0 0
1489239909.437757015 -0.123892888 0.160739154 -0.566592961 0 0 0 0
1489239909.437784433 -0.118009977 0.159861624 -0.573107125 0 0 0 0
1489239909.462590694 -0.112480074 0.159564212 -0.582030886 0 0 0 0
1489239909.487748384 -0.107131042 0.159682393 -0.589520606 0 0 0 0
1489239909.487862349 -0.101122916 0.158740237 -0.596417918 0 0 0 0
1489239909.512730122 -0.095021121 0.157690272 -0.604969705 0 0 0 0
1489239909.537820816 -0.088748537 0.154863641 -0.612362754 0 0 0 0
1489239909.563111544 -0.082789004 0.151804611 -0.621170372 0 0 0 0
1489239909.563237190 -0.077231906 0.149544045 -0.629476051 0 0 0 0
1489239909.587795019 -0.071593665 0.146391273 -0.635781707 0 0 0 0
1489239909.612784147 -0.066497087 0.143058866 -0.645162034 0 0 0 0
1489239909.637809277 -0.061754480 0.140039802 -0.653558091 0 0 0 0
1489239909.662811041 -0.056874704 0.136806205 -0.662946127 0 0 0 0
1489239909.662891150 -0.052670136 0.133875936 -0.672114368 0 0 0 0
1489239909.687767267 -0.048824888 0.131226271 -0.680840389 0 0 0 0
1489239909.712793112 -0.045206796 0.128988549 -0.689520425 0 0 0 0
1489239909.737660646 -0.042118534 0.127380252 -0.698174816 0 0 0 0
1489239909.762652636 -0.039365150 0.126531139 -0.706858833 0 0 0 0
1489239909.787745476 -0.037142862 0.125769183 -0.715591872 0 0 0 0
1489239909.787769079 -0.035317235 0.125332341 -0.724407777 0 0 0 0
1489239909.812788486 -0.033852857 0.124626085 -0.733642477 0 0 0 0
1489239909.837878704 -0.032900661 0.125061855 -0.741645449 0 0 0 0
1489239909.862741232 -0.032034777 0.125302374 -0.749952394 0 0 0 0
1489239909.862756968 -0.031455413 0.126114428 -0.758252733 0 0 0 0
1489239909.887814522 -0.031158634 0.127268165 -0.766927062 0 0 0 0
1489239909.912774801 -0.031087283 0.128899485 -0.775295713 0 0 0 0
1489239909.937726259 -0.031082641 0.130672976 -0.783974302 0 0 0 0
1489239909.962717295 -0.030763743 0.133437186 -0.791302420 0 0 0 0
1489239909.962734222 -0.031207535 0.137350142 -0.797892034 0 0 0 0
1489239909.987689972 -0.032368626 0.141884297 -0.805286663 0 0 0 0
1489239910.012598276 -0.033677593 0.146351308 -0.812184973 0 0 0 0
1489239910.037688732 -0.034533963 0.149952874 -0.820246952 0 0 0 0
1489239910.062741280 -0.035790998 0.154015169 -0.826900801 0 0 0 0
1489239910.062765121 -0.036921825 0.159977391 -0.832519430 0 0 0 0
1489239910.087706327 -0.038175471 0.166844010 -0.838495343 0 0 0 0
1489239910.112761736 -0.039058503 0.174259752 -0.844149517 0 0 0 0
1489239910.137699127 -0.039705094 0.181220874 -0.850640193 0 0 0 0
1489239910.162698030 -0.039947081 0.188590154 -0.856244829 0 0 0 0
1489239910.162714005 -0.039836984 0.196474478 -0.861684026 0 0 0 0
1489239910.187697649 -0.038923267 0.205550283 -0.866243960 0 0 0 0
1489239910.212547302 -0.037833955 0.214779317 -0.871110121 0 0 0 0
1489239910.237694263 -0.036568169 0.223822623 -0.876163906 0 0 0 0
1489239910.262807131 -0.035102542 0.232226789 -0.881673041 0 0 0 0
1489239910.262894154 -0.033277292 0.240647882 -0.886931336 0 0 0 0
1489239910.287637234 -0.031332690 0.248427242 -0.892256343 0 0 0 0
1489239910.312866211 -0.029199589 0.255149215 -0.898262649 0 0 0 0
1489239910.337664604 -0.026725195 0.260781258 -0.904687469 0 0 0 0
1489239910.362745047 -0.024028802 0.266058117 -0.910379146 0 0 0 0
1489239910.362762690 -0.021490503 0.270663887 -0.916236917 0 0 0 0
1489239910.387673378 -0.018788230 0.274864137 -0.922144693 0 0 0 0
1489239910.412734270 -0.015637536 0.278030723 -0.928757376 0 0 0 0
1489239910.437727451 -0.012520705 0.280771881 -0.934720353 0 0 0 0
1489239910.462777138 -0.009675784 0.283151805 -0.941552281 0 0 0 0
1489239910.462798595 -0.007244440 0.284825653 -0.947808755 0 0 0 0
1489239910.487647533 -0.005198502 0.285613239 -0.954763890 0 0 0 0
1489239910.512682915 -0.003341768 0.285761058 -0.961506356 0 0 0 0
1489239910.537879467 -0.001905478 0.285820127 -0.968242281 0 0 0 0
1489239910.563416719 -0.000470925 0.285048723 -0.975860797 0 0 0 0
1489239910.563446283 0.000516121 0.282711744 -0.983779003 0 0 0 0
1489239910.587727785 0.001414177 0.279775351 -0.991185345 0 0 0 0
1489239910.612698317 0.002374357 0.276330918 -0.999127005 0 0 0 0
1489239910.637636423 0.003115695 0.273226917 -1.006294107 0 0 0 0
1489239910.662896633 0.003585536 0.269867629 -1.013534370 0 0 0 0
1489239910.662946224 0.003846704 0.266037375 -1.021081630 0 0 0 0
1489239910.687694311 0.004239890 0.261974394 -1.029123544 0 0 0 0
1489239910.712706804 0.004562615 0.257496417 -1.036027754 0 0 0 0
1489239910.737672091 0.004876540 0.253536522 -1.042920513 0 0 0 0
1489239910.762885094 0.005795948 0.249957204 -1.047748662 0 0 0 0
1489239910.762921572 0.006553761 0.246980309 -1.054737048 0 0 0 0
1489239910.787729740 0.006886357 0.244421706 -1.063426989 0 0 0 0
1489239910.812797785 0.007127519 0.242496639 -1.070289294 0 0 0 0
1489239910.837647915 0.007547523 0.240001574 -1.077049562 0 0 0 0
1489239910.862710953 0.008941520 0.238086239 -1.084320993 0 0 0 0
1489239910.862727404 0.010770972 0.235996962 -1.089574336 0 0 0 0
1489239910.887777805 0.012402072 0.233038411 -1.097640230 0 0 0 0
1489239910.912772417 0.014030582 0.230243519 -1.104617009 0 0 0 0
1489239910.937772989 0.015750682 0.227113426 -1.111936990 0 0 0 0
1489239910.962844372 0.017466424 0.224023804 -1.118850289 0 0 0 0
1489239910.962883949 0.019052912 0.221094966 -1.126424250 0 0 0 0
1489239910.987821102 0.020913256 0.218374401 -1.133645436 0 0 0 0
1489239911.012738705 0.023049349 0.215123236 -1.141136975 0 0 0 0
1489239911.037668943 0.025325516 0.211550102 -1.149023989 0 0 0 0
1489239911.062868118 0.027620306 0.208365470 -1.156396976 0 0 0 0
1489239911.063018084 0.029861739 0.204969183 -1.164229729 0 0 0 0
1489239911.087789774 0.032241203 0.201929972 -1.174635291 0 0 0 0
1489239911.112765312 0.034132224 0.197113395 -1.181320164 0 0 0 0
1489239911.137719154 0.035689324 0.192094460 -1.189465030 0 0 0 0
1489239911.162825346 0.037160639 0.187140852 -1.198076556 0 0 0 0
1489239911.162841558 0.038452245 0.181988388 -1.207070966 0 0 0 0
1489239911.187763929 0.039606180 0.176823646 -1.215944524 0 0 0 0
1489239911.212814569 0.040729512 0.171041682 -1.225316569 0 0 0 0
1489239911.237618923 0.041953932 0.165577322 -1.234240698 0 0 0 0
1489239911.262794495 0.043246511 0.160393760 -1.243384867 0 0 0 0
1489239911.262828827 0.044684995 0.155394271 -1.252574529 0 0 0 0
1489239911.287736654 0.046120726 0.150701270 -1.261383864 0 0 0 0
1489239911.312661171 0.047724552 0.146684483 -1.270173001 0 0 0 0
1489239911.337646484 0.049640208 0.143729120 -1.281381058 0 0 0 0
1489239911.362644672 0.051050201 0.139798224 -1.288086217 0 0 0 0
1489239911.362668037 0.052486435 0.136062726 -1.297746594 0 0 0 0
1489239911.387635946 0.053759091 0.132671684 -1.306952074 0 0 0 0
1489239911.412765503 0.054727390 0.129426941 -1.315980327 0 0 0 0
1489239911.437675714 0.055496156 0.126475096 -1.325033008 0 0 0 0
1489239911.462783575 0.055858538 0.123492584 -1.334421143 0 0 0 0
1489239911.462804794 0.055975389 0.120520771 -1.343955570 0 0 0 0
1489239911.487687349 0.056053944 0.117390111 -1.353612535 0 0 0 0
1489239911.512754440 0.055841256 0.114922650 -1.362653149 0 0 0 0
1489239911.537793875 0.055501960 0.112996019 -1.372472120 0 0 0 0
1489239911.562886238 0.054703653 0.111267202 -1.382443385 0 0 0 0
1489239911.562910557 0.053582508 0.108900040 -1.392515490 0 0 0 0
1489239911.587724209 0.052181855 0.106744163 -1.402455789 0 0 0 0
1489239911.612732410 0.050916642 0.105211638 -1.412341222 0 0 0 0
1489239911.637649298 0.049567711 0.104145877 -1.422306561 0 0 0 0
1489239911.662769556 0.048261628 0.103014328 -1.432000105 0 0 0 0
1489239911.662784576 0.046532661 0.101637624 -1.442510584 0 0 0 0
1489239911.687710285 0.044608168 0.099923983 -1.452759744 0 0 0 0
1489239911.712824345 0.043234598 0.099012777 -1.462161096 0 0 0 0
1489239911.737699270 0.042168006 0.098616235 -1.471547412 0 0 0 0
1489239911.762622356 0.041376758 0.099097431 -1.480576204 0 0 0 0
1489239911.762637854 0.040630013 0.100095958 -1.489569007 0 0 0 0
1489239911.787739992 0.039632436 0.101108626 -1.498941655 0 0 0 0
1489239911.812584639 0.038663086 0.102490127 -1.508019420 0 0 0 0
1489239911.837767124 0.038139246 0.104774125 -1.516296590 0 0 0 0
1489239911.862604618 0.038349137 0.108352393 -1.524173996 0 0 0 0
1489239911.862623692 0.039260648 0.113263465 -1.530976414 0 0 0 0
1489239911.887689352 0.040358141 0.119438075 -1.538426844 0 0 0 0
1489239911.912656546 0.041910578 0.125977263 -1.545193254 0 0 0 0
1489239911.937627077 0.043743227 0.132962257 -1.551883584 0 0 0 0
1489239911.962629080 0.046136357 0.141235143 -1.558116618 0 0 0 0
1489239911.962673426 0.048858054 0.150381953 -1.563849632 0 0 0 0
1489239911.987653494 0.051629163 0.159935743 -1.569537693 0 0 0 0
1489239912.012757063 0.054275244 0.169377401 -1.575322523 0 0 0 0
1489239912.037783146 0.056800686 0.178821534 -1.580794666 0 0 0 0
1489239912.062770367 0.059325233 0.188292503 -1.585928040 0 0 0 0
1489239912.062796831 0.062003165 0.197937712 -1.591164862 0 0 0 0
1489239912.087688446 0.064378500 0.207036793 -1.596348861 0 0 0 0
1489239912.112824440 0.066408969 0.215294018 -1.602525925 0 0 0 0
1489239912.137782812 0.068270937 0.222544298 -1.608652243 0 0 0 0
1489239912.162981033 0.069952101 0.228287086 -1.614776226 0 0 0 0
1489239912.162997007 0.071304366 0.233550161 -1.620730918 0 0 0 0
1489239912.187727451 0.072364792 0.237512216 -1.626919230 0 0 0 0
1489239912.212656975 0.073167995 0.240406305 -1.633547650 0 0 0 0
1489239912.237726688 0.074154645 0.243093669 -1.639370149 0 0 0 0
1489239912.262673140 0.074510425 0.244583860 -1.646880467 0 0 0 0
1489239912.262686014 0.074605078 0.245185181 -1.653661568 0 0 0 0
1489239912.287752628 0.074029163 0.244586945 -1.661332763 0 0 0 0
1489239912.312771797 0.073770858 0.243689924 -1.668297244 0 0 0 0
1489239912.337781668 0.074012317 0.242638290 -1.675093630 0 0 0 0
1489239912.362999916 0.074470796 0.241348624 -1.681992934 0 0 0 0
1489239912.363026857 0.074477136 0.239195526 -1.689966231 0 0 0 0
1489239912.387695551 0.074257858 0.236179024 -1.697861239 0 0 0 0
1489239912.412645340 0.073850304 0.232496843 -1.705985442 0 0 0 0
1489239912.437693119 0.073196128 0.228623942 -1.714242714 0 0 0 0
1489239912.462792635 0.072611637 0.224723443 -1.722010216 0 0 0 0
1489239912.462815285 0.071929410 0.220767632 -1.730188769 0 0 0 0
1489239912.487732410 0.070961177 0.216025904 -1.738939984 0 0 0 0
1489239912.512742996 0.069479451 0.211254805 -1.747368976 0 0 0 0
1489239912.538047075 0.067843735 0.206258863 -1.756067835 0 0 0 0
1489239912.562785387 0.066729948 0.201789200 -1.764225516 0 0 0 0
1489239912.562814713 0.065735683 0.197480008 -1.772953816 0 0 0 0
1489239912.587757111 0.064924210 0.193427265 -1.781182723 0 0 0 0
1489239912.612704754 0.064291723 0.189854041 -1.788931379 0 0 0 0
1489239912.637540579 0.064119376 0.186749086 -1.796600728 0 0 0 0
1489239912.662669182 0.064484313 0.185359359 -1.806414204 0 0 0 0
1489239912.662703514 0.064708687 0.183007628 -1.811679331 0 0 0 0
1489239912.687685251 0.065395311 0.180881500 -1.819388407 0 0 0 0
1489239912.712818384 0.066450089 0.178642094 -1.826741168 0 0 0 0
1489239912.737692595 0.068288937 0.176896602 -1.833977131 0 0 0 0
1489239912.762802124 0.070022911 0.175342500 -1.841173189 0 0 0 0
1489239912.762822628 0.071210653 0.173934191 -1.849399292 0 0 0 0
1489239912.787735939 0.071275137 0.171125650 -1.857819833 0 0 0 0
1489239912.812703609 0.071072429 0.167707682 -1.866764191 0 0 0 0
1489239912.837870598 0.070944943 0.164161503 -1.874957988 0 0 0 0
1489239912.862795830 0.071286112 0.161230266 -1.882907496 0 0 0 0
1489239912.862808704 0.071793064 0.158223614 -1.890749051 0 0 0 0
1489239912.887667179 0.072833560 0.155392170 -1.898385409 0 0 0 0
1489239912.912785292 0.073945358 0.152251288 -1.906453355 0 0 0 0
1489239912.937785387 0.074741997 0.148758397 -1.915040087 0 0 0 0
1489239912.962729692 0.075388111 0.145196423 -1.923368740 0 0 0 0
1489239912.962758541 0.075980186 0.141457945 -1.932545217 0 0 0 0
1489239912.987749577 0.076472655 0.137845367 -1.940987925 0 0 0 0
1489239913.012803078 0.076620668 0.134338215 -1.950202858 0 0 0 0
1489239913.037823200 0.076132230 0.130589396 -1.959731888 0 0 0 0
1489239913.062661648 0.075562865 0.126937881 -1.969401103 0 0 0 0
1489239913.062692642 0.074623600 0.123198316 -1.979515092 0 0 0 0
1489239913.087661743 0.074200273 0.119217955 -1.989980276 0 0 0 0
1489239913.112638235 0.073591150 0.115640342 -1.999839812 0 0 0 0
1489239913.137647152 0.073140636 0.112716906 -2.009711085 0 0 0 0
1489239913.164252996 0.071902178 0.110085972 -2.020321684 0 0 0 0
1489239913.164263964 0.069946267 0.107693031 -2.031041561 0 0 0 0
1489239913.187816620 0.067701556 0.105321951 -2.041512458 0 0 0 0
1489239913.212860107 0.065201275 0.103384942 -2.052485819 0 0 0 0
1489239913.237686157 0.062933072 0.102006763 -2.062855864 0 0 0 0
1489239913.262830734 0.061466970 0.101940975 -2.075944616 0 0 0 0
1489239913.262849569 0.060225021 0.101290457 -2.083658146 0 0 0 0
1489239913.287741423 0.059876930 0.099922299 -2.093595799 0 0 0 0
1489239913.312773466 0.060204275 0.099221960 -2.103226333 0 0 0 0
1489239913.337703466 0.061139811 0.098329887 -2.112894943 0 0 0 0
1489239913.362622499 0.063067898 0.097808920 -2.121582240 0 0 0 0
1489239913.362649202 0.065686040 0.097594477 -2.130827363 0 0 0 0
1489239913.387676716 0.069043629 0.097719163 -2.139319378 0 0 0 0
1489239913.412756205 0.072821245 0.097914077 -2.147988947 0 0 0 0
1489239913.437780380 0.076995552 0.098434784 -2.156702762 0 0 0 0
1489239913.462705612 0.081898779 0.099407271 -2.164483111 0 0 0 0
1489239913.462734699 0.087584049 0.100441083 -2.171884349 0 0 0 0
1489239913.487730980 0.093568720 0.101417907 -2.182549732 0 0 0 0
1489239913.512762785 0.099628553 0.102756359 -2.187251016 0 0 0 0
1489239913.537764072 0.105249487 0.103285357 -2.194974304 0 0 0 0
1489239913.562813044 0.112077899 0.104669653 -2.201448054 0 0 0 0
1489239913.562824726 0.118374303 0.105499834 -2.209091565 0 0 0 0
1489239913.587564945 0.125372350 0.106861688 -2.215222747 0 0 0 0
1489239913.612763643 0.132040381 0.107874922 -2.222460998 0 0 0 0
1489239913.637726307 0.138542965 0.108447418 -2.229197512 0 0 0 0
1489239913.662777662 0.143982098 0.108702160 -2.237487497 0 0 0 0
1489239913.662854910 0.149108440 0.108723141 -2.244564643 0 0 0 0
1489239913.687594652 0.153722435 0.108555086 -2.252060956 0 0 0 0
1489239913.712652206 0.157957509 0.108306646 -2.260013593 0 0 0 0
1489239913.738233566 0.161547646 0.107314736 -2.267780111 0 0 0 0
1489239913.762681246 0.164273769 0.105915196 -2.275987142 0 0 0 0
1489239913.762696266 0.167107150 0.105034277 -2.283380454 0 0 0 0
1489239913.787609577 0.169735476 0.104110293 -2.291497419 0 0 0 0
1489239913.812674284 0.171575546 0.102836862 -2.299375808 0 0 0 0
1489239913.837792635 0.172347873 0.100868389 -2.308466562 0 0 0 0
1489239913.862787247 0.173197687 0.099521853 -2.316074052 0 0 0 0
1489239913.862801075 0.174153030 0.098218344 -2.324119380 0 0 0 0
1489239913.887660503 0.175029159 0.096574657 -2.332727864 0 0 0 0
1489239913.912781954 0.175764844 0.095119908 -2.341093794 0 0 0 0
1489239913.937633276 0.176015511 0.093230471 -2.348253479 0 0 0 0
1489239913.963072538 0.175614521 0.091116957 -2.357601816 0 0 0 0
1489239913.963152647 0.174655631 0.088767648 -2.366557418 0 0 0 0
1489239913.987659454 0.174041092 0.087096900 -2.375579165 0 0 0 0
1489239914.012709379 0.172544196 0.085561924 -2.384884890 0 0 0 0
1489239914.037707329 0.170496941 0.084501565 -2.394521886 0 0 0 0
1489239914.062664986 0.168317065 0.083489567 -2.403599048 0 0 0 0
1489239914.062683821 0.166457862 0.082461432 -2.413097416 0 0 0 0
1489239914.087723494 0.164783597 0.081434973 -2.422060232 0 0 0 0
1489239914.112589359 0.162868127 0.079961151 -2.431897410 0 0 0 0
1489239914.137763500 0.161753893 0.078694426 -2.440314777 0 0 0 0
1489239914.162646770 0.161352262 0.077263489 -2.448801738 0 0 0 0
1489239914.162669897 0.161366209 0.075855598 -2.457566303 0 0 0 0
1489239914.187654972 0.160848290 0.074279949 -2.467420046 0 0 0 0
1489239914.212667704 0.159935713 0.072654963 -2.477242932 0 0 0 0
1489239914.237847328 0.158840686 0.070869848 -2.486832065 0 0 0 0
1489239914.263114929 0.158381462 0.069396913 -2.495156242 0 0 0 0
1489239914.263124704 0.158504590 0.067941003 -2.504066505 0 0 0 0
1489239914.287647486 0.158226460 0.066442527 -2.513618558 0 0 0 0
1489239914.312543154 0.157889798 0.064769849 -2.523072827 0 0 0 0
1489239914.337666035 0.157597855 0.063327670 -2.532455332 0 0 0 0
1489239914.362674952 0.157522157 0.061807666 -2.541508512 0 0 0 0
1489239914.362705469 0.157112211 0.060232822 -2.551512425 0 0 0 0
1489239914.387633801 0.156696931 0.058728170 -2.561033454 0 0 0 0
1489239914.412796259 0.156505153 0.057416532 -2.570326533 0 0 0 0
1489239914.437562943 0.156478807 0.055858035 -2.579927383 0 0 0 0
1489239914.462621212 0.156335726 0.054173812 -2.589791733 0 0 0 0
1489239914.462645054 0.155748352 0.052256744 -2.600080825 0 0 0 0
1489239914.487691402 0.155110657 0.050174646 -2.610433134 0 0 0 0
1489239914.512723923 0.154632077 0.048573747 -2.620693387 0 0 0 0
1489239914.537707090 0.153935313 0.047183175 -2.631165439 0 0 0 0
1489239914.562839270 0.152653545 0.046222888 -2.642217544 0 0 0 0
1489239914.562858582 0.151164696 0.045262396 -2.653176975 0 0 0 0
1489239914.587757349 0.149992615 0.044716373 -2.663821904 0 0 0 0
1489239914.612691402 0.149681807 0.044296652 -2.673351898 0 0 0 0
1489239914.637825727 0.149875224 0.043762490 -2.683321137 0 0 0 0
1489239914.662964344 0.150211066 0.043127790 -2.693271173 0 0 0 0
1489239914.663090706 0.151021600 0.042595629 -2.702734214 0 0 0 0
1489239914.687712669 0.152479693 0.042501617 -2.712024241 0 0 0 0
1489239914.712799311 0.154477075 0.042420279 -2.721175624 0 0 0 0
1489239914.737867832 0.156935632 0.042294029 -2.730063141 0 0 0 0
1489239914.762749910 0.160356000 0.042229049 -2.738210351 0 0 0 0
1489239914.762765169 0.163751215 0.041353509 -2.747049535 0 0 0 0
1489239914.787754059 0.168012977 0.040860537 -2.754804347 0 0 0 0
1489239914.812695026 0.172604993 0.040414456 -2.762726802 0 0 0 0
1489239914.837667942 0.177213386 0.039711911 -2.770527871 0 0 0 0
1489239914.862608194 0.181966573 0.039151464 -2.778253699 0 0 0 0
1489239914.887645006 0.186857387 0.038651675 -2.786154256 0 0 0 0
1489239914.887670517 0.191895291 0.037808966 -2.793707956 0 0 0 0
1489239914.912765741 0.196403116 0.037180074 -2.801590764 0 0 0 0
1489239914.937664509 0.201061144 0.036815960 -2.812604240 0 0 0 0
1489239914.962623596 0.203641161 0.035800412 -2.818831483 0 0 0 0
1489239914.962652683 0.205673233 0.034668468 -2.823587102 0 0 0 0
1489239914.987743378 0.207873926 0.033731796 -2.833450569 0 0 0 0
1489239915.012652159 0.209818095 0.032497592 -2.841762261 0 0 0 0
1489239915.037866592 0.210511535 0.031389799 -2.851106097 0 0 0 0
1489239915.062738180 0.213443831 0.030608281 -2.860612326 0 0 0 0
1489239915.062767029 0.214746356 0.029211758 -2.866452572 0 0 0 0
1489239915.087711573 0.215730220 0.027266253 -2.872343042 0 0 0 0
1489239915.112786055 0.216752723 0.025294792 -2.880337661 0 0 0 0
1489239915.137700081 0.217788741 0.023236699 -2.888234609 0 0 0 0
1489239915.162693739 0.218958676 0.021618256 -2.895901072 0 0 0 0
1489239915.162708282 0.220200822 0.020280270 -2.903793001 0 0 0 0
1489239915.187914371 0.221454382 0.019247890 -2.912094209 0 0 0 0
1489239915.212871552 0.223194286 0.018448068 -2.919903229 0 0 0 0
1489239915.237770557 0.225510404 0.017598063 -2.927812273 0 0 0 0
1489239915.262696505 0.227797657 0.016848020 -2.935369504 0 0 0 0
1489239915.262721062 0.229191735 0.016111910 -2.944427778 0 0 0 0
1489239915.287742138 0.231331110 0.015746215 -2.955774139 0 0 0 0
1489239915.312659502 0.231897548 0.014973708 -2.961774306 0 0 0 0
1489239915.337598324 0.232955381 0.013961394 -2.969456259 0 0 0 0
1489239915.362762451 0.234281301 0.013219975 -2.977517130 0 0 0 0
1489239915.362801552 0.235042602 0.012176790 -2.986013546 0 0 0 0
1489239915.387671471 0.235441267 0.010772880 -2.994835777 0 0 0 0
1489239915.412793875 0.236439422 0.009297719 -3.002429034 0 0 0 0
1489239915.437770367 0.237679288 0.007454846 -3.009688697 0 0 0 0
1489239915.463159084 0.238652363 0.005749429 -3.017737132 0 0 0 0
1489239915.463174820 0.238986075 0.003935133 -3.025860595 0 0 0 0
1489239915.487675190 0.239325240 0.002063185 -3.033534998 0 0 0 0
1489239915.512701750 0.239884570 0.000074572 -3.041028200 0 0 0 0
1489239915.537917852 0.241877198 -0.001735277 -3.050401582 0 0 0 0
1489239915.562736273 0.241855204 -0.003455367 -3.055470456 0 0 0 0
1489239915.562771082 0.241551161 -0.005288177 -3.063535109 0 0 0 0
1489239915.587739468 0.241470963 -0.007207697 -3.070817439 0 0 0 0
1489239915.612695932 0.241337940 -0.009192115 -3.078448982 0 0 0 0
1489239915.637641191 0.240460366 -0.011617496 -3.086433608 0 0 0 0
1489239915.662851095 0.239043012 -0.013802161 -3.094897125 0 0 0 0
1489239915.662889719 0.237787515 -0.016130092 -3.102817525 0 0 0 0
1489239915.687593222 0.236628309 -0.018765979 -3.110345518 0 0 0 0
1489239915.712653160 0.235405400 -0.021334078 -3.118397750 0 0 0 0
1489239915.737735510 0.234185442 -0.024211863 -3.125977427 0 0 0 0
1489239915.762790680 0.233105198 -0.027194291 -3.134254245 0 0 0 0
1489239915.762887478 0.232665241 -0.029951664 3.141266835 0 0 0 0
1489239915.787637949 0.231733575 -0.032911479 3.132949360 0 0 0 0
1489239915.812740564 0.230817229 -0.035405882 3.125044017 0 0 0 0
1489239915.837813139 0.229807273 -0.037635244 3.116897396 0 0 0 0
1489239915.862765312 0.228609830 -0.039439443 3.108136357 0 0 0 0
1489239915.862842798 0.227347687 -0.040936872 3.099726555 0 0 0 0
1489239915.887690067 0.225812137 -0.042187735 3.090936220 0 0 0 0
1489239915.912734509 0.223958969 -0.042895537 3.081927521 0 0 0 0
1489239915.937765598 0.221493363 -0.043689277 3.072951393 0 0 0 0
1489239915.962693453 0.219231293 -0.044498462 3.064382004 0 0 0 0
1489239915.962713718 0.217185512 -0.045782570 3.056344252 0 0 0 0
1489239915.987679720 0.215645194 -0.047067121 3.048269013 0 0 0 0
1489239916.012860298 0.213966370 -0.048615687 3.040097220 0 0 0 0
1489239916.037731886 0.212035298 -0.050039798 3.031296687 0 0 0 0
1489239916.062725306 0.210376978 -0.051452246 3.023470508 0 0 0 0
1489239916.062757254 0.208680272 -0.052828886 3.014835489 0 0 0 0
1489239916.087725163 0.207448050 -0.054158501 3.006884872 0 0 0 0
1489239916.112693548 0.206173867 -0.055601053 2.998783937 0 0 0 0
1489239916.137647152 0.205125317 -0.057076633 2.990349298 0 0 0 0
1489239916.162661552 0.204473183 -0.058294401 2.982417219 0 0 0 0
1489239916.162688255 0.203747064 -0.058995940 2.973548473 0 0 0 0
1489239916.187745094 0.203430876 -0.060124505 2.965598232 0 0 0 0
1489239916.212660551 0.203705236 -0.061764147 2.958108664 0 0 0 0
1489239916.237755299 0.204061195 -0.063275456 2.949948822 0 0 0 0
1489239916.262958288 0.204339609 -0.065203719 2.941909591 0 0 0 0
1489239916.262977123 0.204682395 -0.067092232 2.934187193 0 0 0 0
1489239916.287858486 0.205127895 -0.068905368 2.925996452 0 0 0 0
1489239916.312793255 0.205536336 -0.071210191 2.918301713 0 0 0 0
1489239916.337733746 0.205806389 -0.073612072 2.910415373 0 0 0 0
1489239916.363200903 0.205683842 -0.076253466 2.901931087 0 0 0 0
1489239916.363220692 0.205684677 -0.078389131 2.893862727 0 0 0 0
1489239916.387888193 0.205867961 -0.080937594 2.886153021 0 0 0 0
1489239916.412728310 0.205816597 -0.083139040 2.877805604 0 0 0 0
1489239916.437738895 0.205545485 -0.085789405 2.869460180 0 0 0 0
1489239916.462769985 0.205139801 -0.088779166 2.861384409 0 0 0 0
1489239916.462802410 0.204743817 -0.091813721 2.853651603 0 0 0 0
1489239916.487773895 0.204362467 -0.094750121 2.845933512 0 0 0 0
1489239916.512716532 0.204214022 -0.098320611 2.838535787 0 0 0 0
1489239916.537699223 0.203421205 -0.101217374 2.829596865 0 0 0 0
1489239916.562803268 0.202617228 -0.104082726 2.822112067 0 0 0 0
1489239916.562828064 0.201642424 -0.106732674 2.814078413 0 0 0 0
1489239916.587607384 0.199828491 -0.108591028 2.805303936 0 0 0 0
1489239916.612734079 0.197731391 -0.110079750 2.796576090 0 0 0 0
1489239916.637754202 0.194953546 -0.110159189 2.787777395 0 0 0 0
1489239916.662596941 0.192105874 -0.109628558 2.779070176 0 0 0 0
1489239916.662682533 0.189292669 -0.108843155 2.769773425 0 0 0 0
1489239916.687706232 0.187442183 -0.109281719 2.758881805 0 0 0 0
1489239916.712649345 0.184622392 -0.109109610 2.753145581 0 0 0 0
1489239916.737731218 0.182205528 -0.108551480 2.744093858 0 0 0 0
1489239916.762782574 0.179737106 -0.107449770 2.734995701 0 0 0 0
1489239916.762804985 0.177105054 -0.106086880 2.725876228 0 0 0 0
1489239916.787686825 0.175040856 -0.105138324 2.717019910 0 0 0 0
1489239916.812767267 0.174516067 -0.104932636 2.706521350 0 0 0 0
1489239916.837711573 0.173313275 -0.104562871 2.700488559 0 0 0 0
1489239916.862636566 0.171827957 -0.104633860 2.692044353 0 0 0 0
1489239916.862649679 0.169898570 -0.104314744 2.682144846 0 0 0 0
1489239916.887721300 0.167946532 -0.104406431 2.673286080 0 0 0 0
1489239916.912720442 0.166317627 -0.105293162 2.664760231 0 0 0 0
1489239916.937653542 0.166176870 -0.107518561 2.654626369 0 0 0 0
1489239916.962709427 0.164700225 -0.109041534 2.647472625 0 0 0 0
1489239916.962784290 0.162543058 -0.110240325 2.638191416 0 0 0 0
1489239916.987652540 0.159945786 -0.110649683 2.627923750 0 0 0 0
1489239917.012645483 0.157701924 -0.111884013 2.619951182 0 0 0 0
1489239917.037704945 0.155696020 -0.113346443 2.610424181 0 0 0 0
1489239917.062590122 0.153567314 -0.114946552 2.601849387 0 0 0 0
1489239917.062621832 0.151309699 -0.116042279 2.592149597 0 0 0 0
1489239917.087736368 0.149022877 -0.116962932 2.582909783 0 0 0 0
1489239917.112779856 0.146877989 -0.118020482 2.572864700 0 0 0 0
1489239917.137863874 0.145155460 -0.119043358 2.564591708 0 0 0 0
1489239917.162647724 0.143344864 -0.119727634 2.554221603 0 0 0 0
1489239917.162701130 0.141775087 -0.120356627 2.545005540 0 0 0 0
1489239917.187689066 0.140400201 -0.121651083 2.535981155 0 0 0 0
1489239917.212771416 0.139340192 -0.122868218 2.527101715 0 0 0 0
1489239917.237757206 0.138294980 -0.123790286 2.517108054 0 0 0 0
1489239917.262839794 0.136997864 -0.124436229 2.508163832 0 0 0 0
1489239917.262872696 0.135357678 -0.125221625 2.498379735 0 0 0 0
1489239917.287776232 0.134106979 -0.126688853 2.490034189 0 0 0 0
1489239917.312695980 0.132796228 -0.128161520 2.481088731 0 0 0 0
1489239917.337827921 0.131550223 -0.129924595 2.471889573 0 0 0 0
1489239917.362779617 0.129825920 -0.131432548 2.463291872 0 0 0 0
1489239917.362795830 0.127826184 -0.132625833 2.453941774 0 0 0 0
1489239917.387608051 0.126835689 -0.135194600 2.443086253 0 0 0 0
1489239917.412700891 0.125451192 -0.137685478 2.434237387 0 0 0 0
1489239917.437677860 0.123909995 -0.139754862 2.425047086 0 0 0 0
1489239917.462688208 0.121528752 -0.140416205 2.418418903 0 0 0 0
1489239917.462735415 0.119215488 -0.141537800 2.409877534 0 0 0 0
1489239917.487632513 0.117020205 -0.143106863 2.401198991 0 0 0 0
1489239917.512779951 0.115544625 -0.145411029 2.390575044 0 0 0 0
1489239917.537795067 0.113345966 -0.146628201 2.383640167 0 0 0 0
1489239917.562755346 0.111211434 -0.147853106 2.374324441 0 0 0 0
1489239917.562796354 0.109038264 -0.149255708 2.366043015 0 0 0 0
1489239917.587733269 0.107001983 -0.150806352 2.357427076 0 0 0 0
1489239917.612811089 0.104827769 -0.152231395 2.348436860 0 0 0 0
1489239917.637708902 0.103225201 -0.153620511 2.341802420 0 0 0 0
1489239917.662726641 0.101269819 -0.155308470 2.332142539 0 0 0 0
1489239917.663049936 0.099512443 -0.157221317 2.322987842 0 0 0 0
1489239917.687755346 0.098043293 -0.158676043 2.313949430 0 0 0 0
1489239917.712745190 0.096308559 -0.159872472 2.304746420 0 0 0 0
1489239917.737596035 0.095038451 -0.161418423 2.296063642 0 0 0 0
1489239917.762697220 0.094100550 -0.163069934 2.287444690 0 0 0 0
1489239917.762713909 0.093668640 -0.165137053 2.278835327 0 0 0 0
1489239917.787697554 0.093376338 -0.167308643 2.268428445 0 0 0 0
1489239917.812872648 0.092554659 -0.168645024 2.259725379 0 0 0 0
1489239917.837734222 0.091625042 -0.170180738 2.251609346 0 0 0 0
1489239917.862666845 0.090565450 -0.171749324 2.243037009 0 0 0 0
1489239917.862694502 0.089194886 -0.173037469 2.234754514 0 0 0 0
1489239917.887673855 0.087582305 -0.173934296 2.226038515 0 0 0 0
1489239917.912757874 0.085753351 -0.174877807 2.217323728 0 0 0 0
1489239917.937760592 0.083405018 -0.175038800 2.208689165 0 0 0 0
1489239917.962505817 0.081161797 -0.175218984 2.199948810 0 0 0 0
1489239917.962523699 0.078770153 -0.175408319 2.191618882 0 0 0 0
1489239917.987812996 0.076306351 -0.175415173 2.183306050 0 0 0 0
1489239918.012768745 0.073862650 -0.174619749 2.174626255 0 0 0 0
1489239918.037784100 0.071473785 -0.174077600 2.166180640 0 0 0 0
1489239918.063601494 0.069115154 -0.173369914 2.158291177 0 0 0 0
1489239918.063616991 0.066789776 -0.172900319 2.149731797 0 0 0 0
1489239918.087720394 0.064547226 -0.172871247 2.142081613 0 0 0 0
1489239918.112923622 0.062475398 -0.172387093 2.133258602 0 0 0 0
1489239918.137689590 0.060556993 -0.172479942 2.125748200 0 0 0 0
1489239918.162600040 0.058673114 -0.172427908 2.117799572 0 0 0 0
1489239918.162622690 0.056959361 -0.172479302 2.109927411 0 0 0 0
1489239918.187610388 0.055092640 -0.171726972 2.101473809 0 0 0 0
1489239918.212698698 0.053713996 -0.171790510 2.093085958 0 0 0 0
1489239918.237797499 0.052182633 -0.172007024 2.084327213 0 0 0 0
1489239918.262803078 0.050735194 -0.171821073 2.076178142 0 0 0 0
1489239918.262840033 0.049395788 -0.171753109 2.067491289 0 0 0 0
1489239918.287760973 0.048104368 -0.171370819 2.058703651 0 0 0 0
1489239918.312728643 0.046551466 -0.171666533 2.050937073 0 0 0 0
1489239918.337752819 0.045163777 -0.171940833 2.042288755 0 0 0 0
1489239918.362586260 0.043865800 -0.172443092 2.033766127 0 0 0 0
1489239918.362600088 0.042340629 -0.172309980 2.024935924 0 0 0 0
1489239918.387648344 0.040204298 -0.171977967 2.016214760 0 0 0 0
1489239918.412702084 0.038893465 -0.172008038 2.007463946 0 0 0 0
1489239918.437741041 0.037909802 -0.171967641 1.998686462 0 0 0 0
1489239918.462795973 0.036848806 -0.171692595 1.990038199 0 0 0 0
1489239918.462817430 0.035901342 -0.171191052 1.981272479 0 0 0 0
1489239918.487725496 0.034570154 -0.170562595 1.972613487 0 0 0 0
1489239918.512629271 0.033240877 -0.169732913 1.963739691 0 0 0 0
1489239918.537660837 0.032066531 -0.168541536 1.955124490 0 0 0 0
1489239918.562748909 0.030806454 -0.166783214 1.946308110 0 0 0 0
1489239918.562823534 0.029959861 -0.164843351 1.937718035 0 0 0 0
1489239918.587742567 0.029194035 -0.162551478 1.929651069 0 0 0 0
1489239918.612830877 0.028656073 -0.159580097 1.920949367 0 0 0 0
1489239918.637717724 0.028071756 -0.156983271 1.913343053 0 0 0 0
1489239918.662544966 0.027698543 -0.153825358 1.905070399 0 0 0 0
1489239918.662561178 0.027521722 -0.150527284 1.896996978 0 0 0 0
1489239918.687632799 0.027076786 -0.147105515 1.889385087 0 0 0 0
1489239918.712802887 0.026383266 -0.143399015 1.881785353 0 0 0 0
1489239918.737658978 0.025495775 -0.139738083 1.874963911 0 0 0 0
1489239918.762527704 0.024888417 -0.136040792 1.867191244 0 0 0 0
1489239918.762540817 0.023949018 -0.132069096 1.860275923 0 0 0 0
1489239918.787505865 0.023064695 -0.128266588 1.853631752 0 0 0 0
1489239918.812666893 0.022280032 -0.123970315 1.846563660 0 0 0 0
1489239918.837640524 0.021680955 -0.119795896 1.839788600 0 0 0 0
1489239918.862659693 0.020827375 -0.116118468 1.833403975 0 0 0 0
1489239918.862678766 0.020046510 -0.112616837 1.827470669 0 0 0 0
1489239918.887603521 0.019451799 -0.108710490 1.820786771 0 0 0 0
1489239918.912694216 0.018921081 -0.104930237 1.814775335 0 0 0 0
1489239918.937645197 0.018379835 -0.101622321 1.808726501 0 0 0 0
1489239918.962795496 0.017544890 -0.098148301 1.802486175 0 0 0 0
1489239918.962835073 0.016702022 -0.094456933 1.796402427 0 0 0 0
1489239918.987786055 0.015916439 -0.090717845 1.790629682 0 0 0 0
1489239919.012783766 0.015113150 -0.087006181 1.785088471 0 0 0 0
1489239919.037703037 0.014284006 -0.083313413 1.779421812 0 0 0 0
1489239919.062649727 0.013590376 -0.079407789 1.773559434 0 0 0 0
1489239919.062680244 0.012889016 -0.075457774 1.767909110 0 0 0 0
1489239919.087719202 0.012343721 -0.071175970 1.761863462 0 0 0 0
1489239919.112588882 0.011861249 -0.067041673 1.756299155 0 0 0 0
1489239919.137704611 0.011563787 -0.062561236 1.750188059 0 0 0 0
1489239919.162693501 0.011321137 -0.057561744 1.744306856 0 0 0 0
1489239919.162710428 0.010961633 -0.051828809 1.738588711 0 0 0 0
1489239919.187728405 0.010972319 -0.045937877 1.733276809 0 0 0 0
1489239919.212806940 0.011056893 -0.040520012 1.727823193 0 0 0 0
1489239919.237679243 0.011429764 -0.034877285 1.721920348 0 0 0 0
1489239919.262613058 0.012030308 -0.029136136 1.716121407 0 0 0 0
1489239919.262637615 0.012736411 -0.023461109 1.710417288 0 0 0 0
1489239919.287747860 0.013632829 -0.018032441 1.705186419 0 0 0 0
1489239919.312809944 0.014364298 -0.012750166 1.699804558 0 0 0 0
1489239919.337776899 0.014998874 -0.007529370 1.694251228 0 0 0 0
1489239919.362945080 0.015735382 -0.002811657 1.688974347 0 0 0 0
1489239919.362970591 0.016152551 0.001469068 1.684094377 0 0 0 0
1489239919.387581825 0.016619956 0.005274641 1.679427203 0 0 0 0
1489239919.412725925 0.016899966 0.008616349 1.674803671 0 0 0 0
1489239919.437679768 0.016830975 0.011374048 1.670418837 0 0 0 0
1489239919.462816477 0.016670624 0.013384975 1.666575194 0 0 0 0
1489239919.462870598 0.016330210 0.014694058 1.662745307 0 0 0 0
1489239919.487611532 0.015683489 0.015583227 1.659476779 0 0 0 0
1489239919.512767076 0.014929937 0.015924951 1.656110304 0 0 0 0
1489239919.537641287 0.013780086 0.015813507 1.653386869 0 0 0 0
1489239919.562716007 0.012666048 0.015559879 1.650344480 0 0 0 0
1489239919.562743902 0.011797454 0.015170441 1.647575916 0 0 0 0
1489239919.587731600 0.010902959 0.014908249 1.644466955 0 0 0 0
1489239919.612759352 0.010153028 0.014434528 1.641952091 0 0 0 0
1489239919.637765408 0.009370355 0.013724159 1.639770292 0 0 0 0
1489239919.662628651 0.008484135 0.012764866 1.637968954 0 0 0 0
1489239919.662650585 0.007722011 0.011868710 1.636189328 0 0 0 0
1489239919.687664032 0.007144562 0.010940790 1.634457547 0 0 0 0
1489239919.712836504 0.006223994 0.009639638 1.633561484 0 0 0 0
1489239919.737622023 0.005155234 0.008450138 1.632540207 0 0 0 0
1489239919.762634039 0.003982040 0.007270147 1.632121794 0 0 0 0
1489239919.762651682 0.002984686 0.006220826 1.631544965 0 0 0 0
1489239919.787605524 0.002308293 0.005092160 1.631588816 0 0 0 0
1489239919.812655210 0.001590159 0.004199248 1.631495040 0 0 0 0
1489239919.837697268 0.000909658 0.003685614 1.631388270 0 0 0 0
1489239919.862687588 0.000217255 0.003318571 1.631607517 0 0 0 0
1489239919.862709761 -0.000501047 0.003043705 1.631839175 0 0 0 0
1489239919.887621403 -0.001235946 0.003083067 1.632170152 0 0 0 0
1489239919.912744761 -0.001919519 0.003508174 1.632068628 0 0 0 0
1489239919.937683344 -0.002489996 0.004225904 1.632283203 0 0 0 0
1489239919.962837696 -0.003038696 0.005128711 1.632378478 0 0 0 0
1489239919.962858915 -0.003633698 0.006032318 1.632466392 0 0 0 0
1489239919.987760067 -0.004197328 0.006901056 1.632493237 0 0 0 0
1489239920.012776375 -0.004634290 0.007644307 1.632571509 0 0 0 0
1489239920.037843943 -0.005008478 0.008108920 1.632774390 0 0 0 0
1489239920.063364029 -0.005351065 0.008381613 1.632853572 0 0 0 0
1489239920.063378096 -0.005539458 0.008576123 1.632645779 0 0 0 0
1489239920.087745190 -0.005585315 0.008720821 1.632612795 0 0 0 0
1489239920.112797737 -0.005806100 0.008634291 1.632707017 0 0 0 0
1489239920.137566328 -0.006010347 0.008212209 1.632645655 0 0 0 0
1489239920.162661791 -0.006113039 0.007795961 1.632516266 0 0 0 0
1489239920.162677288 -0.006194870 0.007446491 1.632423016 0 0 0 0
1489239920.187958717 -0.006202607 0.007088669 1.632432618 0 0 0 0
1489239920.212777138 -0.006231277 0.006899931 1.632271878 0 0 0 0
1489239920.237633944 -0.006200414 0.006715366 1.632327820 0 0 0 0
1489239920.262661695 -0.006163969 0.006562711 1.632354589 0 0 0 0
1489239920.262679577 -0.006107644 0.006470063 1.632476214 0 0 0 0
1489239920.287793159 -0.006116841 0.006296943 1.632641756 0 0 0 0
1489239920.312714100 -0.005858043 0.006667994 1.632764866 0 0 0 0
1489239920.337780476 -0.005660242 0.006945235 1.632722448 0 0 0 0
1489239920.362621307 -0.005496730 0.007089327 1.632726008 0 0 0 0
1489239920.362655163 -0.005209872 0.007270218 1.632589861 0 0 0 0
1489239920.387679100 -0.005061889 0.007291308 1.632682728 0 0 0 0
1489239920.412809849 -0.004843073 0.007279915 1.632647300 0 0 0 0
1489239920.437715292 -0.004689225 0.007141092 1.632717397 0 0 0 0
1489239920.462633371 -0.004410284 0.006950566 1.632639603 0 0 0 0
1489239920.462697506 -0.004199531 0.006719571 1.632629501 0 0 0 0
1489239920.487638235 -0.004151693 0.006591611 1.632660903 0 0 0 0
1489239920.512664557 -0.003948339 0.006418430 1.632660272 0 0 0 0
1489239920.537743807 -0.003768333 0.006267924 1.632692162 0 0 0 0
1489239920.564172745 -0.003702695 0.006113284 1.632774459 0 0 0 0
1489239920.564191580 -0.003598659 0.005966074 1.632840330 0 0 0 0
1489239920.587734699 -0.003500136 0.005835091 1.632824214 0 0 0 0
1489239920.612873793 -0.003524530 0.005634163 1.632899267 0 0 0 0
1489239920.637778282 -0.003371465 0.005552629 1.632814662 0 0 0 0
1489239920.662608624 -0.003209376 0.005487652 1.632773959 0 0 0 0
1489239920.662628889 -0.003181946 0.005263850 1.632890104 0 0 0 0
1489239920.687692404 -0.003043699 0.004956341 1.632853291 0 0 0 0
1489239920.712797403 -0.002842113 0.004734822 1.632764591 0 0 0 0
1489239920.737749577 -0.002689431 0.004538112 1.632752177 0 0 0 0
1489239920.762665033 -0.002508535 0.004350596 1.632713817 0 0 0 0
1489239920.762701988 -0.002436687 0.004039928 1.632781455 0 0 0 0
1489239920.787472486 -0.002303554 0.003889061 1.632663987 0 0 0 0
1489239920.812641382 -0.002083339 0.003769946 1.632563523 0 0 0 0
1489239920.837686062 -0.001853596 0.003601147 1.632620797 0 0 0 0
1489239920.862718105 -0.001832884 0.003359031 1.632718224 0 0 0 0
1489239920.862794161 -0.001790570 0.003159771 1.632804999 0 0 0 0
1489239920.887647390 -0.001790313 0.003052847 1.632718648 0 0 0 0
1489239920.912576675 -0.001765443 0.002959299 1.632735516 0 0 0 0
1489239920.937748671 -0.001640570 0.002958571 1.632629806 0 0 0 0
1489239920.962710619 -0.001519679 0.002958444 1.632650387 0 0 0 0
1489239920.962743759 -0.001508513 0.003022789 1.632613211 0 0 0 0
1489239920.987916470 -0.001418789 0.003005482 1.632619519 0 0 0 0
1489239921.012655258 -0.001447990 0.002933946 1.632664827 0 0 0 0
1489239921.037469387 -0.001473985 0.002753910 1.632786688 0 0 0 0
1489239921.062596798 -0.001410070 0.002682730 1.632694584 0 0 0 0
1489239921.062610626 -0.001487119 0.002634375 1.632726566 0 0 0 0
1489239921.087779522 -0.001502538 0.002557872 1.632771666 0 0 0 0
1489239921.112641335 -0.001494058 0.002663233 1.632638509 0 0 0 0
1489239921.137803316 -0.001494981 0.002711117 1.632617685 0 0 0 0
1489239921.162757635 -0.001426582 0.002693978 1.632609263 0 0 0 0
1489239921.162775993 -0.001283907 0.002660388 1.632672841 0 0 0 0
1489239921.187606335 -0.001269354 0.002540317 1.632928213 0 0 0 0
1489239921.212672234 -0.001259806 0.002363227 1.632987045 0 0 0 0
1489239921.237682343 -0.001280417 0.002306728 1.632833479 0 0 0 0
1489239921.262653112 -0.001266122 0.002380154 1.632682777 0 0 0 0
1489239921.262666702 -0.001174880 0.002518843 1.632579905 0 0 0 0
1489239921.287638664 -0.001121883 0.002560307 1.632636240 0 0 0 0
1489239921.312774181 -0.001131466 0.002495843 1.632751033 0 0 0 0
1489239921.337726831 -0.001174167 0.002343557 1.632888247 0 0 0 0
1489239921.362667084 -0.001082566 0.002221730 1.632796624 0 0 0 0
1489239921.362685204 -0.000981618 0.002128421 1.632747141 0 0 0 0
1489239921.387749910 -0.000936729 0.002063896 1.632703297 0 0 0 0
1489239921.412627935 -0.000975750 0.001993134 1.632725732 0 0 0 0
1489239921.437639713 -0.000954882 0.002029498 1.632643856 0 0 0 0
1489239921.462563753 -0.000855627 0.001981223 1.632661526 0 0 0 0
1489239921.462710857 -0.000863123 0.001895868 1.632633596 0 0 0 0
1489239921.487545013 -0.000872967 0.001904749 1.632678235 0 0 0 0
1489239921.512866259 -0.000839430 0.001796318 1.632759530 0 0 0 0
1489239921.537657022 -0.000865518 0.001700658 1.632819242 0 0 0 0
1489239921.562615871 -0.000957578 0.001574374 1.632914185 0 0 0 0
1489239921.562650442 -0.001067456 0.001451134 1.632989663 0 0 0 0
1489239921.587641239 -0.001124970 0.001413018 1.632932566 0 0 0 0
1489239921.612551451 -0.001333385 0.001301578 1.633111867 0 0 0 0
1489239921.637589216 -0.001377542 0.001256520 1.633030415 0 0 0 0
1489239921.662615538 -0.001425841 0.001197822 1.633027368 0 0 0 0
1489239921.662639380 -0.001386449 0.001210631 1.633008148 0 0 0 0
1489239921.687674284 -0.001317283 0.001166677 1.633042370 0 0 0 0
1489239921.712762833 -0.001284477 0.001092470 1.633074580 0 0 0 0
1489239921.737622261 -0.001187767 0.001085735 1.633021111 0 0 0 0
1489239921.762588739 -0.001088326 0.001063842 1.632958784 0 0 0 0
1489239921.762608051 -0.000930712 0.001098591 1.632896566 0 0 0 0
1489239921.787732363 -0.000794365 0.001129455 1.632848166 0 0 0 0
1489239921.812639475 -0.000554823 0.001095699 1.632812148 0 0 0 0
1489239921.837532520 -0.000274926 0.001000136 1.632852259 0 0 0 0
