1489238729.629281998 0 0 0 0 0 0 0
1489238729.688287258 0 0 0 0 0 0 0
1489238729.720974684 0 -0.0229624 0 0 0 0 0
1489238729.789192677 0 -0.00459247 0 0 0 0 0
1489238729.857514143 0 -0.00436285 0 0 0 0 0
1489238729.887450695 0 -0.00385768 0 0 0 0 0
1489238729.959055662 0 -0.00303333 0 0 0 0 0
1489238729.988679647 0 -0.00185123 0 0 0 0 0
1489238730.058770418 0 -0.00142915 0 0 0 0 0
1489238730.123707771 0 -0.0241768 0 0 0 0 0
1489238730.191309929 0 -0.0497981 0 0 0 0 0
1489238730.231505394 0 -0.0138216 0 0 0 0 0
1489238730.295153856 0 -0.0716861 0 0 0 0 0
1489238730.360772133 0 -0.0912306 0 0 0 0 0
1489238730.391330719 0 -0.131119 0 0 0 0 0
1489238730.462882042 0 -0.121199 0 0 0 0 0
1489238730.525275946 -0.0120392 -0.128793 0 0 0 0 0
1489238730.562725544 -0.022466 -0.101697 0 0 0 0 0
1489238730.626027107 -0.0300322 -0.129477 0 0 0 0 0
1489238730.689878702 -0.0458732 -0.0953545 0 0 0 0 0
1489238730.733326912 -0.0511058 -0.0551019 0 0 0 0 0
1489238730.795033932 -0.0577482 -0.0190289 0 0 0 0 0
1489238730.861332655 -0.0479646 -0.0846863 0 0 0 0 0
1489238730.891790152 -0.0256594 -0.0793566 0 0 0 0 0
1489238730.963545084 -0.0206567 -0.158756 0 0 0 0 0
1489238731.028482199 -0.00409645 -0.133985 0 0 0 0 0
1489238731.061608791 -0.00888196 -0.130754 0 0 0 0 0
1489238731.129975080 -0.0167269 -0.142944 0 0 0 0 0
1489238731.192685604 -0.0300769 -0.105445 0 0 0 0 0
1489238731.225121498 -0.0327761 -0.178007 0 0 0 0 0
1489238731.291205883 -0.0131835 -0.117682 0 0 0 0 0
1489238731.356442451 -0.0113972 -0.182984 0 0 0 0 0
1489238731.422459841 -0.00903841 -0.191016 0 0 0 0 0
1489238731.459202528 -0.00647441 -0.168032 0 0 0 0 0
1489238731.521244764 -0.00444954 -0.255812 0 0 0 0 0
1489238731.591023684 0.0181952 -0.233697 0 0 0 0 0
1489238731.623928070 0.00187226 -0.271142 0 0 0 0 0
1489238731.693464041 0.0131377 -0.306766 0 0 0 0 0
1489238731.724866867 0.00450542 -0.305496 0 0 0 0 0
1489238731.790382385 0.00396872 -0.352131 0 0 0 0 0
1489238731.867023706 0.0126781 -0.287799 0 0 0 0 0
1489238731.924853325 0.00423835 -0.454788 0 0 0 0 0
1489238731.962807178 0.0231632 -0.26372 0 0 0 0 0
1489238732.025770426 0.00673463 -0.405767 0 0 0 0 0
1489238732.093619823 0.00587914 -0.335454 0 0 0 0 0
1489238732.124811649 0.00471426 -0.417701 0 0 0 0 0
1489238732.193760157 0.00365635 -0.372685 0 0 0 0 0
1489238732.259485960 0.00236305 -0.396584 0 0 0 0 0
1489238732.323672295 0.00178645 -0.392556 0 0 0 0 0
1489238732.361306906 0.0013131 -0.355703 0 0 0 0 0
1489238732.431043863 0.000949709 -0.392814 0 0 0 0 0
1489238732.460837364 0.000683703 -0.392545 0 0 0 0 0
1489238732.523065090 0.000499829 -0.421804 0 0 0 0 0
1489238732.599192381 0.000363147 -0.358062 0 0 0 0 0
1489238732.627822399 0.00026346 -0.403511 0 0 0 0 0
1489238732.693070889 0.000191332 -0.380274 0 0 0 0 0
1489238732.758659840 0.000139091 -0.399464 0 0 0 0 0
1489238732.828536510 0.000101021 -0.367052 0 0 0 0 0
1489238732.891030550 7.33742e-05 -0.455763 0 0 0 0 0
1489238732.924017191 5.33038e-05 -0.341695 0 0 0 0 0
1489238732.997075796 3.87236e-05 -0.357761 0 0 0 0 0
1489238733.061252356 2.81288e-05 -0.432342 0 0 0 0 0
1489238733.093807220 2.04334e-05 -0.335425 0 0 0 0 0
1489238733.162359715 1.48435e-05 -0.403777 0 0 0 0 0
1489238733.226639986 1.07828e-05 -0.379018 0 0 0 0 0
1489238733.261825323 -0.0213411 -0.468848 0 0 0 0 0
1489238733.328635931 -0.0155074 -0.409991 0 0 0 0 0
1489238733.390732288 -0.0183977 -0.391726 0 0 0 0 0
1489238733.424694061 -0.00813922 -0.470889 0 0 0 0 0
1489238733.487601757 -0.0189461 -0.288967 0 0 0 0 0
1489238733.564813137 -0.017354 -0.401963 0 0 0 0 0
1489238733.625238895 -0.00804652 -0.314628 0 0 0 0 0
1489238733.659568787 -0.0283949 -0.394299 0 0 0 0 0
1489238733.722474337 0.00237257 -0.323881 0 -2.77452 0 0 0
1489238733.790545225 -0.00545708 -0.42909 0 -2.56399 0 0 0
1489238733.829866171 -0.00397735 -0.323182 0 0 0 0 0
1489238733.890867233 0.00951754 -0.377973 0 -2.86115 0 0 0
1489238733.922227383 0.0248329 -0.542188 0 -5.56544 0 0 0
1489238733.997995138 0.0156377 -0.337782 0 -2.30353 0 0 0
1489238734.059933662 0.00760536 -0.517913 0 0 0 0 0
1489238734.123775244 0.0185921 -0.391964 0 -2.73384 0 0 0
1489238734.170017958 0.00766463 -0.427975 0 -3.77428 0 0 0
1489238734.233065844 0.0296927 -0.403549 0 -2.76826 0 0 0
1489238734.262671709 0.00932771 -0.463522 0 -5.89521 0 0 0
1489238734.332654715 0.00801552 -0.387235 0 -2.49393 0 0 0
1489238734.396998644 0.00635476 -0.570348 0 0 0 0 0
1489238734.462978363 0.00489069 -0.375196 0 0 0 0 0
1489238734.525839806 0.00319929 -0.580698 0 0 0 0 0
1489238734.562488317 0.00240971 -0.371699 0 0 0 0 0
1489238734.623492956 0.014082 -0.448947 0 0 0 0 0
1489238734.690047026 0.0150289 -0.481762 0 0 0 0 0
1489238734.731827736 0.0234979 -0.265829 0 0 0 0 0
1489238734.794702768 0.0084826 -0.547039 0 0 0 0 0
1489238734.823828459 0.0332188 -0.297217 0 0 0 0 0
1489238734.895183086 0.0215447 -0.444627 0 2.44599 0 0 0
1489238734.961425543 0.0113149 -0.405458 0 2.63476 0 0 0
1489238735.024002790 0.0212446 -0.468737 0 0 0 0 0
1489238735.062674522 0.00976157 -0.40798 0 0 0 0 0
1489238735.128131390 0.0188235 -0.409619 0 2.66638 0 0 0
1489238735.195165634 0.00791915 -0.501389 0 0 0 0 0
1489238735.225770235 0.00644575 -0.348581 0 0 0 0 0
1489238735.293068647 0.00484745 -0.451652 0 0 0 0 0
1489238735.359727383 0.00366944 -0.415918 0 0 0 0 0
1489238735.394138813 0.00250154 -0.341731 0 0 0 0 0
1489238735.465136290 0.00185776 -0.415339 0 0 0 0 0
1489238735.525493145 0.0013561 -0.397473 0 -2.89168 0 0 0
1489238735.594630480 0.00098351 -0.413892 0 2.52444 0 0 0
1489238735.625991821 0.0246631 -0.27282 0 0 0 0 0
1489238735.691386223 0.00530864 -0.487061 0 0 0 0 0
1489238735.764134169 0.015253 -0.251186 0 0 0 0 0
1489238735.797265291 0.00636238 -0.53375 0 0 0 0 0
1489238735.862529516 0.00532445 -0.367784 0 0 0 0 0
1489238735.925101519 0.00380998 -0.395018 0 0 0 0 0
1489238735.959287167 0.00295955 -0.463578 0 0 0 0 0
1489238736.023618698 0.00201397 -0.308773 0 0 0 0 0
1489238736.092817545 0.00149395 -0.351883 0 0 0 0 0
1489238736.126235962 0.00108734 -0.295102 0 0 0 0 0
1489238736.193811178 0.000790934 -0.343576 0 0 0 0 0
1489238736.266505957 0.000571381 -0.225558 0 0 0 0 0
1489238736.294013023 -0.0268919 -0.389334 0 0 0 0 0
1489238736.366678476 -0.00515922 -0.264106 0 0 0 0 0
1489238736.426101923 -0.00496895 -0.327791 0 0 0 0 0
1489238736.462570667 -0.0044283 -0.299456 0 0 0 0 0
1489238736.527498484 -0.00349152 -0.189618 0 0 0 0 0
1489238736.593703985 -0.0021174 -0.321557 0 -2.63623 0 0 0
1489238736.624209881 -0.00163849 -0.188298 0 0 0 0 0
1489238736.693265200 -0.00121587 -0.250259 0 -2.52744 0 0 0
1489238736.759838343 -0.000875264 -0.221404 0 0 0 0 0
1489238736.791971207 -0.000627153 -0.233521 0 0 0 0 0
1489238736.862583876 -0.000460232 -0.24191 0 -2.47169 0 0 0
1489238736.926741123 -0.000334439 -0.211656 0 0 0 0 0
1489238736.962024689 -0.000242401 -0.283222 0 0 0 0 0
1489238737.024459362 -0.000176027 -0.196391 0 0 0 0 0
1489238737.099741936 -0.000128021 -0.254605 0 -2.31837 0 0 0
1489238737.130571604 -9.29704e-05 -0.143631 0 0 0 0 0
1489238737.194987297 0.0232551 -0.217239 0 0 0 0 0
1489238737.260962725 0.0501579 -0.168532 0 0 0 0 0
1489238737.298848629 0.0531585 -0.212255 0 0 0 0 0
1489238737.363581657 0.090101 -0.154611 0 0 0 0 0
1489238737.426710606 0.127364 -0.209372 0 -2.76471 0 0 0
1489238737.463604927 0.128252 -0.176095 0 0 0 0 0
1489238737.526415110 0.164057 -0.176348 0 0 0 0 0
1489238737.593776941 0.180804 -0.146064 0 0 0 0 0
1489238737.623459339 0.206497 -0.134317 0 0 0 0 0
1489238737.693764448 0.198083 -0.0965648 0 0 0 0 0
1489238737.762065172 0.206854 -0.0628844 0 0 0 0 0
1489238737.825617552 0.21897 -0.0714174 0 0 0 0 0
1489238737.862523556 0.227077 -0.0400885 0 0 0 0 0
1489238737.925091505 0.240913 0.00614175 0 0 0 0 0
1489238737.991236925 0.262116 0.0189714 0 0 0 0 0
1489238738.022017479 0.268641 -0.00286417 0 0 0 0 0
1489238738.095336914 0.271923 -0.0195916 0 0 0 0 0
1489238738.160986185 0.293128 0.00928946 0 0 0 0 0
1489238738.192202091 0.30783 -0.0244635 0 0 0 0 0
1489238738.263362408 0.293944 0.047137 0 0 0 0 0
1489238738.327065706 0.301164 -0.0296401 0 0 0 0 0
1489238738.361937046 0.300552 0.128306 0 0 0 0 0
1489238738.424215317 0.294809 0.0247058 0 0 0 0 0
1489238738.492703915 0.280472 0.100294 0 0 0 0 0
1489238738.526545048 0.278611 0.0794724 0 0 0 0 0
1489238738.595050097 0.273884 0.0398245 0 0 0 0 0
1489238738.661349297 0.275316 0.0764349 0 0 0 0 0
1489238738.692289591 0.283699 -0.0142954 0 0 0 0 0
1489238738.765153408 0.263067 0.0989714 0 0 0 0 0
1489238738.825831890 0.284948 0.0025451 0 0 0 0 0
1489238738.862452030 0.282173 0.120229 0 0 0 0 0
1489238738.922826767 0.301412 0.0211779 0 0 0 0 0
1489238738.994099617 0.291808 0.0695973 0 0 0 0 0
1489238739.025276899 0.290599 0.0773955 0 0 0 0 0
1489238739.091048002 0.294614 0.0340479 0 0 0 0 0
1489238739.159388065 0.289655 0.0593866 0 0 0 0 0
1489238739.196122646 0.268465 -0.0535262 0 0 0 0 0
1489238739.261411905 0.290701 0.143432 0 2.67323 0 0 0
1489238739.319096804 0.220238 -0.0757953 0 0 0 0 0
1489238739.391160488 0.316609 0.108128 0 2.42193 0 0 0
1489238739.422799349 0.281303 -0.120417 0 0 0 0 0
1489238739.497184992 0.271589 0.102722 0 2.34633 0 0 0
1489238739.561927319 0.290018 -0.0716486 0 2.69581 0 0 0
1489238739.593482733 0.309336 0.13716 0 0 0 0 0
1489238739.663550138 0.307404 -0.021913 0 0 0 0 0
1489238739.726837635 0.3285 0.0853217 0 2.75778 0 0 0
1489238739.762013674 0.306727 0.00257313 0 0 0 0 0
1489238739.823992491 0.326505 0.0179796 0 0 0 0 0
1489238739.890628576 0.317349 0.0114184 0 0 0 0 0
1489238739.924920797 0.312878 0.00950402 0 0 0 0 0
1489238739.993377447 0.311786 0.0603618 0 0 0 0 0
1489238740.024482965 0.326393 0.0155388 0 0 0 0 0
1489238740.096574306 0.305078 0.0657409 0 2.421 0 0 0
1489238740.161340714 0.319171 0.0219904 0 0 0 0 0
1489238740.225121975 0.322706 0.101207 0 2.73643 0 0 0
1489238740.262725830 0.299076 -0.0489497 0 0 0 0 0
1489238740.324888706 0.324567 0.0833238 0 2.80767 0 0 0
1489238740.361570120 0.301351 8.04178e-05 0 0 0 0 0
1489238740.425540686 0.331135 0.0596129 0 2.72833 0 0 0
1489238740.491657257 0.32926 0.0178195 0 0 0 0 0
1489238740.560202599 0.326267 0.0714307 0 0 0 0 0
1489238740.594949245 0.335771 0.0661274 0 0 0 0 0
1489238740.662537098 0.332287 0.0509132 0 0 0 0 0
1489238740.724359274 0.34817 0.125263 0 2.82314 0 0 0
1489238740.761389256 0.331651 -0.0382042 0 0 0 0 0
1489238740.826187372 0.34246 0.158547 0 2.69349 0 0 0
1489238740.893970490 0.324819 -0.0143156 0 -2.57487 0 0 0
1489238740.925530672 0.333515 0.189839 0 0 0 0 0
1489238740.994494677 0.329637 0.049765 0 0 0 0 0
1489238741.061046124 0.334866 0.13515 0 -2.62253 0 0 0
1489238741.122409105 0.349633 0.0282993 0 0 0 0 0
1489238741.165961504 0.307776 0.0404009 0 0 0 0 0
1489238741.222940207 0.374902 0.133712 0 -3.06313 0 0 0
1489238741.292098522 0.346639 0.04239 0 0 0 0 0
1489238741.324988365 0.356534 0.0339899 0 0 0 0 0
1489238741.391301155 0.357425 0.0738229 0 0 0 0 0
1489238741.463572264 0.344675 0.0307877 0 0 0 0 0
1489238741.491491556 0.390775 0.0765173 0 0 0 0 0
1489238741.559731960 0.359549 0.0290034 0 0 0 0 0
1489238741.622241259 0.375136 0.0480632 0 -5.58422 0 0 0
1489238741.691301107 0.359304 0.0448914 0 -5.05454 0 0 0
1489238741.724534035 0.36445 0.022914 0 0 0 0 0
1489238741.790989637 0.36313 0.0514564 0 0 0 0 0
1489238741.858596325 0.348644 -0.00158366 0 -5.16319 0 0 0
1489238741.890387774 0.367633 0.0827662 0 0 0 0 0
1489238741.966641903 0.328122 0.022607 0 0 0 0 0
1489238742.026875257 0.360855 0.0193508 0 0 0 0 0
1489238742.061767340 0.347812 0.0154587 0 0 0 0 0
1489238742.127936602 0.345168 0.0123934 0 0 0 0 0
1489238742.192352057 0.360279 0.0078629 0 0 0 0 0
1489238742.223685265 0.368444 0.0538546 0 0 0 0 0
1489238742.297409296 0.342661 -0.057304 0 -2.36738 0 0 0
1489238742.368047953 0.262157 0.0830284 0 2.47078 0 0 0
1489238742.397882938 0.586706 -0.212631 0 5.84994 0 0 0
1489238742.461813927 0.420848 0.0608142 0 2.73002 0 0 0
1489238742.526128292 0.414079 -0.0843171 0 0 0 0 0
1489238742.563542128 0.398418 -0.00479138 0 0 0 0 0
1489238742.625237226 0.432375 0.00617597 0 0 0 0 0
1489238742.696850061 0.387006 -0.0572799 0 0 0 0 0
1489238742.731986761 0.39521 0.0274989 0 0 0 0 0
1489238742.799172163 0.401501 -0.0250577 0 0 0 0 0
1489238742.860203981 0.421442 0.00599226 0 0 0 0 0
1489238742.892597437 0.388897 -0.0490158 0 0 0 0 0
1489238742.962405205 0.394596 0.0114691 0 0 0 0 0
1489238743.023968220 0.406901 -0.00571222 0 0 0 0 0
1489238743.060125113 0.387509 -0.00402405 0 0 0 0 0
1489238743.125695705 0.392192 0.0199283 0 0 0 0 0
1489238743.192340374 0.399868 0.0709588 0 0 0 0 0
1489238743.259749651 0.387337 -0.0280457 0 0 0 0 0
1489238743.295648813 0.384362 0.132274 0 0 0 0 0
1489238743.366961956 0.373637 0.0303403 0 0 0 0 0
1489238743.424188852 0.42738 0.13158 0 0 0 0 0
1489238743.465824366 0.343657 0.0066373 0 0 0 0 0
1489238743.523228168 0.411878 0.056863 0 0 0 0 0
1489238743.593072653 0.378177 0.0270432 0 0 0 0 0
1489238743.624378681 0.385107 0.069132 0 0 0 0 0
1489238743.693928719 0.386526 0.0562769 0 0 0 0 0
1489238743.767942667 0.376166 -0.0336738 0 0 0 0 0
1489238743.799444914 0.405237 0.176756 0 0 0 0 0
1489238743.862193346 0.410861 0.00349918 0 0 0 0 0
1489238743.923527479 0.42035 0.0633724 0 0 0 0 0
1489238743.995378733 0.403667 0.0187449 0 0 0 0 0
1489238744.028097868 0.434715 0.0683228 0 0 0 0 0
1489238744.094322443 0.425584 0.000320762 0 0 0 0 0
1489238744.160316706 0.427973 0.0608494 0 0 0 0 0
1489238744.197254419 0.396112 -0.0612931 0 0 0 0 0
1489238744.259407282 0.437344 0.0244697 0 0 0 0 0
1489238744.324069738 0.420064 -0.0562374 0 0 0 0 0
1489238744.364741802 0.376845 0.00779057 0 0 0 0 0
1489238744.430728436 0.406825 -0.00749518 0 0 0 0 0
1489238744.497044563 0.405653 -0.0273671 0 0 0 0 0
1489238744.524936676 0.443224 -0.0624508 0 0 0 0 0
1489238744.591587305 0.411882 -0.039478 0 0 0 0 0
1489238744.660479069 0.406032 -0.0203747 0 0 0 0 0
1489238744.724704981 0.418117 -0.0292966 0 0 0 0 0
1489238744.768965483 0.360622 -0.0329441 0 0 0 0 0
1489238744.826593161 0.430667 -0.0670933 0 0 0 0 0
1489238744.894512415 0.390356 -0.000206541 0 0 0 0 0
1489238744.925237417 0.395225 -0.0881515 0 0 0 0 0
1489238744.992010117 0.40119 0.0414272 0 0 0 0 0
1489238745.060877800 0.37461 -0.117301 0 -2.53432 0 0 0
1489238745.092589378 0.383641 0.115942 0 0 0 0 0
1489238745.166156769 0.35617 -0.0354821 0 0 0 0 0
1489238745.226913214 0.396483 0.0500518 0 0 0 0 0
1489238745.261533499 0.385093 -0.163026 0 0 0 0 0
1489238745.325435638 0.40288 0.0241346 0 0 0 0 0
1489238745.362480640 0.378292 -0.0569185 0 0 0 0 0
1489238745.426966906 0.404097 -0.0913998 0 0 0 0 0
1489238745.497721195 0.388205 -0.011339 0 0 0 0 0
1489238745.525518417 0.412415 -0.128471 0 0 0 0 0
1489238745.595339060 0.393692 0.00361956 0 0 0 0 0
1489238745.663032532 0.377172 -0.112954 0 0 0 0 0
1489238745.724225998 0.403821 0.050398 0 0 0 0 0
1489238745.767498493 0.336203 -0.116998 0 0 0 0 0
1489238745.824210882 0.410385 -0.0269543 0 0 0 0 0
1489238745.890341520 0.37349 -0.0348984 0 0 0 0 0
1489238745.922031403 0.379697 -0.114943 0 0 0 0 0
1489238745.991338491 0.363224 0.0498695 0 -2.51826 0 0 0
1489238746.059688568 0.363308 -0.0999565 0 2.55351 0 0 0
1489238746.092048883 0.369491 0.0670278 0 0 0 0 0
1489238746.161569118 0.356583 -0.0347379 0 0 0 0 0
1489238746.225650072 0.368788 0.0658824 0 0 0 0 0
1489238746.260357141 0.333862 -0.0335815 0 0 0 0 0
1489238746.324767828 0.339494 0.0263497 0 0 0 0 0
1489238746.391594172 0.330055 -0.0173795 0 0 0 0 0
1489238746.425163269 0.325399 0.134568 0 0 0 0 0
1489238746.493470192 0.308191 0.0142742 0 0 0 0 0
1489238746.561990738 0.313906 0.154069 0 -2.54716 0 0 0
1489238746.591816187 0.334351 -0.0299546 0 0 0 0 0
1489238746.663018227 0.287643 0.0674414 0 0 0 0 0
1489238746.725046396 0.299803 0.10982 0 -2.81377 0 0 0
1489238746.794516087 0.281993 0.101615 0 0 0 0 0
1489238746.825536251 0.267929 0.163025 0 0 0 0 0
1489238746.895360470 0.247827 0.0837005 0 0 0 0 0
1489238746.961166382 0.235679 0.182312 0 -2.65224 0 0 0
1489238746.991499424 0.224259 0.0704007 0 0 0 0 0
1489238747.061662197 0.214738 0.175623 0 -2.48754 0 0 0
1489238747.125303745 0.206971 0.0445132 0 0 0 0 0
1489238747.161997318 0.1897 0.215045 0 0 0 0 0
1489238747.225395918 0.196459 0.118125 0 0 0 0 0
1489238747.294414759 0.186249 0.166989 0 0 0 0 0
1489238747.358540535 0.18975 0.109961 0 0 0 0 0
1489238747.397637844 0.17187 0.108001 0 0 0 0 0
1489238747.466079950 0.190062 0.192299 0 -2.55008 0 0 0
1489238747.496561766 0.190653 0.0740055 0 0 0 0 0
1489238747.564455748 0.203953 0.170496 0 0 0 0 0
1489238747.632529736 0.207334 0.0918819 0 0 0 0 0
1489238747.693942070 0.222944 0.20763 0 -2.84198 0 0 0
1489238747.723500967 0.23268 0.0506655 0 0 0 0 0
1489238747.791821718 0.242846 0.113921 0 0 0 0 0
1489238747.860227585 0.258886 0.121576 0 0 0 0 0
1489238747.891961575 0.264645 0.0568514 0 0 0 0 0
1489238747.962031126 0.277765 0.0756679 0 0 0 0 0
1489238748.026128769 0.297349 0.0415149 0 0 0 0 0
1489238748.061639071 0.288619 0.0314171 0 0 0 0 0
1489238748.124861002 0.297794 0.0585365 0 0 0 0 0
1489238748.192879438 0.278998 0.112634 0 0 0 0 0
1489238748.261177301 0.276179 0.0145452 0 0 0 0 0
1489238748.290861368 0.293129 0.103086 0 0 0 0 0
1489238748.367671251 0.260198 0.0858488 0 0 0 0 0
1489238748.426597118 0.290549 0.0397188 0 0 0 0 0
1489238748.459501028 0.277237 0.0774795 0 0 0 0 0
1489238748.522946119 0.258103 0.0115321 0 0 0 0 0
1489238748.559004068 0.239432 0.147088 0 0 0 0 0
1489238748.630221605 0.223781 0.0408814 0 0 0 0 0
1489238748.694830894 0.213354 0.0701184 0 0 0 0 0
1489238748.761576176 0.180612 0.0241959 0 0 0 0 0
1489238748.793223858 0.149946 0.0979498 0 0 0 0 0
1489238748.859575987 0.123568 0.0775235 0 0 0 0 0
1489238748.924575329 0.0990477 0.0823127 0 0 0 0 0
1489238748.963442564 0.06237 0.116341 0 0 0 0 0
1489238749.026394844 0.0352529 0.084034 0 0 0 0 0
1489238749.094222784 0.0324893 0.145959 0 0 0 0 0
1489238749.125192404 0.0229752 0.00907464 0 0 0 0 0
1489238749.193115473 0.0161122 0.148434 0 0 0 0 0
1489238749.258584499 0.0116803 0.0727749 0 0 0 0 0
1489238749.324060440 0.0201473 0.15966 0 0 0 0 0
1489238749.361105204 0.00854149 0.11893 0 0 0 0 0
1489238749.424596071 0.0185352 0.204296 0 0 0 0 0
1489238749.495959282 0.00758701 0.215034 0 0 0 0 0
1489238749.526753664 0.0061592 0.0935273 0 0 0 0 0
1489238749.591581821 0.0162376 0.332053 0 0 0 0 0
1489238749.660756826 0.00585686 0.209812 0 0 0 0 0
1489238749.700124979 0.00460228 0.340663 0 0 0 0 0
1489238749.762418509 0.0037307 0.245928 0 0 0 0 0
1489238749.825980425 0.014652 0.362233 0 2.74587 0 0 0
1489238749.862772942 0.00424307 0.317096 0 0 0 0 0
1489238749.925751925 0.0036496 0.314313 0 0 0 0 0
1489238749.993202925 -0.00811842 0.348119 0 0 0 0 0
1489238750.026429176 8.06615e-05 0.256952 0 0 0 0 0
1489238750.096253872 -0.000624518 0.387383 0 0 0 0 0
1489238750.161559343 -0.000742167 0.338948 0 0 0 0 0
1489238750.223417282 -0.000639966 0.387409 0 0 0 0 0
1489238750.258946419 -0.000297737 0.285539 0 0 0 0 0
1489238750.324585438 -0.000260985 0.420052 0 0 0 0 0
1489238750.362068415 -0.000197962 0.302677 0 0 0 0 0
1489238750.425524950 -0.000140512 0.384376 0 0 0 0 0
1489238750.493460894 -0.0111558 0.344284 0 0 0 0 0
1489238750.523551702 -0.00228509 0.427222 0 0 0 0 0
1489238750.593793392 -0.0128484 0.393687 0 0 0 0 0
1489238750.661966085 -0.00403506 0.394648 0 0 0 0 0
1489238750.694343090 -0.00352057 0.406562 0 0 0 0 0
1489238750.761266470 -0.0139328 0.380688 0 0 0 0 0
1489238750.829268694 -0.00436057 0.417023 0 0 0 0 0
1489238750.866729736 -0.00351585 0.34115 0 0 0 0 0
1489238750.923650742 -0.00292656 0.47928 0 0 0 0 0
1489238750.991501331 -0.0133163 0.384761 0 0 0 0 0
1489238751.060267210 -0.00367187 0.443941 0 0 0 0 0
1489238751.092969894 -0.00320027 0.418053 0 0 0 0 0
1489238751.162242174 -0.0026688 0.429346 0 2.51952 0 0 0
1489238751.225217104 -0.0020468 0.402909 0 2.77147 0 0 0
1489238751.261209965 -0.0013133 0.459229 0 0 0 0 0
1489238751.330919027 -0.000996574 0.485303 0 0 0 0 0
1489238751.393765450 -0.00073443 0.418792 0 0 0 0 0
1489238751.430795670 -0.000530042 0.506394 0 0 0 0 0
1489238751.494337559 -0.000381495 0.424587 0 0 0 0 0
1489238751.525572062 -0.000279077 0.467326 0 0 0 0 0
1489238751.593037605 -0.000202766 0.473491 0 0 0 0 0
1489238751.667150736 -0.0102825 0.445253 0 0 0 0 0
1489238751.727344275 -0.0270924 0.502364 0 0 0 0 0
1489238751.761278152 -0.00699509 0.437046 0 0 0 0 0
1489238751.823403835 -0.0185924 0.49676 0 0 0 0 0
1489238751.894845247 -0.0185056 0.500064 0 0 0 0 0
1489238751.923483133 -0.00854411 0.453024 0 0 0 0 0
1489238751.994687080 -0.00669366 0.490133 0 0 0 0 0
1489238752.058508635 -0.0171704 0.499558 0 0 0 0 0
1489238752.099292040 -0.00621782 0.409374 0 0 0 0 0
1489238752.160771608 -0.00491569 0.533688 0 0 0 0 0
1489238752.224120378 -0.0158252 0.526967 0 0 0 0 0
1489238752.259187460 -0.0268037 0.508212 0 0 0 0 0
1489238752.324113846 -0.0201065 0.451053 0 0 0 0 0
1489238752.393718719 -0.0206621 0.526193 0 0 0 0 0
1489238752.425412893 -0.0343206 0.392158 0 0 0 0 0
1489238752.491464615 -0.0246867 0.602873 0 0 0 0 0
1489238752.524222851 -0.013157 0.346221 0 0 0 0 0
1489238752.591548204 -0.0219569 0.503914 0 0 0 0 0
1489238752.658120155 -0.0218332 0.446831 0 0 0 0 0
1489238752.721443892 -0.0102102 0.490487 0 0 0 0 0
1489238752.759302139 -0.00817056 0.51039 0 0 0 0 0
1489238752.829344511 -0.0171713 0.395555 0 0 0 0 0
1489238752.861507654 -0.00677253 0.553773 0 0 0 0 0
1489238752.926016331 -0.0169023 0.420181 0 0 0 0 0
1489238752.993859291 -0.0175942 0.508765 0 0 0 0 0
1489238753.025435686 -0.031379 0.311246 0 0 0 0 0
1489238753.094685316 -0.0109438 0.533434 0 0 0 0 0
1489238753.162372112 -0.0205979 0.32506 0 0 0 0 0
1489238753.224733353 -0.00977875 0.574706 0 0 0 0 0
1489238753.262916565 -0.00770876 0.232606 0 0 0 0 0
1489238753.327815056 -0.00561554 0.492607 0 0 0 0 0
1489238753.362890959 -0.00428719 0.442522 0 0 0 0 0
1489238753.430268764 -0.00295958 0.30351 0 0 0 0 0
1489238753.493566751 -0.00218199 0.472561 0 0 0 0 0
1489238753.525157690 -0.00158983 0.25644 0 0 0 0 0
1489238753.593543291 -0.00115558 0.481969 0 0 0 0 0
1489238753.661482334 -0.0118923 0.274626 0 0 0 0 0
1489238753.694499731 -0.00281988 0.540219 0 0 0 0 0
1489238753.761613131 -0.0137354 0.322094 0 0 0 0 0
1489238753.829476118 -0.00441708 0.495639 0 0 0 0 0
1489238753.858603001 -0.00382033 0.292503 0 0 0 0 0
1489238753.928277254 -0.00294116 0.385976 0 0 0 0 0
1489238753.990717411 -0.00228976 0.439176 0 0 0 0 0
1489238754.023244619 -0.0245956 0.176688 0 0 0 0 0
1489238754.100176811 -0.00574772 0.447128 0 0 0 0 0
1489238754.162290335 -0.0173084 0.287901 0 0 0 0 0
1489238754.192142963 -0.00689789 0.465991 0 0 0 0 0
1489238754.258393764 -0.0171187 0.348542 0 0 0 0 0
1489238754.323841572 -0.00647665 0.397185 0 0 0 0 0
1489238754.368338585 -0.00541834 0.327657 0 0 0 0 0
1489238754.426786184 -0.00411193 0.337366 0 0 0 0 0
1489238754.496080399 -0.013979 0.303749 0 0 0 0 0
1489238754.526200771 -0.00427826 0.313496 0 0 0 0 0
1489238754.592544317 -0.0149571 0.339398 0 0 0 0 0
1489238754.660876036 -0.0272226 0.381834 0 -2.5542 0 0 0
1489238754.724257946 -0.0325179 0.256709 0 0 0 0 0
1489238754.761811733 -0.0122966 0.3581 0 0 0 0 0
1489238754.824799299 -0.0465842 0.212945 0 0 0 0 0
1489238754.893927097 -0.0592399 0.32565 0 -2.52479 0 0 0
1489238754.924729586 -0.0948512 0.0969821 0 0 0 0 0
1489238754.993680954 -0.0984947 0.314271 0 -2.53125 0 0 0
1489238755.063548565 -0.128191 0.131357 0 0 0 0 0
1489238755.123699665 -0.152764 0.26161 0 -2.90157 0 0 0
1489238755.159399748 -0.169579 0.0662524 0 0 0 0 0
1489238755.223882675 -0.179416 0.209381 0 -2.70665 0 0 0
1489238755.294064999 -0.20074 0.041764 0 0 0 0 0
1489238755.324334383 -0.215738 0.183449 0 0 0 0 0
1489238755.393518686 -0.240827 0.0455072 0 0 0 0 0
1489238755.459227085 -0.269617 0.131225 0 0 0 0 0
1489238755.522431612 -0.311814 0.101006 0 0 0 0 0
1489238755.566750526 -0.290218 0.121352 0 0 0 0 0
1489238755.624558449 -0.403704 0.145707 0 0 0 0 0
1489238755.693554878 -0.397565 0.118399 0 22.7663 0 0 0
1489238755.724054337 -0.4556 0.13655 0 -45.7799 0 0 0
1489238755.794348955 -0.440729 0.0657081 0 0 0 0 0
1489238755.859476089 -0.470173 0.0757991 0 0 0 0 0
1489238755.924537420 -0.479585 0.067664 0 0 0 0 0
1489238755.963277340 -0.446587 -0.000448726 0 0 0 0 0
1489238756.031892538 -0.471156 0.0646811 0 0 0 0 0
1489238756.097804785 -0.494806 0.000650125 0 0 0 0 0
1489238756.125751734 -0.533935 0.147457 0 0 0 0 0
1489238756.192414761 -0.520889 0.0360346 0 0 0 0 0
1489238756.260519505 -0.522018 0.0326246 0 0 0 0 0
1489238756.324909210 -0.540655 0.0733357 0 24.3951 0 0 0
1489238756.362743378 -0.503471 -0.0289789 0 0 0 0 0
1489238756.426112890 -0.532676 0.105025 0 0 0 0 0
1489238756.492973328 -0.53186 0.0143968 0 0 0 0 0
1489238756.528256655 -0.49784 0.0832208 0 0 0 0 0
1489238756.591517687 -0.542767 -0.00773722 0 0 0 0 0
1489238756.659623861 -0.505696 0.127834 0 2.56266 0 0 0
1489238756.691802502 -0.539056 -0.0598536 0 0 0 0 0
1489238756.760364532 -0.514824 0.065329 0 0 0 0 0
1489238756.823397160 -0.535626 -0.0192391 0 0 0 0 0
1489238756.859006643 -0.495581 0.0906703 0 0 0 0 0
1489238756.922841787 -0.516777 0.0658208 0 0 0 0 0
1489238756.961664677 -0.48918 -0.0105596 0 0 0 0 0
1489238757.031532526 -0.488221 0.0803234 0 0 0 0 0
1489238757.094027281 -0.523932 -0.0224448 0 0 0 0 0
1489238757.124531031 -0.523657 0.157432 0 0 0 0 0
1489238757.191528320 -0.514477 0.0244208 0 0 0 0 0
1489238757.261953115 -0.514239 0.0729022 0 0 0 0 0
1489238757.326124907 -0.539516 0.0913466 0 0 0 0 0
1489238757.361948013 -0.535265 -0.0652437 0 0 0 0 0
1489238757.428675413 -0.535303 0.166643 0 2.61561 0 0 0
1489238757.489267349 -0.589341 -0.0875528 0 -2.88046 0 0 0
1489238757.520303965 -0.569099 0.27155 0 5.62345 0 0 0
1489238757.593522310 -0.538998 0.0033228 0 0 0 0 0
1489238757.654148340 -0.576229 0.18954 0 -25.9096 0 0 0
1489238757.694882631 -0.522202 -0.0125213 0 0 0 0 0
1489238757.761273146 -0.55609 0.0963642 0 0 0 0 0
1489238757.791900635 -0.568433 0.159049 0 0 0 0 0
1489238757.864934683 -0.545547 -0.00717359 0 0 0 0 0
1489238757.925734520 -0.584964 0.216609 0 -28.7062 0 0 0
1489238757.962814808 -0.567084 -0.0989673 0 47.0689 0 0 0
1489238758.025048971 -0.573819 0.188781 0 2.80446 0 0 0
1489238758.091339111 -0.580221 -0.0237225 0 0 0 0 0
1489238758.129156590 -0.52643 0.163439 0 0 0 0 0
1489238758.193120480 -0.571647 0.066528 0 0 0 0 0
1489238758.259221077 -0.552744 0.158439 0 -23.7637 0 0 0
1489238758.322838306 -0.584949 -0.061159 0 -2.74349 0 0 0
1489238758.360025167 -0.525786 0.228199 0 0 0 0 0
1489238758.430001259 -0.534389 0.0556363 0 0 0 0 0
1489238758.463268757 -0.542834 -0.0430847 0 0 0 0 0
1489238758.525353193 -0.548832 0.212925 0 -2.81122 0 0 0
1489238758.592946529 -0.537634 0.00867849 0 0 0 0 0
1489238758.631378174 -0.485856 0.16886 0 0 0 0 0
1489238758.692569494 -0.55446 0.0051475 0 0 0 0 0
1489238758.762238741 -0.51296 0.134834 0 0 0 0 0
1489238758.823744059 -0.554343 0.0206518 0 0 0 0 0
1489238758.861206770 -0.508165 0.113455 0 0 0 0 0
1489238758.922959089 -0.56791 0.0759936 0 0 0 0 0
1489238758.964126110 -0.508099 0.0957215 0 0 0 0 0
1489238759.027442932 -0.573795 0.0429214 0 0 0 0 0
1489238759.098827362 -0.546768 0.0887877 0 0 0 0 0
1489238759.126412153 -0.628636 -0.0440622 0 0 0 0 0
1489238759.193747759 -0.580573 0.147346 0 -2.59199 0 0 0
1489238759.259668350 -0.590049 0.0111125 0 0 0 0 0
1489238759.291537523 -0.578143 0.142117 0 0 0 0 0
1489238759.360519171 -0.57675 0.00997921 0 0 0 0 0
1489238759.426076412 -0.565103 0.146284 0 2.6623 0 0 0
1489238759.456320286 -0.584895 -0.0041141 0 0 0 0 0
1489238759.522621632 -0.560238 0.0518651 0 0 0 0 0
1489238759.587636709 -0.56242 0.00179388 0 0 0 0 0
1489238759.621325493 -0.550833 0.104161 0 0 0 0 0
1489238759.692396641 -0.522891 0.0788869 0 0 0 0 0
1489238759.759048223 -0.54194 0.0229129 0 0 0 0 0
1489238759.789207935 -0.568903 0.101582 0 0 0 0 0
1489238759.861827135 -0.523157 0.0575217 0 0 0 0 0
1489238759.923664093 -0.5497 0.105806 0 0 0 0 0
1489238759.961392164 -0.511322 0.120671 0 0 0 0 0
1489238760.032190323 -0.520121 -0.0551806 0 0 0 0 0
1489238760.093420506 -0.531746 0.0695546 0 0 0 0 0
1489238760.122148037 -0.576762 0.0229912 0 0 0 0 0
1489238760.192437649 -0.507802 0.100974 0 -2.48305 0 0 0
1489238760.255054712 -0.543169 -0.0800416 0 0 0 0 0
1489238760.286231995 -0.510003 0.197511 0 0 0 0 0
1489238760.358821630 -0.490754 -0.0129572 0 0 0 0 0
1489238760.428776979 -0.490591 0.0133504 0 0 0 0 0
1489238760.457898617 -0.507832 0.0937975 0 0 0 0 0
1489238760.528724432 -0.48306 0.0187444 0 0 0 0 0
1489238760.590977430 -0.511845 0.0667334 0 0 0 0 0
1489238760.623015642 -0.508048 -0.0206497 0 0 0 0 0
1489238760.699598312 -0.458065 -0.00715745 0 0 0 0 0
1489238760.763936043 -0.476666 0.0497466 0 0 0 0 0
1489238760.793734074 -0.492527 -0.0150415 0 0 0 0 0
1489238760.866047144 -0.448969 0.00270546 0 0 0 0 0
1489238760.929930449 -0.469412 -0.0323461 0 0 0 0 0
1489238760.968287945 -0.410565 0.0340558 0 0 0 0 0
1489238761.021214724 -0.505901 0.0156592 0 0 0 0 0
1489238761.091160059 -0.436203 0.0695266 0 0 0 0 0
1489238761.123091459 -0.462898 0.0180425 0 0 0 0 0
1489238761.190618277 -0.451609 -0.027155 0 0 0 0 0
1489238761.260356426 -0.433326 0.0372995 0 0 0 0 0
1489238761.299750805 -0.413186 0.00866724 0 0 0 0 0
1489238761.359797001 -0.45363 0.005515 0 0 0 0 0
1489238761.424293518 -0.451551 0.00477529 0 0 0 0 0
1489238761.459371090 -0.435485 -0.0168837 0 0 0 0 0
1489238761.529316664 -0.41416 0.127095 0 -2.49527 0 0 0
1489238761.591379881 -0.433851 -0.0972982 0 -2.81218 0 0 0
1489238761.624156952 -0.398361 0.158452 0 0 0 0 0
1489238761.693692207 -0.391586 -0.0465987 0 0 0 0 0
1489238761.759974241 -0.360826 0.0790173 0 0 0 0 0
1489238761.791228771 -0.384703 -0.0282362 0 0 0 0 0
1489238761.860361576 -0.34226 -0.0339602 0 0 0 0 0
1489238761.922161818 -0.339832 -0.0418915 0 0 0 0 0
1489238761.992821693 -0.303387 0.0301447 0 0 0 0 0
1489238762.026254416 -0.277454 -0.0275131 0 0 0 0 0
1489238762.091574430 -0.267093 -0.0643222 0 0 0 0 0
1489238762.159465075 -0.219818 0.0170957 0 0 0 0 0
1489238762.223634005 -0.197179 -0.0893519 0 0 0 0 0
1489238762.260029554 -0.154269 0.0593776 0 0 0 0 0
1489238762.323512316 -0.15493 -0.133091 0 2.7493 0 0 0
1489238762.360657454 -0.12528 0.0146214 0 0 0 0 0
1489238762.423044205 -0.121744 -0.111818 0 0 0 0 0
1489238762.490017891 -0.099995 -0.0529248 0 0 0 0 0
1489238762.559366703 -0.0910304 -0.162429 0 0 0 0 0
1489238762.597224474 -0.0913275 -0.0508753 0 0 0 0 0
1489238762.661049128 -0.0715453 -0.139503 0 0 0 0 0
1489238762.724092007 -0.0659414 -0.185386 0 2.76848 0 0 0
1489238762.762309074 -0.0572597 -0.130131 0 0 0 0 0
1489238762.825531960 -0.0568267 -0.295896 0 2.7606 0 0 0
1489238762.890160561 -0.0533715 -0.243578 0 2.70055 0 0 0
1489238762.928272724 -0.0676403 -0.332016 0 4.57945 0 0 0
1489238762.992201567 -0.0535796 -0.291667 0 2.73011 0 0 0
1489238763.026995659 -0.0506295 -0.363009 0 0 0 0 0
1489238763.094430208 -0.0387347 -0.395473 0 2.58818 0 0 0
1489238763.160203934 -0.0240813 -0.430368 0 0 0 0 0
1489238763.222101927 -0.0183684 -0.463053 0 2.81969 0 0 0
1489238763.265392780 -0.0136908 -0.388244 0 0 0 0 0
1489238763.326390743 -0.022153 -0.529847 0 0 0 0 0
1489238763.392998457 -0.0208027 -0.468672 0 0 0 0 0
1489238763.424788237 -0.0334003 -0.61296 0 0 0 0 0
1489238763.491832018 -0.0351086 -0.489197 0 0 0 0 0
1489238763.563124657 -0.0362926 -0.526347 0 0 0 0 0
1489238763.590601444 -0.016905 -0.509231 0 0 0 0 0
1489238763.657497168 -0.0364637 -0.507209 0 0 0 0 0
1489238763.725369692 -0.0373479 -0.465036 0 0 0 0 0
1489238763.761856079 -0.037032 -0.452044 0 0 0 0 0
1489238763.824559450 -0.0414597 -0.511664 0 0 0 0 0
1489238763.890568495 -0.0421643 -0.492163 0 0 0 0 0
1489238763.925178766 -0.0419261 -0.417132 0 0 0 0 0
1489238763.992301702 -0.0430894 -0.421116 0 0 0 0 0
1489238764.058248281 -0.0439774 -0.449225 0 0 0 0 0
1489238764.127151012 -0.0433635 -0.448094 0 0 0 0 0
1489238764.163609028 -0.0422783 -0.405259 0 0 0 0 0
1489238764.220705032 -0.0609812 -0.450871 0 0 0 0 0
1489238764.267678738 -0.0570558 -0.409978 0 0 0 0 0
1489238764.325193405 -0.0661358 -0.421361 0 0 0 0 0
1489238764.391891241 -0.0637845 -0.458695 0 0 0 0 0
1489238764.457667112 -0.0656924 -0.412475 0 0 0 0 0
1489238764.499701977 -0.0679129 -0.410352 0 0 0 0 0
1489238764.523704767 -0.0957119 -0.429773 0 0 0 0 0
1489238764.593687534 -0.0712887 -0.415469 0 0 0 0 0
1489238764.660282135 -0.0950892 -0.434636 0 0 0 0 0
1489238764.724110126 -0.0897527 -0.353856 0 0 0 0 0
1489238764.762125731 -0.0836474 -0.416186 0 0 0 0 0
1489238764.824486017 -0.103494 -0.417204 0 0 0 0 0
1489238764.865616083 -0.0835022 -0.348978 0 0 0 0 0
1489238764.924697161 -0.121362 -0.420364 0 0 0 0 0
1489238764.991806030 -0.107296 -0.344348 0 -2.60074 0 0 0
1489238765.058990002 -0.109092 -0.444639 0 -2.59784 0 0 0
1489238765.093730211 -0.119092 -0.329698 0 0 0 0 0
1489238765.159214497 -0.102864 -0.348556 0 0 0 0 0
1489238765.224195719 -0.11251 -0.411862 0 -2.6859 0 0 0
1489238765.262182236 -0.0948447 -0.268894 0 0 0 0 0
1489238765.324878693 -0.111992 -0.406332 0 -2.78378 0 0 0
1489238765.391515970 -0.0981093 -0.315379 0 0 0 0 0
1489238765.424696922 -0.0968078 -0.352475 0 0 0 0 0
1489238765.492552519 -0.0942999 -0.348863 0 0 0 0 0
1489238765.560463428 -0.0930361 -0.307127 0 0 0 0 0
1489238765.592975140 -0.0935477 -0.349463 0 0 0 0 0
1489238765.658718348 -0.0812128 -0.28264 0 0 0 0 0
1489238765.718762636 -0.0568036 -0.269607 0 0 0 0 0
1489238765.784476280 -0.0718421 -0.283684 0 0 0 0 0
1489238765.804799795 -0.0726483 -0.438368 0 0 0 0 0
1489238765.893651247 -0.0773181 -0.357166 0 -3.92865 0 0 0
1489238765.925833702 -0.0597262 -0.318973 0 0 0 0 0
1489238765.991420031 -0.0573062 -0.381385 0 -2.66112 0 0 0
1489238766.058505535 -0.0541788 -0.360773 0 0 0 0 0
1489238766.093585968 -0.0292702 -0.43587 0 0 0 0 0
1489238766.160784483 -0.0450546 -0.429939 0 0 0 0 0
1489238766.223352432 -0.045696 -0.44644 0 0 0 0 0
1489238766.264289141 -0.0582325 -0.325415 0 0 0 0 0
1489238766.324684620 -0.0493449 -0.445392 0 0 0 0 0
1489238766.391197443 -0.0480134 -0.395872 0 0 0 0 0
1489238766.421408176 -0.0748412 -0.399605 0 0 0 0 0
1489238766.489938021 -0.0519388 -0.430117 0 -2.54682 0 0 0
1489238766.559956074 -0.0610672 -0.465096 0 -2.49268 0 0 0
1489238766.592703819 -0.0757652 -0.354811 0 0 0 0 0
1489238766.661554098 -0.0659797 -0.443555 0 -2.53496 0 0 0
1489238766.727038383 -0.0676774 -0.416264 0 -2.66526 0 0 0
1489238766.760568857 -0.0788676 -0.454757 0 0 0 0 0
1489238766.824434280 -0.0715967 -0.46229 0 -2.73282 0 0 0
1489238766.890921354 -0.0588122 -0.461547 0 -2.62507 0 0 0
1489238766.922433376 -0.0576101 -0.513768 0 -5.53861 0 0 0
1489238767.000494242 -0.0506927 -0.45249 0 -2.23586 0 0 0
1489238767.024715424 -0.0592541 -0.422764 0 0 0 0 0
1489238767.091467619 -0.0506626 -0.54172 0 -2.61464 0 0 0
1489238767.159233332 -0.04914 -0.442066 0 -2.57553 0 0 0
1489238767.223653555 -0.0375479 -0.444296 0 0 0 0 0
1489238767.260342598 -0.0638575 -0.394142 0 0 0 0 0
1489238767.324686050 -0.0491996 -0.543392 0 0 0 0 0
1489238767.390390158 -0.037063 -0.428535 0 0 0 0 0
1489238767.422568798 -0.0697432 -0.555401 0 0 0 0 0
1489238767.470668554 -0.0432378 -0.436663 0 0 0 0 0
1489238767.530091763 -0.0252753 -0.29119 0 0 0 0 0
1489238767.604216337 -0.0305021 -0.301964 0 0 0 0 0
1489238767.626301289 -0.119741 -1.1611 0 0 0 0 0
1489238767.701077700 -0.0432585 -0.448919 0 0 0 0 0
1489238767.761094093 -0.0684751 -0.696399 0 0 0 0 0
1489238767.823435545 -0.0577816 -0.662902 0 0 0 0 0
1489238767.858449697 -0.0535938 -0.468606 0 0 0 0 0
1489238767.923207283 -0.0515959 -0.551827 0 -24.2566 0 0 0
1489238767.990440130 -0.0499055 -0.49388 0 0 0 0 0
1489238768.021735907 -0.0259689 -0.525374 0 0 0 0 0
1489238768.089975595 -0.0425345 -0.499752 0 0 0 0 0
1489238768.160370827 -0.0306434 -0.447658 0 0 0 0 0
1489238768.222311497 -0.0418555 -0.544669 0 2.81774 0 0 0
1489238768.258368731 -0.0185195 -0.418857 0 0 0 0 0
1489238768.324132442 -0.0265956 -0.486318 0 0 0 0 0
1489238768.361995697 -0.0138148 -0.474823 0 0 0 0 0
1489238768.424463272 -0.010697 -0.489357 0 0 0 0 0
1489238768.492697954 -0.0188058 -0.458669 0 0 0 0 0
1489238768.522724867 -0.00807696 -0.411914 0 0 0 0 0
1489238768.591953278 -0.0170473 -0.505754 0 0 0 0 0
1489238768.660836220 -0.00703643 -0.36403 0 0 0 0 0
1489238768.694313049 -0.00571237 -0.571528 0 0 0 0 0
1489238768.769103050 -0.00430652 -0.360511 0 2.33364 0 0 0
1489238768.825620174 -0.00327417 -0.511695 0 3.08814 0 0 0
1489238768.860085249 -0.00222387 -0.44955 0 0 0 0 0
1489238768.924689531 -0.00165217 -0.347473 0 0 0 0 0
1489238768.990419388 -0.00120676 -0.457344 0 0 0 0 0
1489238769.028226376 -0.000875272 -0.233982 0 0 0 0 0
1489238769.093682766 -0.000632479 -0.436361 0 -2.6664 0 0 0
1489238769.130180359 -0.000461071 -0.288304 0 0 0 0 0
1489238769.190403700 -0.000334951 -0.35633 0 2.89809 0 0 0
1489238769.257650137 -0.000243162 -0.348433 0 2.59542 0 0 0
1489238769.322751522 -0.000176606 -0.369784 0 -2.68094 0 0 0
1489238769.360846758 -0.000128344 -0.353595 0 0 0 0 0
1489238769.426206589 0.0113996 -0.305168 0 -2.67034 0 0 0
1489238769.467652559 0.00223085 -0.385791 0 4.2111 0 0 0
1489238769.526560545 0.0276376 -0.291456 0 0 0 0 0
1489238769.592221498 0.0184358 -0.39298 0 -2.65809 0 0 0
1489238769.625639915 0.00862588 -0.243532 0 0 0 0 0
1489238769.694242954 0.00736586 -0.353025 0 -2.5441 0 0 0
1489238769.761925697 0.00599252 -0.249723 0 0 0 0 0
1489238769.824751616 0.00408776 -0.326105 0 -2.77804 0 0 0
1489238769.868021965 0.00288431 -0.254236 0 0 0 0 0
1489238769.926419258 0.00215757 -0.28377 0 -2.98872 0 0 0
1489238769.991756916 0.00157256 -0.254863 0 0 0 0 0
1489238770.023509741 0.00113097 -0.22982 0 0 0 0 0
1489238770.091479540 0.00082205 -0.224668 0 0 0 0 0
1489238770.122085333 0.00059919 -0.192654 0 0 0 0 0
1489238770.190732956 0.00043487 -0.195427 0 0 0 0 0
1489238770.260344028 0.000315606 -0.134289 0 0 0 0 0
1489238770.323866844 0.000229373 -0.14575 0 0 0 0 0
1489238770.363454580 0.000166662 -0.0595087 0 0 0 0 0
1489238770.425376654 0.000121043 -0.117571 0 0 0 0 0
1489238770.464385748 8.79255e-05 -0.0152477 0 0 0 0 0
1489238770.529237032 6.38764e-05 -0.0339236 0 0 0 0 0
1489238770.594078779 4.64015e-05 -0.0238044 0 0 0 0 0
1489238770.624290705 3.37064e-05 0.0821226 0 0 0 0 0
1489238770.694001198 2.44854e-05 -0.0451364 0 0 0 0 0
1489238770.763921261 1.7787e-05 0.0421538 0 0 0 0 0
1489238770.791697025 1.29209e-05 -0.0994091 0 0 0 0 0
1489238770.861273766 9.3861e-06 0.00760936 0 0 0 0 0
1489238770.929587364 6.81833e-06 -0.0334055 0 0 0 0 0
1489238770.965632677 4.95302e-06 0.00745034 0 0 0 0 0
1489238771.027380943 3.59801e-06 0.00442522 0 0 0 0 0
1489238771.094410896 2.61369e-06 -0.000957486 0 0 0 0 0
1489238771.126476526 1.89866e-06 0.0229547 0 0 0 0 0
1489238771.190686703 1.37924e-06 -0.0181165 0 0 0 0 0
1489238771.259126902 1.00192e-06 0.0109124 0 0 0 0 0
1489238771.294013500 7.2782e-07 -0.0198023 0 0 0 0 0
1489238771.361159801 5.28708e-07 -0.00298752 0 0 0 0 0
1489238771.424302816 3.84068e-07 -0.00338243 0 0 0 0 0
1489238771.459103107 2.78998e-07 -0.00255922 0 0 0 0 0
1489238771.526860714 2.02672e-07 -0.00230808 0 0 0 0 0
1489238771.591642618 1.47226e-07 -0.00133312 0 0 0 0 0
1489238771.624519825 1.06949e-07 -0.00103788 0 0 0 0 0
1489238771.691071033 7.76908e-08 -0.0120446 0 0 0 0 0
1489238771.758834839 5.64367e-08 0.00826311 0 0 0 0 0
1489238771.790326834 4.09972e-08 -0.000324504 0 0 0 0 0
1489238771.861271143 2.97815e-08 0.0104981 0 0 0 0 0
1489238771.925120354 2.16341e-08 -0.021236 0 0 0 0 0
1489238771.962008715 1.57156e-08 0.0180556 0 0 0 0 0
1489238772.019073963 1.14162e-08 0.00145929 0 0 0 0 0
1489238772.089940786 8.29307e-09 0.0014015 0 0 0 0 0
1489238772.160655260 6.02431e-09 -0.00937129 0 0 0 0 0
1489238772.191294909 4.37623e-09 -0.000615326 0 0 0 0 0
1489238772.268248081 3.17901e-09 -0.00131564 0 0 0 0 0
1489238772.326385975 2.30932e-09 -0.00122248 0 0 0 0 0
1489238772.366272449 1.67755e-09 -0.00097194 0 0 0 0 0
1489238772.428552151 1.21862e-09 -0.0125919 0 0 0 0 0
1489238772.493980885 8.8524e-10 0.00861953 0 0 0 0 0
1489238772.526933670 6.43063e-10 -0.0231006 0 0 0 0 0
1489238772.591924667 4.67139e-10 -0.00463498 0 0 0 0 0
1489238772.658997774 3.39342e-10 -0.0153502 0 0 0 0 0
1489238772.691757441 2.46508e-10 -0.00564438 0 0 0 0 0
1489238772.759293556 1.7907e-10 -0.00504994 0 0 0 0 0
1489238772.790309668 1.30081e-10 -0.00362342 0 0 0 0 0
