1489238993.943022966 0 0 0 0 0 0 0
1489238993.974917412 0 0 0 0 0 0 0
1489238993.989222050 0 0 0 0 0 0 0
1489238994.016331196 0 0 0 0 0 0 0
1489238994.125839710 0 0 0 0 0 0 0
1489238994.154660702 0 0.0260428 0 0 0 0 0
1489238994.264854670 0 -0.00841433 0 0 0 0 0
1489238994.309326172 0 0.0359791 0 0 0 0 0
1489238994.406361341 0 0.0162731 0 0 0 0 0
1489238994.426643133 0 0.0461198 0 0 0 0 0
1489238994.544489622 0 0.0212113 0 0 0 0 0
1489238994.566583395 0 0.0825315 0 0 0 0 0
1489238994.627264261 0 0.0374829 0 0 0 0 0
1489238994.682528734 0 0.0514666 0 0 0 0 0
1489238994.711115360 0 0.0777422 0 0 0 0 0
1489238994.738474607 0 0.0860118 0 0 0 0 0
1489238994.757209063 0 0.156077 0 0 0 0 0
1489238994.784825563 0 0.136001 0 0 0 0 0
1489238994.824430466 0 0.101003 0 0 0 0 0
1489238994.854345322 0 0.135781 0 0 0 0 0
1489238994.884799004 0 0.186944 0 0 0 0 0
1489238994.915879011 0 0.171256 0 0 0 0 0
1489238994.960948467 0 0.0975749 0 0 0 0 0
1489238994.987098455 0 0.242904 0 0 0 0 0
1489238995.019611120 0 0.182033 0 0 0 0 0
1489238995.054161310 0 0.17806 0 0 0 0 0
1489238995.087209225 0 0.182934 0 0 0 0 0
1489238995.118496180 0 0.213595 0 0 0 0 0
1489238995.155929089 0 0.217375 0 0 0 0 0
1489238995.185735703 0 0.278982 0 0 0 0 0
1489238995.218966722 0 0.164082 0 0 0 0 0
1489238995.253961802 0 0.23577 0 0 0 0 0
1489238995.283129454 0 0.367867 0 0 0 0 0
1489238995.318721533 0 0.22365 0 0 0 0 0
1489238995.353821039 0 0.131691 0 0 0 0 0
1489238995.386232376 0 0.293725 0 0 0 0 0
1489238995.419780493 0 0.387736 0 0 0 0 0
1489238995.455231905 0 0.230646 0 0 0 0 0
1489238995.487492800 -0.0232842 0.256576 0 0 0 0 0
1489238995.516748190 -0.00465685 0.370277 0 0 0 0 0
1489238995.556008101 -0.00442401 0.384412 0 0 0 0 0
1489238995.583698273 -0.0310394 0.467784 0 -113.455 0 0 0
1489238995.615944624 -0.00850139 0.294181 0 0 0 0 0
1489238995.654109716 -0.00703144 0.421959 0 0 0 0 0
1489238995.684285879 -0.00600664 0.393504 0 0 0 0 0
1489238995.715258598 -0.00465815 0.31597 0 0 0 0 0
1489238995.762790918 -0.00296084 0.305452 0 0 0 0 0
1489238995.784867764 -0.00224313 0.440923 0 0 0 0 0
1489238995.817437172 -0.0016589 0.41573 0 0 0 0 0
1489238995.853832722 -0.00119724 0.27812 0 0 0 0 0
1489238995.886966944 -0.000860638 0.335917 0 0 0 0 0
1489238995.917671442 -0.00062976 0.416973 0 0 0 0 0
1489238995.955584288 -0.0202708 0.320963 0 0 0 0 0
1489238995.984918594 -0.0299018 0.276585 0 0 0 0 0
1489238996.020426512 -0.00912699 0.457892 0 0 0 0 0
1489238996.055746555 -0.00836923 0.568526 0 0 0 0 0
1489238996.086515903 -0.0558725 0.128521 0 0 0 0 0
1489238996.117934704 -0.038746 0.313939 0 0 0 0 0
1489238996.157048225 -0.0174233 0.46885 0 0 0 0 0
1489238996.188552618 -0.0391456 0.348912 0 0 0 0 0
1489238996.219958305 -0.0649474 0.321327 0 0 0 0 0
1489238996.255328417 -0.0437784 0.370171 0 0 0 0 0
1489238996.288240194 -0.068931 0.454237 0 0 0 0 0
1489238996.316966534 -0.0811034 0.457238 0 0 0 0 0
1489238996.353108883 -0.0757529 0.33727 0 0 0 0 0
1489238996.385070801 -0.0599001 0.434808 0 0 0 0 0
1489238996.418516636 -0.0798185 0.475288 0 0 0 0 0
1489238996.452740192 -0.080477 0.392321 0 0 0 0 0
1489238996.484100103 -0.0857522 0.401577 0 0 0 0 0
1489238996.515821218 -0.0875598 0.492375 0 0 0 0 0
1489238996.553506613 -0.0623461 0.400961 0 0 0 0 0
1489238996.585329533 -0.0854117 0.520442 0 0 0 0 0
1489238996.616510868 -0.0876586 0.426121 0 0 0 0 0
1489238996.653305769 -0.0817862 0.411597 0 0 0 0 0
1489238996.686188936 -0.0640081 0.492238 0 0 0 0 0
1489238996.715168238 -0.0899478 0.513728 0 0 0 0 0
1489238996.757080555 -0.0580748 0.382314 0 0 0 0 0
1489238996.787076473 -0.0606397 0.573644 0 0 0 0 0
1489238996.818553686 -0.0807622 0.438822 0 0 0 0 0
1489238996.854256630 -0.0565927 0.426935 0 0 0 0 0
1489238996.887468338 -0.0550182 0.634488 0 0 0 0 0
1489238996.918247700 -0.0794108 0.263502 0 0 0 0 0
1489238996.956255198 -0.053596 0.429739 0 0 0 0 0
1489238996.985999107 -0.0562169 0.63926 0 0 0 0 0
1489238997.019011736 -0.0754828 0.455013 0 0 0 0 0
1489238997.055735111 -0.0533141 0.324796 0 0 0 0 0
1489238997.086848259 -0.0544299 0.604611 0 0 0 0 0
1489238997.115005255 -0.0559202 0.593647 0 0 0 0 0
1489238997.148596048 -0.0508165 0.376375 0 0 0 0 0
1489238997.190982103 -0.0443821 0.453521 0 0 0 0 0
1489238997.221025944 -0.0498149 0.53655 0 0 0 0 0
1489238997.254387379 -0.0244979 0.467642 0 0 0 0 0
1489238997.289237022 -0.0409055 0.475096 0 0 0 0 0
1489238997.319267511 -0.04407 0.441448 0 0 0 0 0
1489238997.355917931 -0.0198904 0.478899 0 0 0 0 0
1489238997.387636662 -0.0395862 0.516852 0 0 0 0 0
1489238997.420036077 -0.0405378 0.382104 0 0 0 0 0
1489238997.455067158 -0.018238 0.459598 0 0 0 0 0
1489238997.486644745 -0.0146814 0.581407 0 0 0 0 0
1489238997.515066147 -0.0117051 0.407728 0 0 0 0 0
1489238997.552779436 -0.00839392 0.39304 0 0 0 0 0
1489238997.583803892 -0.00581459 0.559592 0 0 0 0 0
1489238997.616557837 -0.00432658 0.424043 0 0 0 0 0
1489238997.655968189 -0.00316215 0.361755 0 0 0 0 0
1489238997.685484409 -0.00228257 0.516722 0 0 0 0 0
1489238997.716573000 -0.00165422 0.541854 0 0 0 0 0
1489238997.763162374 -0.017329 0.388252 0 0 0 0 0
1489238997.787879944 -0.0041003 0.471619 0 0 0 0 0
1489238997.820297718 -0.00369896 0.533577 0 0 0 0 0
1489238997.853926182 -0.00317045 0.421934 0 0 0 0 0
1489238997.886138678 -0.00246541 0.557211 0 0 0 0 0
1489238997.916716814 -0.00154356 0.546227 0 0 0 0 0
1489238997.954734802 -0.00118052 0.439384 0 0 0 0 0
1489238997.986870766 -0.000872701 0.526905 0 0 0 0 0
1489238998.018926382 -0.0240626 0.534751 0 0 0 0 0
1489238998.053641081 -0.00513865 0.386964 0 0 0 0 0
1489238998.085562468 -0.0283153 0.584966 0 0 0 0 0
1489238998.116420984 -0.00888375 0.498091 0 0 0 0 0
1489238998.155268669 -0.0270773 0.465329 0 0 0 0 0
1489238998.187564373 -0.00983649 0.431551 0 0 0 0 0
1489238998.218740463 -0.00833304 0.524073 0 0 0 0 0
1489238998.254113913 -0.0275294 0.580485 0 0 0 0 0
1489238998.287592888 -0.00909336 0.395646 0 0 0 0 0
1489238998.317120075 -0.0327132 0.570647 0 0 0 0 0
1489238998.360017300 -0.0110762 0.4327 0 0 0 0 0
1489238998.389752865 -0.00940803 0.493144 0 0 0 0 0
1489238998.422919750 -0.00726903 0.511946 0 0 0 0 0
1489238998.453788519 -0.00560829 0.539946 0 0 0 0 0
1489238998.487858534 -0.0257545 0.542127 0 0 0 0 0
1489238998.524217844 -0.00718944 0.347843 0 0 0 0 0
1489238998.562100887 -0.00622534 0.507863 0 0 0 0 0
1489238998.665214777 -0.00517935 0.322309 0 0 0 0 0
1489238998.690289736 -0.0339333 1.13047 0 0 0 0 0
1489238998.762521267 -0.00854557 0.43614 0 0 0 0 0
1489238998.795964718 -0.00762832 0.808174 0 0 0 0 0
1489238998.839235783 -0.0064598 0.529678 0 0 0 0 0
1489238998.896049738 -0.00498743 0.406567 0 0 0 0 0
1489238998.915218115 -0.00315657 0.654962 0 0 0 0 0
1489238998.934710979 -0.00240682 0.978451 0 0 0 0 0
1489238998.952167034 -0.00177658 0.877054 0 0 0 0 0
1489238998.985625982 -0.0237319 0.408003 0 0 0 0 0
1489238999.016577482 -0.00541137 0.683255 0 0 0 0 0
1489238999.054651976 -0.00494006 0.669608 0 0 0 0 0
1489238999.086328506 -0.0279755 0.58171 0 0 0 0 0
1489238999.120069981 -0.00806384 0.149794 0 0 0 0 0
1489238999.154978514 -0.00657367 0.820376 0 0 0 0 0
1489238999.188100815 -0.00556887 0.822057 0 0 0 0 0
1489238999.219242096 -0.0525477 -0.00590125 0 0 0 0 0
1489238999.256928444 -0.0124054 0.590069 0 0 0 0 0
1489238999.287434101 -0.0112488 0.634027 0 0 0 0 0
1489238999.318577766 -0.00964379 0.641438 0 0 0 0 0
1489238999.352426767 -0.0518676 0.282104 0 0 0 0 0
1489238999.387454271 -0.0135652 0.459826 0 0 0 0 0
1489238999.418294907 -0.01202 0.765548 0 0 0 0 0
1489238999.455128908 -0.0305011 0.425007 0 0 0 0 0
1489238999.484267473 -0.0118531 0.311439 0 0 0 0 0
1489238999.518082142 -0.00882606 0.669523 0 0 0 0 0
1489238999.553834200 -0.0071943 0.576309 0 0 0 0 0
1489238999.588857889 -0.0269206 0.375238 0 0 0 0 0
1489238999.619892836 -0.00793853 0.485868 0 0 0 0 0
1489238999.655413151 -0.00678654 0.582663 0 0 0 0 0
1489238999.714886904 -0.00559987 0.407196 0 0 0 0 0
1489238999.776219845 -0.0165253 0.33409 0 0 0 0 0
1489238999.796285868 -0.00522061 0.621918 0 0 0 0 0
1489238999.815719366 -0.00442223 0.862318 0 0 0 0 0
1489238999.833273649 -0.00360006 0.747097 0 0 0 0 0
1489238999.849108458 -0.0501696 1.11607 0 0 0 0 0
1489238999.880935192 -0.0348791 0.570524 0 0 0 0 0
1489238999.914759159 -0.0150824 0.710012 0 0 0 0 0
1489238999.957849264 -0.0308778 0.707502 0 0 0 0 0
1489238999.990925550 -0.0371445 0.451628 0 0 0 0 0
1489239000.021005392 -0.0153128 0.595414 0 0 0 0 0
1489239000.055519819 -0.0124761 0.619281 0 0 0 0 0
1489239000.084467888 -0.0100505 0.552991 0 0 0 0 0
1489239000.116443634 -0.00727003 0.543821 0 0 0 0 0
1489239000.151207209 -0.0265828 0.585686 0 0 0 0 0
1489239000.185077667 -0.00803592 0.373615 0 0 0 0 0
1489239000.217392206 -0.00682413 0.546563 0 0 0 0 0
1489239000.261034489 -0.005592 0.457496 0 0 0 0 0
1489239000.286840677 -0.00427475 0.472812 0 0 0 0 0
1489239000.319358349 -0.00277796 0.605839 0 0 0 0 0
1489239000.354881048 -0.0232434 0.518723 0 0 0 0 0
1489239000.386710882 -0.00577245 0.311938 0 0 0 0 0
1489239000.417029381 -0.00513254 0.620525 0 0 0 0 0
1489239000.451791286 -0.00435562 0.512164 0 0 0 0 0
1489239000.483744621 -0.0268888 0.53452 0 0 0 0 0
1489239000.519827843 -0.00683297 0.406988 0 0 0 0 0
1489239000.556001186 -0.0060921 0.472063 0 0 0 0 0
1489239000.587136745 -0.00515003 0.596124 0 0 0 0 0
1489239000.620118618 -0.00397156 0.50779 0 0 0 0 0
1489239000.658941984 -0.00251767 0.355198 0 0 0 0 0
1489239000.688728333 -0.00191888 0.532809 0 0 0 0 0
1489239000.721415520 -0.00141608 0.63079 0 0 0 0 0
1489239000.755886793 -0.00102139 0.397633 0 0 0 0 0
1489239000.786888361 0.0234956 0.390452 0 0 0 0 0
1489239000.817757607 0.0286423 0.713751 0 0 0 0 0
1489239000.855786800 0.00907986 0.391043 0 0 0 0 0
1489239000.886245012 0.0330731 0.34277 0 0 0 0 0
1489239000.918802023 0.0350881 0.49476 0 0 0 0 0
1489239000.953661680 0.0574155 0.5266 0 0 0 0 0
1489239000.986768007 0.0205076 0.460081 0 0 0 0 0
1489239001.018059015 0.0658882 0.213634 0 0 0 0 0
1489239001.054832220 0.064604 0.597358 0 0 0 0 0
1489239001.086494207 0.0751749 0.413503 0 0 0 0 0
1489239001.119648933 0.0323398 0.42042 0 0 0 0 0
1489239001.154985905 0.0487564 0.365212 0 0 0 0 0
1489239001.186409473 0.0492546 0.350639 0 0 0 0 0
1489239001.216530561 0.0740338 0.536489 0 0 0 0 0
1489239001.252726793 0.0286876 0.549219 0 0 0 0 0
1489239001.282633543 0.0242059 0.243642 0 0 0 0 0
1489239001.325325727 0.0190104 0.237454 0 0 0 0 0
1489239001.357973814 0.0600196 0.625584 0 0 0 0 0
1489239001.389045000 0.0187105 0.429971 0 0 0 0 0
1489239001.417700291 0.0158564 0.346727 0 0 0 0 0
1489239001.454315662 0.0129303 0.331266 0 0 0 0 0
1489239001.485933542 0.0335943 0.406191 0 0 0 0 0
1489239001.519826889 0.0333423 0.452844 0 0 0 0 0
1489239001.554849148 0.0137935 0.309118 0 0 0 0 0
1489239001.587836742 0.0345373 0.391713 0 0 0 0 0
1489239001.619492769 0.0139904 0.356278 0 0 0 0 0
1489239001.655843496 0.0316897 0.307456 0 0 0 0 0
1489239001.687034369 0.0125799 0.386137 0 0 0 0 0
1489239001.720133543 0.0330899 0.337296 0 0 0 0 0
1489239001.754436731 0.0123734 0.348986 0 0 0 0 0
1489239001.786678791 0.0335785 0.244217 0 0 0 0 0
1489239001.817666054 0.0125097 0.348005 0 0 0 0 0
1489239001.855428219 0.0303227 0.217627 0 0 0 0 0
1489239001.886951923 0.0357463 0.280457 0 0 0 0 0
1489239001.919804335 0.0374926 0.295676 0 0 0 0 0
1489239001.952360868 0.039591 0.117312 0 0 0 0 0
1489239001.984481812 0.0420185 0.246945 0 0 0 0 0
1489239002.018514156 0.0419512 0.264961 0 0 0 0 0
1489239002.056640863 0.0205267 0.155922 0 0 0 0 0
1489239002.087191582 0.0411671 0.175194 0 0 0 0 0
1489239002.118832827 0.0413487 0.287043 0 0 0 0 0
1489239002.152870178 0.018595 0.178683 0 0 0 0 0
1489239002.185440540 0.0150644 0.0580187 0 0 0 0 0
1489239002.216344595 0.0363019 0.27017 0 0 0 0 0
1489239002.255546570 0.0326085 0.19069 0 0 0 0 0
1489239002.287232876 0.0381096 0.0697115 0 0 0 0 0
1489239002.321189642 0.039018 0.116672 0 0 0 0 0
1489239002.350078583 0.0706 0.0923501 0 0 0 0 0
1489239002.386183500 0.0670245 0.0524764 0 0 0 0 0
1489239002.416281223 0.0797176 0.0893768 0 0 0 0 0
1489239002.450341940 0.0791158 0.062852 0 0 0 0 0
1489239002.490785599 0.093733 0.0172834 0 0 0 0 0
1489239002.519496441 0.0942636 -0.080125 0 0 0 0 0
1489239002.552376509 0.113347 0.065805 0 0 0 0 0
1489239002.588914394 0.0912555 0.0470982 0 0 0 0 0
1489239002.622444391 0.116575 -0.0773993 0 0 0 0 0
1489239002.659591675 0.113715 0.0547757 0 0 0 0 0
1489239002.688799143 0.132178 -0.0697494 0 0 0 0 0
1489239002.719745398 0.132533 0.0131358 0 0 0 0 0
1489239002.753197908 0.130898 -0.0286648 0 0 0 0 0
1489239002.788144588 0.150942 -0.00799876 0 0 0 0 0
1489239002.818071365 0.170086 -0.00807337 0 0 0 0 0
1489239002.852868557 0.162723 -0.0697346 0 0 0 0 0
1489239002.883014202 0.179369 0.0324059 0 0 0 0 0
1489239002.925239086 0.155997 0.0303653 0 0 0 0 0
1489239002.957111359 0.177154 0.0271064 0 0 0 0 0
1489239002.994692802 0.164855 -0.0102422 0 0 0 0 0
1489239003.019822598 0.203679 0.156015 0 0 0 0 0
1489239003.055051327 0.17627 0.0978134 0 0 0 0 0
1489239003.082067490 0.202367 0.0710787 0 0 0 0 0
1489239003.115588903 0.185159 0.0887593 0 0 0 0 0
1489239003.155222416 0.189962 0.0649338 0 0 0 0 0
1489239003.186650753 0.214322 0.0382992 0 0 0 0 0
1489239003.216900349 0.248987 0.0794556 0 0 0 0 0
1489239003.254394293 0.230407 0.0726048 0 0 0 0 0
1489239003.285379410 0.259817 0.0335159 0 0 0 0 0
1489239003.325503588 0.234466 0.0461609 0 0 0 0 0
1489239003.356136322 0.268487 0.0744979 0 0 0 0 0
1489239003.386829138 0.273212 0.126624 0 0 0 0 0
1489239003.417730331 0.277206 -0.0543674 0 0 0 0 0
1489239003.454483986 0.257623 0.0995656 0 0 0 0 0
1489239003.485646248 0.278482 0.0763177 0 0 0 0 0
1489239003.548124790 0.207858 0.0190794 0 0 0 0 0
1489239003.576320171 0.282816 0.0225017 0 0 0 0 0
1489239003.601215601 0.309509 0.11042 0 0 0 0 0
1489239003.619290590 0.388386 0.114235 0 0 0 0 0
1489239003.654465675 0.290909 -6.2637e-05 0 0 0 0 0
1489239003.694372177 0.274471 0.0292898 0 0 0 0 0
1489239003.726133108 0.294749 0.0936897 0 0 0 0 0
1489239003.799834728 0.209783 0.0390209 0 0 0 0 0
1489239003.822357655 0.561729 -0.0418669 0 0 0 0 0
1489239003.891611814 0.262938 0.0299893 0 0 0 0 0
1489239003.920226574 0.540079 -0.0441566 0 0 0 0 0
1489239003.960809469 0.343685 0.0489164 0 0 0 0 0
1489239003.990969419 0.378473 0.00406538 0 0 0 0 0
1489239004.019173384 0.354203 -0.0213782 0 0 0 0 0
1489239004.054513454 0.337772 -0.0434596 0 0 0 0 0
1489239004.084458828 0.376394 0.0912136 0 0 0 0 0
1489239004.126400709 0.305657 0.027685 0 0 0 0 0
1489239004.156237364 0.345311 -0.111977 0 0 0 0 0
1489239004.187999249 0.334989 -0.0112944 0 0 0 0 0
1489239004.218922853 0.338218 0.0610899 0 0 0 0 0
1489239004.255893469 0.33025 0.00071034 0 0 0 0 0
1489239004.286020279 0.342083 0.00257725 0 0 0 0 0
1489239004.318262339 0.33161 -0.0171133 0 0 0 0 0
1489239004.353751183 0.336901 8.94663e-05 0 0 0 0 0
1489239004.385374784 0.334117 0.0689486 0 0 0 0 0
1489239004.414637089 0.347315 -0.0134294 0 0 0 0 0
1489239004.451576233 0.312199 0.00680969 0 0 0 0 0
1489239004.492110729 0.294515 0.00624686 0 0 0 0 0
1489239004.523665190 0.323809 0.0757358 0 0 0 0 0
1489239004.556693316 0.293985 -0.0066318 0 0 0 0 0
1489239004.588332415 0.318623 -0.0364472 0 0 0 0 0
1489239004.619047642 0.326121 0.121785 0 0 0 0 0
1489239004.657188177 0.276775 -0.017345 0 0 0 0 0
1489239004.687355518 0.300235 0.0357031 0 0 0 0 0
1489239004.721943140 0.280414 0.101698 0 0 0 0 0
1489239004.757704020 0.271134 -0.0119278 0 0 0 0 0
1489239004.788475513 0.286619 0.0155722 0 0 0 0 0
1489239004.818928003 0.313716 0.087223 0 0 0 0 0
1489239004.855790377 0.289514 0.0236726 0 0 0 0 0
1489239004.886979580 0.291685 0.0187788 0 0 0 0 0
1489239004.917307615 0.320844 0.0168076 0 0 0 0 0
1489239004.953953028 0.275549 0.0948357 0 0 0 0 0
1489239004.993291378 0.280546 -0.0136104 0 0 0 0 0
1489239005.023766041 0.316653 0.014123 0 0 0 0 0
1489239005.060193300 0.293357 0.0523168 0 0 0 0 0
1489239005.084484339 0.364468 -0.0149369 0 0 0 0 0
1489239005.116816521 0.348453 0.00559191 0 0 0 0 0
1489239005.153338194 0.334072 0.0253673 0 0 0 0 0
1489239005.185789347 0.355379 -0.0392247 0 0 0 0 0
1489239005.218523264 0.357837 -0.0042275 0 0 0 0 0
1489239005.257018089 0.312299 -0.00391288 0 0 0 0 0
1489239005.289690018 0.352307 0.0189024 0 0 0 0 0
1489239005.323595762 0.325942 -0.0213277 0 0 0 0 0
1489239005.356187344 0.35154 -0.0250627 0 0 0 0 0
1489239005.386955023 0.340945 0.0422731 0 0 0 0 0
1489239005.416871548 0.346892 -0.0215816 0 0 0 0 0
1489239005.457203865 0.302343 -0.00154801 0 0 0 0 0
1489239005.487784147 0.336121 -0.0251173 0 0 0 0 0
1489239005.518838644 0.333634 0.0430394 0 0 0 0 0
1489239005.553149462 0.317975 -0.0182695 0 0 0 0 0
1489239005.584665775 0.32921 -0.0474183 0 0 0 0 0
1489239005.616261244 0.33013 0.0383359 0 0 0 0 0
1489239005.656348228 0.295056 -0.0178443 0 0 0 0 0
1489239005.686702967 0.330575 -0.0529277 0 0 0 0 0
1489239005.717791796 0.328981 0.0123436 0 0 0 0 0
1489239005.754309893 0.325953 0.0357692 0 0 0 0 0
1489239005.786598444 0.325198 -0.0901637 0 0 0 0 0
1489239005.817329645 0.358906 -0.111776 0 0 0 0 0
1489239005.857155085 0.301636 0.0625482 0 0 0 0 0
1489239005.885803223 0.372745 -0.116284 0 0 0 0 0
1489239005.917387009 0.362212 -0.00579567 0 0 0 0 0
1489239005.953676939 0.342056 -0.0179358 0 0 0 0 0
1489239005.988916636 0.324312 -0.0768554 0 0 0 0 0
1489239006.018767357 0.372343 0.0258337 0 0 0 0 0
1489239006.055023193 0.320462 -0.00844493 0 0 0 0 0
1489239006.084294081 0.349117 -0.0576814 0 0 0 0 0
1489239006.117227793 0.353811 0.00872822 0 0 0 0 0
1489239006.151595354 0.348649 -0.00645937 0 0 0 0 0
1489239006.191060781 0.326005 -0.0442104 0 0 0 0 0
1489239006.219499588 0.35523 -0.0382151 0 0 0 0 0
1489239006.254580498 0.32239 -0.0358798 0 0 0 0 0
1489239006.285736561 0.336565 0.0305298 0 0 0 0 0
1489239006.318348646 0.305696 -0.00530804 0 0 0 0 0
1489239006.352549791 0.315368 -0.0897651 0 0 0 0 0
1489239006.385743618 0.294483 -0.0174902 0 0 0 0 0
1489239006.416837215 0.322708 0.00817226 0 0 0 0 0
1489239006.457180738 0.267252 -0.010231 0 0 0 0 0
1489239006.487308025 0.296673 -0.106712 0 0 0 0 0
1489239006.521238089 0.27925 0.0876726 0 0 0 0 0
1489239006.554874420 0.277204 -0.0660305 0 0 0 0 0
1489239006.587026596 0.257173 -0.104616 0 0 0 0 0
1489239006.619275808 0.252237 0.0424269 0 0 0 0 0
1489239006.657228708 0.229667 -0.00942651 0 0 0 0 0
1489239006.688164473 0.244755 -0.033547 0 0 0 0 0
1489239006.721409559 0.234458 0.0134657 0 0 0 0 0
1489239006.755333662 0.207754 -0.244538 0 0 0 0 0
1489239006.786622286 0.208709 -0.0507138 0 0 0 0 0
1489239006.816382885 0.260031 0.507699 0 0 0 0 0
1489239006.855461121 0.173478 0.0701522 0 0 0 0 0
1489239006.887405396 0.151989 -0.538023 0 0 0 0 0
1489239006.919696093 0.232435 0.485775 0 0 0 0 0
1489239006.954429150 0.186142 0.394611 0 0 0 0 0
1489239006.986819744 0.18873 -0.385135 0 0 0 0 0
1489239007.017042398 0.195929 0.00384111 0 0 0 0 0
1489239007.050366879 0.232978 0.389646 0 0 0 0 0
1489239007.093157768 0.174383 0.0597224 0 0 0 0 0
1489239007.122939825 0.199742 -0.402125 0 0 0 0 0
1489239007.155409098 0.214874 -0.0323101 0 0 0 0 0
1489239007.186847448 0.245384 0.292919 0 0 0 0 0
1489239007.217599630 0.207707 -0.0567112 0 0 0 0 0
1489239007.254291296 0.191714 -0.11348 0 0 0 0 0
1489239007.284334898 0.229794 0.0464398 0 0 0 0 0
1489239007.316280365 0.225327 0.189206 0 0 0 0 0
1489239007.353027582 0.190857 0.0306236 0 0 0 0 0
1489239007.388332367 0.189643 -0.0940845 0 0 0 0 0
1489239007.417218685 0.230601 0.110955 0 0 0 0 0
1489239007.448911190 0.223428 0.115334 0 0 0 0 0
1489239007.488137960 0.184381 -0.00643603 0 0 0 0 0
1489239007.522653580 0.211749 0.000658043 0 0 0 0 0
1489239007.552137136 0.231268 0.0926201 0 0 0 0 0
1489239007.589680672 0.207665 -0.0162387 0 0 0 0 0
1489239007.616202354 0.248231 0.0386899 0 0 0 0 0
1489239007.654972076 0.211386 0.053317 0 0 0 0 0
1489239007.687268972 0.228133 0.019474 0 0 0 0 0
1489239007.719662666 0.228485 0.0149494 0 0 0 0 0
1489239007.753108501 0.225764 -0.00926449 0 0 0 0 0
1489239007.786320925 0.225894 0.0728009 0 0 0 0 0
1489239007.817512751 0.23371 -0.00842421 0 0 0 0 0
1489239007.856511593 0.210933 0.00905632 0 0 0 0 0
1489239007.889414787 0.225269 0.0986116 0 0 0 0 0
1489239007.914597988 0.260501 -0.0357312 0 0 0 0 0
1489239007.951002836 0.221838 0.00812992 0 0 0 0 0
1489239007.988500834 0.23671 0.0866465 0 0 0 0 0
1489239008.017616510 0.272728 0.277699 0 0 0 0 0
1489239008.051848412 0.213035 -0.590227 0 0 0 0 0
1489239008.083631039 0.283722 0.121609 0 0 0 0 0
1489239008.117443323 0.261103 0.411859 0 0 0 0 0
1489239008.154458523 0.210893 -0.106746 0 0 0 0 0
1489239008.185010433 0.218715 -0.222595 0 0 0 0 0
1489239008.214925766 0.266333 0.237637 0 0 0 0 0
1489239008.250716925 0.225156 0.149883 0 0 0 0 0
1489239008.282563925 0.211745 -0.150521 0 0 0 0 0
1489239008.323493242 0.205456 0.00501227 0 0 0 0 0
1489239008.353302240 0.259882 0.282271 0 0 0 0 0
1489239008.385168791 0.233089 0.049648 0 0 0 0 0
1489239008.416878700 0.235177 -0.191457 0 0 0 0 0
1489239008.451881647 0.247021 0.0834069 0 0 0 0 0
1489239008.486496210 0.25119 0.137145 0 0 0 0 0
1489239008.517501593 0.243599 0.0232767 0 0 0 0 0
1489239008.553307295 0.248734 -0.185631 0 0 0 0 0
1489239008.586358070 0.260123 0.188639 0 0 0 0 0
1489239008.619111061 0.309729 -0.347594 0 0 0 0 0
1489239008.657268286 0.295507 0.413475 0 0 0 0 0
1489239008.688156605 0.265604 0.0401383 0 0 0 0 0
1489239008.718287945 0.291005 -1.15097 0 0 0 0 0
1489239008.756006241 0.322316 0.476382 0 0 0 0 0
1489239008.785765409 0.326141 -0.0526819 0 0 0 0 0
1489239008.816191673 0.304086 -0.446871 0 0 0 0 0
1489239008.854525089 0.274095 -0.381311 0 0 0 0 0
1489239008.885804892 0.341278 0.499146 0 0 0 0 0
1489239008.917570829 0.297968 -0.00468868 0 0 0 0 0
1489239008.953271627 0.300684 -0.428048 0 0 0 0 0
1489239008.986323118 0.334483 0.0807926 0 0 0 0 0
1489239009.016083241 0.360787 0.354755 0 0 0 0 0
1489239009.060286522 0.286251 -0.0618506 0 0 0 0 0
1489239009.083709717 0.384337 -0.260879 0 0 0 0 0
1489239009.115576506 0.361186 0.166491 0 0 0 0 0
1489239009.152357340 0.319512 0.189381 0 0 0 0 0
1489239009.187119246 0.32209 -0.139067 0 0 0 0 0
1489239009.219925880 0.327959 0.00419888 0 0 0 0 0
1489239009.254971266 0.335389 0.0929119 0 0 0 0 0
1489239009.285830021 0.359194 0.13639 0 0 0 0 0
1489239009.319394112 0.327709 -0.0547691 0 0 0 0 0
1489239009.355139256 0.31646 -0.127981 0 0 0 0 0
1489239009.389355183 0.340768 0.138029 0 0 0 0 0
1489239009.420467615 0.359503 0.0580008 0 0 0 0 0
1489239009.455759287 0.32004 -0.0257679 0 0 0 0 0
1489239009.485037565 0.373083 0.0622226 0 0 0 0 0
1489239009.519029379 0.308203 0.286255 0 0 0 0 0
1489239009.554873466 0.314278 -0.980099 0 0 0 0 0
1489239009.589969397 0.462043 -0.148148 0 0 0 0 0
1489239009.620588541 0.189025 -0.144908 0 0 0 0 0
1489239009.657297373 0.276727 -1.68886 0 0 0 0 0
1489239009.684420586 0.367175 -0.423328 0 0 0 0 0
1489239009.717663050 0.360319 0.543265 0 0 0 0 0
1489239009.753694296 0.289351 -0.380954 0 0 0 0 0
1489239009.787385941 0.273949 -0.722981 0 0 0 0 0
1489239009.817903280 0.374114 -0.168579 0 0 0 0 0
1489239009.855503559 0.322689 0.445768 0 0 0 0 0
1489239009.885459423 0.338049 -0.55366 0 0 0 0 0
1489239009.915230036 0.318514 -0.399419 0 0 0 0 0
1489239009.959045410 0.31968 0.130173 0 0 0 0 0
1489239009.987053633 0.37621 0.281426 0 0 0 0 0
1489239010.016477108 0.350655 -0.425477 0 0 0 0 0
1489239010.055000782 0.330448 -0.0498352 0 0 0 0 0
1489239010.086004972 0.366117 0.420834 0 0 0 0 0
1489239010.119934559 0.33164 0.0482151 0 0 0 0 0
1489239010.153889179 0.326683 -0.240859 0 0 0 0 0
1489239010.186328411 0.353467 0.13748 0 0 0 0 0
1489239010.215967655 0.373916 0.270469 0 0 0 0 0
1489239010.253811359 0.335848 -0.0857952 0 0 0 0 0
1489239010.283074617 0.380293 -0.0518314 0 0 0 0 0
1489239010.318630934 0.35051 0.137343 0 0 0 0 0
1489239010.354826450 0.345452 0.0246378 0 0 0 0 0
1489239010.388454676 0.355189 -0.0732237 0 0 0 0 0
1489239010.416996717 0.387465 0.0790858 0 0 0 0 0
1489239010.454825640 0.341698 0.0538474 0 0 0 0 0
1489239010.491055489 0.365852 -0.00417531 0 0 0 0 0
1489239010.519752741 0.416512 0.0114894 0 0 0 0 0
1489239010.555981874 0.378328 0.0110106 0 0 0 0 0
1489239010.587669849 0.40516 0.0535736 0 0 0 0 0
1489239010.617609262 0.423532 0.0133065 0 0 0 0 0
1489239010.654225588 0.388771 0.0533699 0 0 0 0 0
1489239010.685058832 0.395615 0.0672643 0 0 0 0 0
1489239010.718983412 0.377189 -0.0187823 0 0 0 0 0
1489239010.753317833 0.391736 0.0779181 0 0 0 0 0
1489239010.787359238 0.392523 0.0442102 0 0 0 0 0
1489239010.817611217 0.393408 -0.0276071 0 0 0 0 0
1489239010.855556250 0.37376 0.0277435 0 0 0 0 0
1489239010.886379242 0.387566 0.0584272 0 0 0 0 0
1489239010.917565584 0.409323 -0.00877083 0 0 0 0 0
1489239010.954355955 0.380804 0.00840391 0 0 0 0 0
1489239010.988755465 0.391534 0.0294146 0 0 0 0 0
1489239011.019678831 0.41436 0.0577323 0 0 0 0 0
1489239011.054688931 0.371795 0.0163605 0 0 0 0 0
1489239011.084489107 0.421569 0.0152936 0 0 0 0 0
1489239011.117491722 0.405944 0.126472 0 0 0 0 0
1489239011.154353857 0.385722 -0.0289744 0 0 0 0 0
1489239011.186393499 0.386343 0.0155233 0 0 0 0 0
1489239011.217577934 0.43768 -0.0359677 0 0 0 0 0
1489239011.256343126 0.378754 0.211546 0 0 0 0 0
1489239011.287093639 0.419174 0.0370176 0 0 0 0 0
1489239011.319420576 0.412863 -0.195869 0 0 0 0 0
1489239011.354833841 0.417324 0.155294 0 0 0 0 0
1489239011.388672113 0.428238 0.0825016 0 0 0 0 0
1489239011.418031693 0.415173 -0.080202 0 0 0 0 0
1489239011.456363440 0.386015 -0.0370916 0 0 0 0 0
1489239011.486859322 0.424856 0.193466 0 0 0 0 0
1489239011.519221067 0.414708 0.0524279 0 0 0 0 0
1489239011.554974794 0.374107 -0.052186 0 0 0 0 0
1489239011.588271379 0.401854 0.0825458 0 0 0 0 0
1489239011.616703987 0.436974 0.129192 0 0 0 0 0
1489239011.660271406 0.343751 0.00116697 0 0 0 0 0
1489239011.687238455 0.443883 0.0252574 0 0 0 0 0
1489239011.718102217 0.423174 0.0952304 0 0 0 0 0
1489239011.757387161 0.379531 0.029411 0 0 0 0 0
1489239011.793133020 0.390086 0.0437485 0 0 0 0 0
1489239011.819267273 0.458143 0.0239473 0 0 0 0 0
1489239011.855053663 0.398167 0.0400283 0 0 0 0 0
1489239011.883986712 0.440001 0.0433851 0 0 0 0 0
1489239011.916768551 0.419272 0.0650559 0 0 0 0 0
1489239011.951505184 0.407201 0.0247191 0 0 0 0 0
1489239011.984224796 0.41486 0.112801 0 0 0 0 0
1489239012.016657352 0.393267 -0.0576283 0 0 0 0 0
1489239012.055122375 0.378324 0.128199 0 0 0 0 0
1489239012.083387613 0.409107 0.162286 0 0 0 0 0
1489239012.121290922 0.377002 -0.0870532 0 0 0 0 0
1489239012.154666662 0.396821 0.129315 0 0 0 0 0
1489239012.187365532 0.402493 0.127261 0 0 0 0 0
1489239012.217176676 0.399758 0.0442584 0 0 0 0 0
1489239012.254253864 0.360935 0.0365196 0 0 0 0 0
1489239012.285604000 0.383926 0.0570764 0 0 0 0 0
1489239012.316989183 0.382497 0.123343 0 0 0 0 0
1489239012.352100849 0.36132 0.0390949 0 0 0 0 0
1489239012.386058807 0.363043 -0.0103525 0 0 0 0 0
1489239012.418419123 0.369954 0.134954 0 0 0 0 0
1489239012.455110788 0.347484 0.0355146 0 0 0 0 0
1489239012.485285282 0.378514 0.0282655 0 0 0 0 0
1489239012.521378756 0.349467 -0.0176328 0 0 0 0 0
1489239012.553299189 0.368177 0.105069 0 0 0 0 0
1489239012.586240530 0.363707 0.114113 0 0 0 0 0
1489239012.619547606 0.362264 -0.0969781 0 0 0 0 0
1489239012.657476902 0.339736 0.106291 0 0 0 0 0
1489239012.685623169 0.390571 0.0233762 0 0 0 0 0
1489239012.718532562 0.36609 -0.00618075 0 0 0 0 0
1489239012.753649950 0.355013 0.00805049 0 0 0 0 0
1489239012.785237789 0.395983 0.103382 0 0 0 0 0
1489239012.816174984 0.38283 0.0709575 0 0 0 0 0
1489239012.856281519 0.358334 -0.119523 0 0 0 0 0
1489239012.884562969 0.398924 0.103639 0 0 0 0 0
1489239012.917145729 0.399105 0.0611364 0 0 0 0 0
1489239012.953849316 0.378827 -0.0215309 0 0 0 0 0
1489239012.986814260 0.375736 -0.0362861 0 0 0 0 0
1489239013.017328024 0.438002 0.00080872 0 0 0 0 0
1489239013.054176092 0.385269 0.0567314 0 0 0 0 0
1489239013.085621119 0.438153 -0.088716 0 0 0 0 0
1489239013.115342379 0.435473 -0.0614749 0 0 0 0 0
1489239013.153021097 0.412606 0.0597933 0 0 0 0 0
1489239013.186379194 0.413586 0.0417038 0 0 0 0 0
1489239013.217415571 0.403686 -0.114193 0 0 0 0 0
1489239013.258252859 0.371358 -0.050437 0 0 0 0 0
1489239013.286308050 0.437786 0.140466 0 0 0 0 0
1489239013.318420887 0.391442 -0.0589261 0 0 0 0 0
1489239013.354695559 0.366939 -0.0428519 0 0 0 0 0
1489239013.386967182 0.380663 0.0406319 0 0 0 0 0
1489239013.416962385 0.392551 0.052876 0 0 0 0 0
1489239013.460283518 0.347932 -0.00788748 0 0 0 0 0
1489239013.485785484 0.420525 -0.109455 0 0 0 0 0
1489239013.516995430 0.38713 0.032344 0 0 0 0 0
1489239013.554450274 0.355368 0.0720641 0 0 0 0 0
1489239013.586597443 0.375525 -0.0621202 0 0 0 0 0
1489239013.615995646 0.392562 -0.0293843 0 0 0 0 0
1489239013.659940243 0.326483 0.0619493 0 0 0 0 0
1489239013.687214136 0.399836 0.00537341 0 0 0 0 0
1489239013.719642162 0.372286 -0.0419694 0 0 0 0 0
1489239013.754040718 0.361407 -0.0465024 0 0 0 0 0
1489239013.788623810 0.358198 0.0097426 0 0 0 0 0
1489239013.811946154 0.440737 0.0554107 0 0 0 0 0
1489239013.849630356 0.336165 -0.0539581 0 0 0 0 0
1489239013.882916212 0.367772 0.0187186 0 0 0 0 0
1489239013.916370630 0.365591 0.0689859 0 0 0 0 0
1489239013.950312853 0.360984 -0.0523607 0 0 0 0 0
1489239013.992688417 0.322433 -0.00095029 0 0 0 0 0
1489239014.023110390 0.346424 -0.0248819 0 0 0 0 0
1489239014.056934357 0.349694 -0.00690571 0 0 0 0 0
1489239014.086005688 0.378906 0.0179921 0 0 0 0 0
1489239014.118185520 0.342399 -0.0232977 0 0 0 0 0
1489239014.153891325 0.324871 -0.0038954 0 0 0 0 0
1489239014.186866045 0.353951 -0.0255821 0 0 0 0 0
1489239014.218161583 0.340723 0.0888036 0 0 0 0 0
1489239014.253467798 0.319775 -0.0939268 0 0 0 0 0
1489239014.284700632 0.335057 -0.0803131 0 0 0 0 0
1489239014.316504240 0.3557 0.119052 0 0 0 0 0
1489239014.351715088 0.319747 -0.0784559 0 0 0 0 0
1489239014.384697437 0.348998 -0.0788321 0 0 0 0 0
1489239014.415015697 0.368294 0.0051115 0 0 0 0 0
1489239014.453676939 0.331205 0.0649617 0 0 0 0 0
1489239014.484165668 0.344836 -0.0965201 0 0 0 0 0
1489239014.517920256 0.350958 -0.146409 0 0 0 0 0
1489239014.553271532 0.343442 0.0903844 0 0 0 0 0
1489239014.585152149 0.33731 -0.0573753 0 0 0 0 0
1489239014.622442245 0.332468 -0.0576406 0 0 0 0 0
1489239014.654960394 0.330682 -0.0184164 0 0 0 0 0
1489239014.684800386 0.343123 0.0367593 0 0 0 0 0
1489239014.724788666 0.299833 -0.0228134 0 0 0 0 0
1489239014.755556583 0.307611 -0.0525623 0 0 0 0 0
1489239014.786985397 0.300748 -0.0350613 0 0 0 0 0
1489239014.816082478 0.308327 0.0362515 0 0 0 0 0
1489239014.853782892 0.272079 -0.0243149 0 0 0 0 0
1489239014.884163618 0.294471 -0.0796769 0 0 0 0 0
1489239014.917070866 0.259711 0.00509844 0 0 0 0 0
1489239014.952453136 0.244888 0.0096627 0 0 0 0 0
1489239014.986202478 0.220015 -0.00648613 0 0 0 0 0
1489239015.017294168 0.21807 -0.0757444 0 0 0 0 0
1489239015.054021835 0.1959 -0.0149006 0 0 0 0 0
1489239015.081470013 0.188237 0.0675288 0 0 0 0 0
1489239015.116088867 0.143237 -0.0399906 0 0 0 0 0
1489239015.159859419 0.1217 -0.00314608 0 0 0 0 0
1489239015.189631701 0.124905 0.0498015 0 0 0 0 0
1489239015.218721151 0.0927943 0.00886576 0 0 0 0 0
1489239015.256662130 0.0764248 -0.0128536 0 0 0 0 0
1489239015.286789894 0.0477796 0.00358199 0 0 0 0 0
1489239015.318397522 0.0365443 0.00216501 0 0 0 0 0
1489239015.352993727 0.026758 -0.0215672 0 0 0 0 0
1489239015.385549545 0.0194325 -0.0503835 0 0 0 0 0
1489239015.415639400 0.0139436 -0.0129162 0 0 0 0 0
1489239015.452939034 0.0102066 -0.0121892 0 0 0 0 0
1489239015.484782934 0.00741401 -0.0812038 0 0 0 0 0
1489239015.526458502 0.00537978 -0.0579001 0 0 0 0 0
1489239015.555993319 0.0039059 -0.0510387 0 0 0 0 0
1489239015.587683201 0.00283988 -0.122363 0 0 0 0 0
1489239015.617497921 0.00206254 -0.0923283 0 0 0 0 0
1489239015.654897213 0.00149807 -0.044819 0 0 0 0 0
1489239015.683071613 -0.0255732 -0.144163 0 0 0 0 0
1489239015.715344429 -0.0278173 -0.0276492 0 0 0 0 0
1489239015.751708508 -0.0298034 -0.0362527 0 0 0 0 0
1489239015.786716223 -0.034073 -0.0494956 0 0 0 0 0
1489239015.817067623 -0.0400946 -0.0500398 0 0 0 0 0
1489239015.853165627 -0.0175011 -0.0640257 0 0 0 0 0
1489239015.880933285 -0.0144119 -0.0811348 0 0 0 0 0
1489239015.914141893 -0.0112207 -0.146319 0 0 0 0 0
1489239015.957817316 -0.00816075 -0.11908 0 0 0 0 0
1489239015.984710455 -0.00563149 -0.252447 0 0 0 0 0
1489239016.014636755 -0.00419307 -0.237526 0 0 0 0 0
1489239016.058590412 -0.00306045 -0.172903 0 0 0 0 0
1489239016.084990501 -0.00221224 -0.243563 0 0 0 0 0
1489239016.118081331 -0.0016024 -0.224435 0 0 0 0 0
1489239016.153634071 -0.0222964 -0.216147 0 0 0 0 0
1489239016.186143160 -0.00507388 -0.317691 0 0 0 0 0
1489239016.217453718 -0.00463008 -0.178526 0 0 0 0 0
1489239016.262842417 -0.0205466 -0.231952 0 0 0 0 0
1489239016.288981438 -0.0639011 -0.402895 0 0 0 0 0
1489239016.319601059 -0.0411112 -0.198135 0 0 0 0 0
1489239016.354919672 -0.0626304 -0.21719 0 0 0 0 0
1489239016.384118795 -0.0775618 -0.356396 0 0 0 0 0
1489239016.414854288 -0.0810928 -0.29034 0 0 0 0 0
1489239016.460306644 -0.052698 -0.291775 0 0 0 0 0
1489239016.489697933 -0.0591488 -0.327168 0 0 0 0 0
1489239016.519535303 -0.0820728 -0.357299 0 0 0 0 0
1489239016.551753521 -0.0579264 -0.3739 0 0 0 0 0
1489239016.585829496 -0.076534 -0.307841 0 0 0 0 0
1489239016.615917683 -0.0601261 -0.36931 0 0 0 0 0
1489239016.654888630 -0.0719519 -0.329373 0 0 0 0 0
1489239016.686390877 -0.057804 -0.409013 0 0 0 0 0
1489239016.718889713 -0.0784204 -0.368296 0 0 0 0 0
1489239016.752713203 -0.0567647 -0.452707 0 0 0 0 0
1489239016.784454107 -0.0561597 -0.345038 0 0 0 0 0
1489239016.823983431 -0.0684846 -0.403061 0 0 0 0 0
1489239016.860403776 -0.0523434 -0.422751 0 0 0 0 0
1489239016.887658834 -0.0567563 -0.394922 0 0 0 0 0
1489239016.921024084 -0.0513728 -0.469906 0 0 0 0 0
1489239016.954722643 -0.0720283 -0.393835 0 0 0 0 0
1489239016.993035078 -0.0500108 -0.327429 0 0 0 0 0
1489239017.017469645 -0.0902658 -0.529195 0 0 0 0 0
1489239017.055137873 -0.0752098 -0.456945 0 0 0 0 0
1489239017.086792707 -0.0609144 -0.34176 0 0 0 0 0
1489239017.119291067 -0.0812197 -0.46024 0 0 0 0 0
1489239017.154624224 -0.0799346 -0.491625 0 0 0 0 0
1489239017.187041998 -0.0843649 -0.363304 0 0 0 0 0
1489239017.216524601 -0.0909877 -0.464101 0 0 0 0 0
1489239017.258668900 -0.0785543 -0.397588 0 0 0 0 0
1489239017.285753012 -0.0972617 -0.487174 0 0 0 0 0
1489239017.314189672 -0.0973836 -0.380017 0 0 0 0 0
1489239017.351259232 -0.0869984 -0.43477 0 0 0 0 0
1489239017.388253212 -0.0862715 -0.456024 0 0 0 0 0
1489239017.419686079 -0.0927007 -0.362054 0 0 0 0 0
1489239017.456428528 -0.0859383 -0.428002 0 0 0 0 0
1489239017.485862017 -0.0951117 -0.360255 0 0 0 0 0
1489239017.518279314 -0.0918406 -0.403641 0 0 0 0 0
1489239017.554957867 -0.0868234 -0.441234 0 0 0 0 0
1489239017.585765600 -0.0937139 -0.376762 0 0 0 0 0
1489239017.618243694 -0.091963 -0.407908 0 0 0 0 0
1489239017.655039310 -0.0865534 -0.385989 0 0 0 0 0
1489239017.685424805 -0.0942604 -0.420439 0 0 0 0 0
1489239017.718258619 -0.091473 -0.521655 0 0 0 0 0
1489239017.753226757 -0.0671687 -0.376644 0 0 0 0 0
1489239017.786901474 -0.0855217 -0.304077 0 0 0 0 0
1489239017.816797495 -0.0912922 -0.567095 0 0 0 0 0
1489239017.854674816 -0.0622089 -0.420939 0 0 0 0 0
1489239017.883593321 -0.0899971 -0.348267 0 0 0 0 0
1489239017.917378187 -0.0852039 -0.471305 0 0 0 0 0
1489239017.959953308 -0.0766127 -0.393245 0 0 0 0 0
1489239017.992588043 -0.0862483 -0.412213 0 0 0 0 0
1489239018.020772457 -0.0950658 -0.419022 0 0 0 0 0
1489239018.056871414 -0.0854892 -0.416449 0 0 0 0 0
1489239018.086460829 -0.0945861 -0.511425 0 0 0 0 0
1489239018.118853569 -0.0919385 -0.366293 0 0 0 0 0
1489239018.159566164 -0.0827789 -0.470673 0 0 0 0 0
1489239018.188006401 -0.0969041 -0.379393 0 0 0 0 0
1489239018.216045141 -0.0993017 -0.529913 0 0 0 0 0
1489239018.254248142 -0.086596 -0.464039 0 0 0 0 0
1489239018.286314964 -0.0928941 -0.421022 0 0 0 0 0
1489239018.319040060 -0.0922515 -0.386323 0 0 0 0 0
1489239018.353236437 -0.0899419 -0.38891 0 0 0 0 0
1489239018.385224819 -0.115893 -0.529533 0 0 0 0 0
1489239018.417748928 -0.0967314 -0.431625 0 0 0 0 0
1489239018.455862761 -0.109463 -0.361814 0 0 0 0 0
1489239018.488234997 -0.098897 -0.487737 0 0 0 0 0
1489239018.522419691 -0.117588 -0.441025 0 0 0 0 0
1489239018.554699898 -0.100676 -0.451648 0 0 0 0 0
1489239018.593717337 -0.0916406 -0.33877 0 0 0 0 0
1489239018.621080637 -0.105037 -0.588013 0 0 0 0 0
1489239018.655767679 -0.0940117 -0.408743 0 0 0 0 0
1489239018.684229851 -0.101539 -0.46375 0 0 0 0 0
1489239018.716860771 -0.0955357 -0.482825 0 0 0 0 0
1489239018.751986027 -0.091762 -0.492827 0 0 0 0 0
1489239018.784470797 -0.0937848 -0.330224 0 0 0 0 0
1489239018.815963030 -0.0948569 -0.473611 0 0 0 0 0
1489239018.854604721 -0.0664315 -0.470193 0 0 0 0 0
1489239018.885206938 -0.090574 -0.345379 0 0 0 0 0
1489239018.917187929 -0.0892305 -0.555521 0 0 0 0 0
1489239018.952529430 -0.0853274 -0.361038 0 0 0 0 0
1489239018.987453938 -0.0858458 -0.471481 0 0 0 0 0
1489239019.017517090 -0.0933929 -0.470941 0 0 0 0 0
1489239019.055047035 -0.0845802 -0.468784 0 0 0 0 0
1489239019.085728645 -0.0682587 -0.474233 0 0 0 0 0
1489239019.116888285 -0.0881847 -0.380362 0 0 0 0 0
1489239019.152865887 -0.0827611 -0.593157 0 0 0 0 0
1489239019.186398506 -0.0856372 -0.403233 0 0 0 0 0
1489239019.217507124 -0.0659197 -0.472645 0 0 0 0 0
1489239019.254952431 -0.0788358 -0.473884 0 0 0 0 0
1489239019.285223722 -0.0879861 -0.533196 0 0 0 0 0
1489239019.316198826 -0.0645472 -0.511697 0 0 0 0 0
1489239019.351164818 -0.0802527 -0.403602 0 0 0 0 0
1489239019.385915041 -0.0600893 -0.601677 0 0 0 0 0
1489239019.417533636 -0.058667 -0.448614 0 0 0 0 0
1489239019.449182510 -0.0557339 -0.435646 0 0 0 0 0
1489239019.485346794 -0.0715105 -0.54609 0 0 0 0 0
1489239019.518114328 -0.0544576 -0.501479 0 0 0 0 0
1489239019.554548740 -0.0507419 -0.433612 0 0 0 0 0
1489239019.589337349 -0.0498472 -0.432515 0 0 0 0 0
1489239019.619399548 -0.0765764 -0.578543 0 0 0 0 0
1489239019.653613091 -0.0525448 -0.49034 0 0 0 0 0
1489239019.685283899 -0.0769534 -0.439377 0 0 0 0 0
1489239019.719839334 -0.0768986 -0.631886 0 0 0 0 0
1489239019.757704020 -0.0558443 -0.369358 0 0 0 0 0
1489239019.785725117 -0.0598336 -0.585331 0 0 0 0 0
1489239019.816173077 -0.0812222 -0.50414 0 0 0 0 0
1489239019.854696751 -0.0736467 -0.529928 0 0 0 0 0
1489239019.884457350 -0.0609287 -0.586475 0 0 0 0 0
1489239019.917359114 -0.080008 -0.458967 0 0 0 0 0
1489239019.959050417 -0.0726016 -0.492007 0 0 0 0 0
1489239019.987639427 -0.0888463 -0.56744 0 0 0 0 0
1489239020.016512632 -0.0917391 -0.548463 0 0 0 0 0
1489239020.054294348 -0.082699 -0.545085 0 0 0 0 0
1489239020.086543560 -0.0661081 -0.505375 0 0 0 0 0
1489239020.118090868 -0.0868645 -0.503978 0 0 0 0 0
1489239020.151854992 -0.0623936 -0.569755 0 0 0 0 0
1489239020.183854103 -0.0597289 -0.384621 0 0 0 0 0
1489239020.215483904 -0.0807943 -0.570276 0 0 0 0 0
1489239020.252805233 -0.0558279 -0.555592 0 0 0 0 0
1489239020.284507275 -0.056072 -0.310962 0 0 0 0 0
1489239020.325939417 -0.0669147 -0.475412 0 0 0 0 0
1489239020.358014107 -0.0314162 -0.506612 0 0 0 0 0
1489239020.389006853 -0.073193 -0.328382 0 0 0 0 0
1489239020.418680906 -0.0794742 -0.58417 0 0 0 0 0
1489239020.456119537 -0.0534252 -0.441006 0 0 0 0 0
1489239020.483788013 -0.0857942 -0.451017 0 0 0 0 0
1489239020.516544580 -0.0826435 -0.483243 0 0 0 0 0
1489239020.552708864 -0.0802562 -0.507422 0 0 0 0 0
1489239020.586752415 -0.0617634 -0.439552 0 0 0 0 0
1489239020.618480682 -0.0606203 -0.400494 0 0 0 0 0
1489239020.653917551 -0.0759412 -0.453925 0 0 0 0 0
1489239020.684839487 -0.0830554 -0.60856 0 0 0 0 0
1489239020.716800213 -0.0606554 -0.486672 0 0 0 0 0
1489239020.752581596 -0.0562079 -0.337943 0 0 0 0 0
1489239020.786509275 -0.0767232 -0.489617 0 0 0 0 0
1489239020.817723513 -0.0821241 -0.564355 0 0 0 0 0
1489239020.855319500 -0.0565669 -0.384192 0 0 0 0 0
1489239020.886603594 -0.0821372 -0.443282 0 0 0 0 0
1489239020.917925119 -0.0849262 -0.490803 0 0 0 0 0
1489239020.951248407 -0.0616106 -0.569153 0 0 0 0 0
1489239020.982006073 -0.0605253 -0.446213 0 0 0 0 0
1489239021.013847828 -0.0575369 -0.434438 0 0 0 0 0
1489239021.050477266 -0.0515008 -0.522151 0 0 0 0 0
1489239021.090994596 -0.0466033 -0.372349 0 0 0 0 0
1489239021.119298458 -0.0789047 -0.483734 0 0 0 0 0
1489239021.153384686 -0.0528357 -0.424717 0 0 0 0 0
1489239021.186621428 -0.0748394 -0.627337 0 0 0 0 0
1489239021.218707561 -0.0331139 -0.373129 0 0 0 0 0
1489239021.255290508 -0.0476108 -0.276419 0 0 0 0 0
1489239021.286458969 -0.096916 -0.700932 0 0 0 0 0
1489239021.319342375 -0.0335782 -0.432933 0 0 0 0 0
1489239021.354945421 -0.0698668 -0.238025 0 0 0 0 0
1489239021.386003256 -0.0552684 -0.655636 0 0 0 0 0
1489239021.414970398 -0.0556691 -0.400639 0 0 0 0 0
1489239021.453641653 -0.0669387 -0.379196 0 0 0 0 0
1489239021.485989571 -0.0772015 -0.49184 0 0 0 0 0
1489239021.519455671 -0.0562572 -0.429946 0 0 0 0 0
1489239021.553612947 -0.076292 -0.393511 0 0 0 0 0
1489239021.586982489 -0.0797854 -0.436268 0 0 0 0 0
1489239021.619262695 -0.060157 -0.446387 0 0 0 0 0
1489239021.655603886 -0.0551112 -0.339488 0 0 0 0 0
1489239021.685315371 -0.0571211 -0.450781 0 0 0 0 0
1489239021.718115330 -0.0525974 -0.3906 0 0 0 0 0
1489239021.753056049 -0.049105 -0.395339 0 0 0 0 0
1489239021.784975767 -0.0497114 -0.481886 0 0 0 0 0
1489239021.815951586 -0.0496741 -0.314202 0 0 0 0 0
1489239021.854510784 -0.0444129 -0.427775 0 0 0 0 0
1489239021.883213282 -0.0761019 -0.462144 0 0 0 0 0
1489239021.916231632 -0.0520854 -0.325771 0 0 0 0 0
1489239021.952806473 -0.0492952 -0.398181 0 0 0 0 0
1489239021.986492634 -0.0721008 -0.441202 0 0 0 0 0
1489239022.016405106 -0.0308281 -0.47967 0 0 0 0 0
1489239022.057359219 -0.0428563 -0.29153 0 0 0 0 0
1489239022.088243723 -0.0471922 -0.48592 0 0 0 0 0
1489239022.122125149 -0.0447253 -0.476778 0 0 0 0 0
1489239022.154662848 -0.0218509 -0.359788 0 0 0 0 0
1489239022.186390638 -0.0416165 -0.372241 0 0 0 0 0
1489239022.218550205 -0.0417907 -0.597158 0 0 0 0 0
1489239022.255804777 -0.0391851 -0.27538 0 0 0 0 0
1489239022.285045862 -0.0450487 -0.507887 0 0 0 0 0
1489239022.317336798 -0.04441 -0.430411 0 0 0 0 0
1489239022.351821184 -0.0216474 -0.437319 0 0 0 0 0
1489239022.385290623 -0.0174551 -0.418416 0 0 0 0 0
1489239022.415612459 -0.0382048 -0.490008 0 0 0 0 0
1489239022.458368301 -0.0146445 -0.419122 0 0 0 0 0
1489239022.482209921 -0.0114875 -0.441407 0 0 0 0 0
1489239022.514910698 -0.0091874 -0.51946 0 0 0 0 0
1489239022.551486254 -0.00693529 -0.462251 0 0 0 0 0
1489239022.591135025 -0.00464614 -0.405843 0 0 0 0 0
1489239022.620037794 -0.00346264 -0.484214 0 0 0 0 0
1489239022.655230761 -0.00254235 -0.507176 0 0 0 0 0
1489239022.685251713 -0.00183924 -0.537787 0 0 0 0 0
1489239022.718981504 -0.00132777 -0.430369 0 0 0 0 0
1489239022.752728701 -0.000968807 -0.508565 0 0 0 0 0
1489239022.786206007 -0.000703969 -0.559294 0 0 0 0 0
1489239022.817471027 -0.000510854 -0.426119 0 0 0 0 0
1489239022.855005503 -0.000371036 -0.421467 0 0 0 0 0
1489239022.884542942 -0.000269673 -0.636147 0 0 0 0 0
1489239022.914241791 -0.000195874 -0.488483 0 0 0 0 0
1489239022.950309277 -0.000142272 -0.423055 0 0 0 0 0
1489239022.983911037 -0.000103354 -0.532959 0 0 0 0 0
1489239023.022460938 -7.50827e-05 -0.46488 0 0 0 0 0
1489239023.052796125 -5.45406e-05 -0.41285 0 0 0 0 0
1489239023.083306313 -3.96196e-05 -0.47276 0 0 0 0 0
1489239023.121418715 -2.8781e-05 -0.50533 0 0 0 0 0
1489239023.158259392 -2.09073e-05 -0.358751 0 0 0 0 0
1489239023.189039946 -1.51876e-05 -0.459317 0 0 0 0 0
1489239023.216227770 -1.10327e-05 -0.468312 0 0 0 0 0
1489239023.253105402 -8.01446e-06 -0.549354 0 0 0 0 0
1489239023.292421341 -5.82192e-06 -0.358533 0 0 0 0 0
1489239023.324707031 -4.2292e-06 -0.363395 0 0 0 0 0
1489239023.356029510 -3.07221e-06 -0.44444 0 0 0 0 0
1489239023.388827324 -2.23174e-06 -0.61865 0 0 0 0 0
1489239023.424982309 -1.6212e-06 -0.286182 0 0 0 0 0
1489239023.461511135 -1.17768e-06 -0.212648 0 0 0 0 0
1489239023.514216661 -8.555e-07 -0.497087 0 0 0 0 0
1489239023.537570715 -6.21459e-07 -0.351561 0 0 0 0 0
1489239023.554765463 -4.51445e-07 -0.529663 0 0 0 0 0
1489239023.588828802 -3.27942e-07 -0.395287 0 0 0 0 0
1489239023.617660284 -0.0260541 -0.582984 0 0 0 0 0
1489239023.652822018 -0.00521094 -0.459899 0 0 0 0 0
1489239023.690776110 -0.00495035 -0.324543 0 0 0 0 0
1489239023.719162941 -0.00437713 -0.370603 0 0 0 0 0
1489239023.751804829 -0.0494667 -0.61184 0 0 0 0 0
1489239023.785789490 -0.0113055 -0.454266 0 0 0 0 0
1489239023.817341805 -0.0103663 -0.0218209 0 0 0 0 0
1489239023.856096268 -0.0477002 -0.578305 0 0 0 0 0
1489239023.886106730 -0.0397292 -0.645144 0 0 0 0 0
1489239023.915420771 -0.0167028 -0.0614364 0 0 0 0 0
1489239023.952110052 -0.0350621 -0.290727 0 0 0 0 0
1489239023.986858130 -0.059111 -0.506401 0 0 0 0 0
1489239024.017698288 -0.0207383 -0.280641 0 0 0 0 0
1489239024.057510376 -0.0173557 -0.164233 0 0 0 0 0
1489239024.087309837 -0.0394536 -0.391996 0 0 0 0 0
1489239024.119467735 -0.0388823 -0.413163 0 0 0 0 0
1489239024.154398918 -0.016467 -0.300812 0 0 0 0 0
1489239024.185224295 -0.0383074 -0.193898 0 0 0 0 0
1489239024.217984200 -0.038922 -0.373933 0 0 0 0 0
1489239024.254225016 -0.0378485 -0.36172 0 0 0 0 0
1489239024.286736727 -0.0411667 -0.185951 0 0 0 0 0
1489239024.319129705 -0.0660968 -0.277563 0 0 0 0 0
1489239024.354259729 -0.0678905 -0.3092 0 0 0 0 0
1489239024.388629913 -0.051357 -0.249346 0 0 0 0 0
1489239024.417083979 -0.0819218 -0.238818 0 0 0 0 0
1489239024.454837084 -0.0739756 -0.22937 0 0 0 0 0
1489239024.486723185 -0.0827295 -0.286867 0 0 0 0 0
1489239024.521417856 -0.0817041 -0.236297 0 0 0 0 0
1489239024.556118011 -0.0835388 -0.190059 0 0 0 0 0
1489239024.587976456 -0.0880919 -0.184291 0 0 0 0 0
1489239024.618640184 -0.0914501 -0.250207 0 0 0 0 0
1489239024.656800508 -0.0833121 -0.187182 0 0 0 0 0
1489239024.686450481 -0.0940353 -0.128214 0 0 0 0 0
1489239024.717241049 -0.118042 -0.234217 0 0 0 0 0
1489239024.752165318 -0.115143 -0.118796 0 0 0 0 0
1489239024.787791252 -0.117559 -0.0810723 0 0 0 0 0
1489239024.816870928 -0.160615 -0.167111 0 0 0 0 0
1489239024.857339621 -0.14142 -0.143362 0 0 0 0 0
1489239024.888726711 -0.165619 -0.0677861 0 0 0 0 0
1489239024.921177864 -0.168867 -0.00956718 0 0 0 0 0
1489239024.955809355 -0.189241 -0.164813 0 0 0 0 0
1489239024.987517357 -0.205262 -0.119359 0 0 0 0 0
1489239025.018184185 -0.217079 -0.0529399 0 0 0 0 0
1489239025.055043459 -0.223849 -0.065815 0 0 0 0 0
1489239025.085750580 -0.254095 -0.0412806 0 0 0 0 0
1489239025.119013309 -0.251865 -0.0519555 0 0 0 0 0
1489239025.152779579 -0.277449 -0.00358298 0 0 0 0 0
1489239025.184917688 -0.316857 -0.0626384 0 0 0 0 0
1489239025.218354702 -0.322602 -0.0652199 0 0 0 0 0
1489239025.256752253 -0.308891 0.033247 0 0 0 0 0
1489239025.286861420 -0.355313 -0.0345052 0 0 0 0 0
1489239025.318276167 -0.35679 -0.0354605 0 0 0 0 0
1489239025.352257967 -0.348515 -0.0784673 0 0 0 0 0
1489239025.387102842 -0.346658 -0.00126009 0 0 0 0 0
1489239025.419803381 -0.358823 0.0286129 0 0 0 0 0
1489239025.455551863 -0.365568 -0.109067 0 0 0 0 0
1489239025.485932350 -0.401557 -0.0215708 0 0 0 0 0
1489239025.517217398 -0.404457 0.0301074 0 0 0 0 0
1489239025.553145647 -0.383791 -0.0693635 0 0 0 0 0
1489239025.588046074 -0.38957 -0.124499 0 0 0 0 0
1489239025.616505623 -0.407161 -0.0333721 0 0 0 0 0
1489239025.652749538 -0.384998 0.0313472 0 0 0 0 0
1489239025.682898998 -0.445369 -0.213817 0 0 0 0 0
1489239025.725212812 -0.366789 -0.0476235 0 0 0 0 0
1489239025.759387255 -0.396845 0.0696849 0 0 0 0 0
1489239025.789355755 -0.423762 -0.113203 0 0 0 0 0
1489239025.818603516 -0.460057 -0.155955 0 0 0 0 0
1489239025.854968071 -0.39951 -0.0435843 0 0 0 0 0
1489239025.881532431 -0.465625 -0.0116911 0 0 0 0 0
1489239025.914699078 -0.446729 -0.0753927 0 0 0 0 0
1489239025.959173441 -0.391043 -0.113372 0 0 0 0 0
1489239025.990957499 -0.448092 0.00989838 0 0 0 0 0
1489239026.020420313 -0.471184 0.0278011 0 0 0 0 0
1489239026.054718971 -0.4419 -0.0955965 0 0 0 0 0
1489239026.084513426 -0.475537 -0.0952037 0 0 0 0 0
1489239026.116670132 -0.464512 0.109943 0 0 0 0 0
1489239026.152349949 -0.442513 -0.0846078 0 0 0 0 0
1489239026.185424805 -0.45494 -0.0828105 0 0 0 0 0
1489239026.215191603 -0.479945 0.00219618 0 0 0 0 0
1489239026.253676176 -0.426894 -0.014946 0 0 0 0 0
1489239026.286557913 -0.453436 -0.0151712 0 0 0 0 0
1489239026.320084095 -0.449518 -0.210688 0 0 0 0 0
1489239026.353426695 -0.427365 0.0442465 0 0 0 0 0
1489239026.386466265 -0.446944 -0.0250183 0 0 0 0 0
1489239026.417041540 -0.466796 -0.216583 0 0 0 0 0
1489239026.452810287 -0.435621 -0.0112106 0 0 0 0 0
1489239026.485407829 -0.453644 -0.0350191 0 0 0 0 0
1489239026.518323660 -0.453308 -0.0772007 0 0 0 0 0
1489239026.553819180 -0.437234 -0.117226 0 0 0 0 0
1489239026.586549044 -0.452095 -0.084953 0 0 0 0 0
1489239026.618130207 -0.461871 0.0272546 0 0 0 0 0
1489239026.654206276 -0.455618 -0.147708 0 0 0 0 0
1489239026.685871363 -0.488421 -0.110921 0 0 0 0 0
1489239026.717950821 -0.468978 0.000932515 0 0 0 0 0
1489239026.754456758 -0.441481 -0.0298597 0 0 0 0 0
1489239026.786337614 -0.489446 -0.0713961 0 0 0 0 0
1489239026.818162441 -0.495066 -0.0713805 0 0 0 0 0
1489239026.855367899 -0.462115 0.0325969 0 0 0 0 0
1489239026.885852337 -0.508754 -0.0620638 0 0 0 0 0
1489239026.918896198 -0.495105 -0.0409457 0 0 0 0 0
1489239026.954195499 -0.480379 -0.0390714 0 0 0 0 0
1489239026.986223459 -0.502312 0.0283377 0 0 0 0 0
1489239027.017602205 -0.534733 -0.031311 0 0 0 0 0
1489239027.055482626 -0.493047 -0.0475949 0 0 0 0 0
1489239027.084676504 -0.561835 0.0637952 0 0 0 0 0
1489239027.117025375 -0.543564 0.00390558 0 0 0 0 0
1489239027.153052330 -0.540082 -0.0793101 0 0 0 0 0
1489239027.187345028 -0.533243 0.0324985 0 0 0 0 0
1489239027.220314980 -0.566294 0.0892459 0 0 0 0 0
1489239027.258944035 -0.527226 -0.0821641 0 0 0 0 0
1489239027.287230968 -0.642493 0.0493075 0 0 0 0 0
1489239027.318217278 -0.630262 0.0080864 0 0 0 0 0
1489239027.353135586 -0.583123 -0.016236 0 0 0 0 0
1489239027.386804342 -0.591812 0.110254 0 0 0 0 0
1489239027.417167902 -0.622591 0.0228893 0 0 0 0 0
1489239027.461217642 -0.541855 -0.0823397 0 0 0 0 0
1489239027.489284754 -0.611257 0.0774061 0 0 0 0 0
1489239027.519631863 -0.592411 0.109865 0 0 0 0 0
1489239027.554478407 -0.575721 -0.059664 0 0 0 0 0
1489239027.590316296 -0.543747 -0.033717 0 0 0 0 0
1489239027.620031595 -0.588258 0.0749409 0 0 0 0 0
1489239027.655509472 -0.540481 0.00945746 0 0 0 0 0
1489239027.685191631 -0.608489 -0.069084 0 0 0 0 0
1489239027.724035501 -0.520841 -0.045236 0 0 0 0 0
1489239027.754223824 -0.577496 0.0598728 0 0 0 0 0
1489239027.786081076 -0.56445 -0.0248071 0 0 0 0 0
1489239027.815673590 -0.612012 -0.130778 0 0 0 0 0
1489239027.854595423 -0.522455 -0.0068668 0 0 0 0 0
1489239027.886609077 -0.563181 0.0498598 0 0 0 0 0
1489239027.918972969 -0.55895 -0.05176 0 0 0 0 0
1489239027.953696012 -0.538712 -0.0965634 0 0 0 0 0
1489239027.986271143 -0.550741 0.023649 0 0 0 0 0
1489239028.017136812 -0.56705 -0.0124377 0 0 0 0 0
1489239028.054471493 -0.519279 -0.131809 0 0 0 0 0
1489239028.086464643 -0.529193 0.133534 0 0 0 0 0
1489239028.120405197 -0.533556 -0.0815842 0 0 0 0 0
1489239028.153663158 -0.537405 -0.1455 0 0 0 0 0
1489239028.185154915 -0.52878 -0.0345747 0 0 0 0 0
1489239028.224687099 -0.475198 0.026738 0 0 0 0 0
1489239028.260886192 -0.503788 -0.101407 0 0 0 0 0
1489239028.290154457 -0.534101 -0.103938 0 0 0 0 0
1489239028.321351051 -0.521212 -0.107233 0 0 0 0 0
1489239028.355655909 -0.477465 -0.045841 0 0 0 0 0
1489239028.387234688 -0.513933 -0.0169487 0 0 0 0 0
1489239028.418175936 -0.520283 -0.147477 0 0 0 0 0
1489239028.453921795 -0.48611 -0.104977 0 0 0 0 0
1489239028.482926846 -0.50951 0.00465133 0 0 0 0 0
1489239028.524499178 -0.469372 -0.066521 0 0 0 0 0
1489239028.559032202 -0.505953 -0.0956835 0 0 0 0 0
1489239028.593502522 -0.508354 -0.0338985 0 0 0 0 0
1489239028.623399973 -0.551475 -0.0024466 0 0 0 0 0
1489239028.657860518 -0.543986 -0.0402494 0 0 0 0 0
1489239028.683500528 -0.619213 -0.192234 0 0 0 0 0
1489239028.758949995 -0.405477 -0.00663124 0 0 0 0 0
1489239028.786441088 -0.911729 -0.0343086 0 0 0 0 0
1489239028.817161322 -0.625712 -0.0290922 0 0 0 0 0
1489239028.857918262 -0.554576 -0.0580716 0 0 0 0 0
1489239028.887400389 -0.621965 -0.0451994 0 0 0 0 0
1489239028.917476892 -0.615441 0.0774476 0 0 0 0 0
1489239028.953880787 -0.571373 -0.101643 0 0 0 0 0
1489239028.984476328 -0.615687 -0.0651996 0 0 0 0 0
1489239029.017355204 -0.575645 0.11417 0 0 0 0 0
1489239029.053053141 -0.568943 -0.0352895 0 0 0 0 0
1489239029.088267326 -0.567582 -0.0654786 0 0 0 0 0
1489239029.118378162 -0.586569 0.114404 0 0 0 0 0
1489239029.154038906 -0.561964 0.0152386 0 0 0 0 0
1489239029.183720827 -0.614579 -0.0386789 0 0 0 0 0
1489239029.217539549 -0.560786 0.0249107 0 0 0 0 0
1489239029.254231691 -0.556008 0.0473367 0 0 0 0 0
1489239029.288194180 -0.550287 0.010098 0 0 0 0 0
1489239029.318553686 -0.601919 0.158016 0 0 0 0 0
1489239029.355926991 -0.547856 0.039097 0 0 0 0 0
1489239029.389243841 -0.57579 -0.0552158 0 0 0 0 0
1489239029.420440435 -0.573986 0.203605 0 0 0 0 0
1489239029.454085827 -0.576286 -0.000367932 0 0 0 0 0
1489239029.487306118 -0.58028 0.0269005 0 0 0 0 0
1489239029.518397331 -0.62693 0.11949 0 0 0 0 0
1489239029.556186438 -0.55717 -0.0215106 0 0 0 0 0
1489239029.585934877 -0.620576 0.016293 0 0 0 0 0
1489239029.616978168 -0.613965 0.013326 0 0 0 0 0
1489239029.653123856 -0.552324 0.0919942 0 0 0 0 0
1489239029.688194990 -0.592334 0.0851565 0 0 0 0 0
1489239029.719349861 -0.607182 -0.159758 0 0 0 0 0
1489239029.755941868 -0.563085 -0.00931232 0 0 0 0 0
1489239029.784494877 -0.606239 0.223875 0 0 0 0 0
1489239029.817713499 -0.590014 -0.0361254 0 0 0 0 0
1489239029.853048563 -0.571967 -0.194981 0 0 0 0 0
1489239029.888423681 -0.525252 0.210902 0 0 0 0 0
1489239029.919239998 -0.572668 0.166654 0 0 0 0 0
1489239029.955059767 -0.55264 -0.207791 0 0 0 0 0
1489239029.986308813 -0.56601 0.0908584 0 0 0 0 0
1489239030.021160126 -0.53827 0.143433 0 0 0 0 0
1489239030.059020281 -0.514541 -0.00978106 0 0 0 0 0
1489239030.087186098 -0.587917 0.0182551 0 0 0 0 0
1489239030.117161989 -0.577602 0.0210701 0 0 0 0 0
1489239030.154923439 -0.520786 0.0131459 0 0 0 0 0
1489239030.184539080 -0.579684 0.00712615 0 0 0 0 0
1489239030.217571974 -0.554092 0.00641688 0 0 0 0 0
1489239030.253177166 -0.574091 0.110124 0 0 0 0 0
1489239030.287017107 -0.592708 -0.108725 0 0 0 0 0
1489239030.317569494 -0.608671 -0.0042284 0 0 0 0 0
1489239030.353591919 -0.566841 0.119198 0 0 0 0 0
1489239030.386177063 -0.592327 -0.0973332 0 0 0 0 0
1489239030.420490265 -0.578585 -0.0293205 0 0 0 0 0
1489239030.454532623 -0.578539 0.101486 0 0 0 0 0
1489239030.488904238 -0.574177 0.0558002 0 0 0 0 0
1489239030.518974066 -0.613842 -0.0812607 0 0 0 0 0
1489239030.553917646 -0.553638 0.0437601 0 0 0 0 0
1489239030.585745573 -0.57236 0.101547 0 0 0 0 0
1489239030.622737885 -0.551591 0.00124719 0 0 0 0 0
1489239030.654917002 -0.585693 0.0391195 0 0 0 0 0
1489239030.685325861 -0.581223 0.0203537 0 0 0 0 0
1489239030.721541405 -0.536776 -0.02631 0 0 0 0 0
1489239030.759741306 -0.516658 0.0410629 0 0 0 0 0
1489239030.866149664 -0.355967 0.00120365 0 0 0 0 0
1489239030.890429974 -1.2833 0.00478685 0 0 0 0 0
1489239030.959858418 -0.507573 -0.0501255 0 0 0 0 0
1489239030.988756895 -0.901302 0.174677 0 0 0 0 0
1489239031.024293423 -0.635043 -0.0776514 0 0 0 0 0
1489239031.055907726 -0.614731 0.00589814 0 0 0 0 0
1489239031.086011171 -0.583241 0.12916 0 0 0 0 0
1489239031.117698669 -0.554483 0.0276855 0 0 0 0 0
1489239031.152739286 -0.527416 -0.0640628 0 0 0 0 0
1489239031.185304642 -0.508382 0.0736965 0 0 0 0 0
1489239031.215097427 -0.517531 0.0143564 0 0 0 0 0
1489239031.252387524 -0.461669 -0.0514807 0 0 0 0 0
1489239031.291027784 -0.422133 0.0154487 0 0 0 0 0
1489239031.323942900 -0.436242 0.0232916 0 0 0 0 0
1489239031.357242823 -0.425631 0.00254538 0 0 0 0 0
1489239031.388179064 -0.410109 -0.0212885 0 0 0 0 0
1489239031.417145014 -0.41806 0.0251382 0 0 0 0 0
1489239031.452819109 -0.377955 -0.0388264 0 0 0 0 0
1489239031.490175486 -0.34135 0.0140963 0 0 0 0 0
1489239031.518895626 -0.370359 -0.0015553 0 0 0 0 0
1489239031.553202629 -0.337242 -0.000822342 0 0 0 0 0
1489239031.583876610 -0.322968 -0.000929452 0 0 0 0 0
1489239031.615234375 -0.313012 0.0241761 0 0 0 0 0
1489239031.652744532 -0.283444 -0.0154743 0 0 0 0 0
1489239031.685522556 -0.267384 -0.0225014 0 0 0 0 0
1489239031.717158079 -0.238421 0.0192756 0 0 0 0 0
1489239031.751801014 -0.21852 0.000141287 0 0 0 0 0
1489239031.786538363 -0.206875 -0.0433189 0 0 0 0 0
1489239031.817018986 -0.209941 0.0414096 0 0 0 0 0
1489239031.854774952 -0.166479 -0.0171178 0 0 0 0 0
1489239031.886516571 -0.167396 -0.00153694 0 0 0 0 0
1489239031.918859720 -0.136239 0.0223067 0 0 0 0 0
1489239031.954046488 -0.122198 0.00458951 0 0 0 0 0
1489239031.987365723 -0.115028 0.00325433 0 0 0 0 0
1489239032.016910315 -0.0887541 -0.0219119 0 0 0 0 0
1489239032.053403378 -0.0540368 -0.00231994 0 0 0 0 0
1489239032.083966255 -0.0417332 -0.00319586 0 0 0 0 0
1489239032.123717546 -0.031079 -0.00301564 0 0 0 0 0
1489239032.156124115 -0.0223172 0.0207513 0 0 0 0 0
1489239032.186900139 -0.0160004 0.00326233 0 0 0 0 0
1489239032.217512846 -0.0117422 0.0033038 0 0 0 0 0
1489239032.254668713 -0.00853418 -0.0373273 0 0 0 0 0
1489239032.285267830 -0.00618407 0.0189234 0 0 0 0 0
1489239032.317457914 -0.00449119 -0.00132091 0 0 0 0 0
1489239032.353894949 -0.00326638 -0.000993209 0 0 0 0 0
1489239032.387443304 -0.00237207 0.0220023 0 0 0 0 0
1489239032.419806719 -0.00172269 0.00506555 0 0 0 0 0
1489239032.454618454 -0.00125155 -0.0389742 0 0 0 0 0
1489239032.483532906 -0.000909239 0.0470329 0 0 0 0 0
1489239032.516003370 -0.000660452 0.0282829 0 0 0 0 0
1489239032.553424835 -0.000479766 -0.0310476 0 0 0 0 0
1489239032.586100340 -0.000348522 -0.0221832 0 0 0 0 0
1489239032.617631435 -0.000253176 -0.00391385 0 0 0 0 0
1489239032.658288240 -0.000183913 0.0311219 0 0 0 0 0
1489239032.687351942 -0.0001336 0.00186659 0 0 0 0 0
1489239032.718331337 -9.70506e-05 0.00354105 0 0 0 0 0
1489239032.754240990 -7.05001e-05 -0.0169972 0 0 0 0 0
1489239032.785136461 -5.12132e-05 -0.00112553 0 0 0 0 0
1489239032.822402000 -3.72027e-05 0.0178142 0 0 0 0 0
1489239032.854796410 -2.70251e-05 0.00187133 0 0 0 0 0
1489239032.885479212 -1.96317e-05 0.00208398 0 0 0 0 0
1489239032.918704987 -1.4261e-05 -0.0201677 0 0 0 0 0
1489239032.952701092 -1.03596e-05 -0.0026431 0 0 0 0 0
1489239032.985856533 -7.52551e-06 -0.00325181 0 0 0 0 0
1489239033.016448498 -5.46673e-06 -0.00295939 0 0 0 0 0
1489239033.054550409 -3.97119e-06 -0.00235234 0 0 0 0 0
1489239033.086367369 -2.88478e-06 -0.00137171 0 0 0 0 0
1489239033.118001938 -2.09558e-06 -0.00108572 0 0 0 0 0
1489239033.153497219 -1.52229e-06 -0.021952 0 0 0 0 0
1489239033.186590195 -1.10583e-06 0.0405539 0 0 0 0 0
1489239033.215931892 -8.03307e-07 0.00464081 0 0 0 0 0
1489239033.255052328 -5.83544e-07 -0.0336111 0 0 0 0 0
1489239033.282218933 -4.23903e-07 -0.0030683 0 0 0 0 0
1489239033.318884850 -3.07934e-07 -0.00316354 0 0 0 0 0
1489239033.351730585 -2.23692e-07 0.0414813 0 0 0 0 0
1489239033.385060310 -1.62496e-07 -0.0392053 0 0 0 0 0
1489239033.417299986 -1.18042e-07 -0.00208863 0 0 0 0 0
1489239033.453342199 -8.57487e-08 0.0185165 0 0 0 0 0
1489239033.484422922 -6.22902e-08 0.00154353 0 0 0 0 0
1489239033.516995668 -4.52493e-08 -0.0221262 0 0 0 0 0
1489239033.551601648 -3.28703e-08 -0.00244649 0 0 0 0 0
1489239033.586166382 -2.38779e-08 0.0189872 0 0 0 0 0
1489239033.617219210 -1.73456e-08 0.00129502 0 0 0 0 0
1489239033.656649590 -1.26003e-08 0.00175612 0 0 0 0 0
1489239033.686873913 -9.1532e-09 0.0271555 0 0 0 0 0
1489239033.717031956 -6.64914e-09 -0.0181148 0 0 0 0 0
1489239033.751351118 -4.83012e-09 0.000690722 0 0 0 0 0
1489239033.784269333 -3.50873e-09 0.000224276 0 0 0 0 0
1489239033.817257881 -2.54884e-09 -0.000305245 0 0 0 0 0
1489239033.853658199 -1.85155e-09 -0.000864078 0 0 0 0 0
1489239033.885108948 -1.34501e-09 -0.0240269 0 0 0 0 0
1489239033.917770863 -9.77055e-10 0.018026 0 0 0 0 0
1489239033.952978611 -7.09759e-10 -0.000100508 0 0 0 0 0
1489239033.984986067 -5.15589e-10 0.000237903 0 0 0 0 0
1489239034.023402214 -3.74538e-10 0.000633758 0 0 0 0 0
1489239034.058616638 -2.72075e-10 0.00105369 0 0 0 0 0
1489239034.086738348 -1.97642e-10 0.000324566 0 0 0 0 0
1489239034.119007111 -1.43573e-10 0.000298237 0 0 0 0 0
1489239034.154147625 -1.04295e-10 0.000245389 0 0 0 0 0
1489239034.185811520 -7.5763e-11 0.000178954 0 0 0 0 0
1489239034.217262030 -5.50363e-11 0.000118651 0 0 0 0 0
1489239034.254605293 -3.99799e-11 -0.0200095 0 0 0 0 0
1489239034.284562349 -2.90425e-11 -0.00395393 0 0 0 0 0
1489239034.317174435 -2.10973e-11 -0.00377139 0 0 0 0 0
1489239034.360165596 -1.53256e-11 -0.00334238 0 0 0 0 0
1489239034.390908241 -1.1133e-11 -0.00263005 0 0 0 0 0
1489239034.425539970 -8.08729e-12 -0.0016022 0 0 0 0 0
1489239034.446993113 -5.87483e-12 -0.00123776 0 0 0 0 0
1489239034.479640245 -4.26764e-12 -0.000918006 0 0 0 0 0
1489239034.512904882 -3.10013e-12 -0.000660988 0 0 0 0 0
1489239034.548648119 -2.25202e-12 -0.021473 0 0 0 0 0
1489239034.587888241 -1.63593e-12 -0.00454744 0 0 0 0 0
1489239034.615519762 -1.18838e-12 -0.00424244 0 0 0 0 0
1489239034.652832270 -8.63274e-13 -0.00371095 0 0 0 0 0
1489239034.683486700 -6.27106e-13 -0.00290695 0 0 0 0 0
1489239034.724008322 -4.55547e-13 -0.00178965 0 0 0 0 0
1489239034.756136417 -3.30922e-13 -0.00137719 0 0 0 0 0
1489239034.784899950 -2.40391e-13 -0.00102013 0 0 0 0 0
1489239034.815662384 -1.74626e-13 -0.000734917 0 0 0 0 0
1489239034.853158236 -1.26853e-13 -0.000527204 0 0 0 0 0
1489239034.884355545 -9.21498e-14 -0.000386551 0 0 0 0 0
1489239034.915740252 -6.69402e-14 -0.000280889 0 0 0 0 0
1489239034.948875427 -4.86272e-14 -0.000203627 0 0 0 0 0
1489239034.982275009 -3.53241e-14 -0.000147874 0 0 0 0 0
1489239035.021707535 -2.56604e-14 -0.000107535 0 0 0 0 0
1489239035.057036161 -1.86404e-14 -7.80952e-05 0 0 0 0 0
1489239035.086167574 -1.35409e-14 -5.6718e-05 0 0 0 0 0
1489239035.118339062 -9.83649e-15 -4.12051e-05 0 0 0 0 0
