1489239662.684353113 0 0 0 0 0 0 0
1489239662.717471600 0 -0.0226635 0 0 0 0 0
1489239662.737539291 0 -0.0045327 0 0 0 0 0
1489239662.770109177 0 -0.00430606 0 0 0 0 0
1489239662.894371986 0 -0.00380747 0 0 0 0 0
1489239662.909406662 0 -0.00299385 0 0 0 0 0
1489239662.976956606 0 -0.00182713 0 0 0 0 0
1489239663.005291224 0 -0.00141055 0 0 0 0 0
1489239663.042969465 0 -0.00104594 0 0 0 0 0
1489239663.070617437 0 -0.000753176 0 0 0 0 0
1489239663.097512960 0 -0.000539938 0 0 0 0 0
1489239663.133590937 0 -0.000396085 0 0 0 0 0
1489239663.167609453 0.0220812 -0.000287822 0 0 0 0 0
1489239663.200819969 0.0270347 0.0223921 0 0 0 0 0
1489239663.235898018 0.0301334 -0.0170288 0 0 0 0 0
1489239663.275974512 0.0310334 -9.55391e-05 0 0 0 0 0
1489239663.303566933 0.041758 0.0540562 0 0 0 0 0
1489239663.338701010 0.0387518 0.0102136 0 0 0 0 0
1489239663.371596575 0.0642941 0.00929017 0 0 0 0 0
1489239663.402962208 0.0722967 0.056651 0 0 0 0 0
1489239663.439355612 0.0713471 0.0164479 0 0 0 0 0
1489239663.471442223 0.0803024 0.0132269 0 0 0 0 0
1489239663.501669407 0.0869086 0.0609048 0 0 0 0 0
1489239663.540240526 0.0791265 0.0575616 0 0 0 0 0
1489239663.566871166 0.0968732 0.0227931 0 0 0 0 0
1489239663.598891497 0.114327 0.0199447 0 0 0 0 0
1489239663.634908199 0.112223 0.0787287 0 0 0 0 0
1489239663.667884350 0.121575 0.0466561 0 0 0 0 0
1489239663.709376097 0.111737 0.0242747 0 0 0 0 0
1489239663.740235567 0.130547 0.045046 0 0 0 0 0
1489239663.772164822 0.131217 0.0682677 0 0 0 0 0
1489239663.802512646 0.162086 0.0993685 0 0 0 0 0
1489239663.833924055 0.166397 0.0358322 0 0 0 0 0
1489239663.869212627 0.162387 0.0736903 0 0 0 0 0
1489239663.901996851 0.171857 0.0792523 0 0 0 0 0
1489239663.939918280 0.162708 0.0354556 0 0 0 0 0
1489239663.968446255 0.188203 0.0281396 0 0 0 0 0
1489239664.003108025 0.174038 0.0658648 0 0 0 0 0
1489239664.039334536 0.170843 0.107778 0 0 0 0 0
1489239664.068402052 0.190599 -0.0156218 0 0 0 0 0
1489239664.101442099 0.204236 0.0210359 0 0 0 0 0
1489239664.138114214 0.19764 0.0978043 0 0 0 0 0
1489239664.169389486 0.217856 0.026543 0 0 0 0 0
1489239664.203437805 0.191418 -0.0227874 0 0 0 0 0
1489239664.236335039 0.215107 0.0330721 0 0 0 0 0
1489239664.269494295 0.216669 0.101283 0 0 0 0 0
1489239664.301369190 0.223466 0.0242659 0 0 0 0 0
1489239664.337049007 0.21354 -0.0408961 0 0 0 0 0
1489239664.371102095 0.218944 0.073367 0 0 0 0 0
1489239664.400505304 0.262283 0.118138 0 0 0 0 0
1489239664.435846090 0.245356 -0.0107203 0 0 0 0 0
1489239664.474292755 0.238213 -0.0181767 0 0 0 0 0
1489239664.500165939 0.295818 0.0102388 0 0 0 0 0
1489239664.538543701 0.249984 0.0823869 0 0 0 0 0
1489239664.571748972 0.266191 -0.029549 0 0 0 0 0
1489239664.601678133 0.307916 -0.0686724 0 0 0 0 0
1489239664.639191389 0.28147 0.0906258 0 0 0 0 0
1489239664.672907352 0.297555 0.0312506 0 0 0 0 0
1489239664.703685999 0.316672 -0.0128871 0 0 0 0 0
1489239664.739662886 0.297665 0.00773914 0 0 0 0 0
1489239664.769520283 0.352132 0.132965 0 0 0 0 0
1489239664.801425457 0.326428 0.0280278 0 0 0 0 0
1489239664.838134289 0.327409 -0.0970013 0 0 0 0 0
1489239664.868341446 0.363481 0.19727 0 0 0 0 0
1489239664.899783134 0.339293 0.0343548 0 0 0 0 0
1489239664.936520576 0.314572 -0.114854 0 0 0 0 0
1489239664.970364809 0.321891 0.152302 0 0 0 0 0
1489239665.004145622 0.34156 0.0709695 0 0 0 0 0
1489239665.037098646 0.324584 -0.0410603 0 0 0 0 0
1489239665.070975542 0.319283 -0.0102353 0 0 0 0 0
1489239665.104457617 0.31984 0.0513407 0 0 0 0 0
1489239665.138882875 0.314139 0.095388 0 0 0 0 0
1489239665.171359301 0.29774 -0.114967 0 0 0 0 0
1489239665.202848911 0.321599 0.0674445 0 0 0 0 0
1489239665.240331650 0.29667 0.0884484 0 0 0 0 0
1489239665.272286177 0.317607 -0.072877 0 0 0 0 0
1489239665.305917501 0.311417 -0.0449478 0 0 0 0 0
1489239665.341470003 0.303571 0.0345197 0 0 0 0 0
1489239665.372932673 0.345021 0.0450089 0 0 0 0 0
1489239665.404430866 0.328498 -0.0654468 0 0 0 0 0
1489239665.435820580 0.354824 -0.0529568 0 0 0 0 0
1489239665.475997210 0.319494 0.0231825 0 0 0 0 0
1489239665.503126144 0.388734 -0.00760125 0 0 0 0 0
1489239665.537951231 0.350137 -0.0928224 0 0 0 0 0
1489239665.565038443 0.399881 -0.0200342 0 0 0 0 0
1489239665.608283758 0.326305 0.0171815 0 0 0 0 0
1489239665.637243748 0.387199 -0.13882 0 0 0 0 0
1489239665.674510002 0.345135 -0.112395 0 0 0 0 0
1489239665.697883368 0.436834 0.15009 0 0 0 0 0
1489239665.742449284 0.329014 0.000135742 0 0 0 0 0
1489239665.771949053 0.38891 -0.148302 0 0 0 0 0
1489239665.802789927 0.382925 0.0527609 0 0 0 0 0
1489239665.839648724 0.352702 0.056916 0 0 0 0 0
1489239665.868315458 0.366746 -0.126441 0 0 0 0 0
1489239665.902489901 0.337856 -0.0188898 0 0 0 0 0
1489239665.936185837 0.333048 0.0301358 0 0 0 0 0
1489239665.969421148 0.329809 -0.0066046 0 0 0 0 0
1489239666.002717495 0.325963 -0.027554 0 0 0 0 0
1489239666.040469646 0.304143 0.0154494 0 0 0 0 0
1489239666.070521116 0.334329 0.0497561 0 0 0 0 0
1489239666.104920149 0.292596 0.009183 0 0 0 0 0
1489239666.136230707 0.323318 -0.038477 0 0 0 0 0
1489239666.170335293 0.311372 0.0214383 0 0 0 0 0
1489239666.202457666 0.320441 0.0486548 0 0 0 0 0
1489239666.244906664 0.281626 -0.0434876 0 0 0 0 0
1489239666.272808075 0.313228 0.0257218 0 0 0 0 0
1489239666.303099632 0.326088 0.0788942 0 0 0 0 0
1489239666.337590933 0.287058 -0.00404034 0 0 0 0 0
1489239666.378427982 0.262095 0.0114239 0 0 0 0 0
1489239666.403939724 0.349857 0.0696962 0 0 0 0 0
1489239666.440577745 0.297813 0.0806526 0 0 0 0 0
1489239666.470766306 0.301899 -0.071927 0 0 0 0 0
1489239666.501995802 0.297462 0.00525331 0 0 0 0 0
1489239666.538795948 0.274524 0.0630001 0 0 0 0 0
1489239666.571279526 0.283352 -0.0128785 0 0 0 0 0
1489239666.600972414 0.294478 0.00380329 0 0 0 0 0
1489239666.639382601 0.261063 0.0249327 0 0 0 0 0
1489239666.668910980 0.291079 0.083676 0 0 0 0 0
1489239666.702708483 0.274345 -0.0242048 0 0 0 0 0
1489239666.735905170 0.275128 -0.0122162 0 0 0 0 0
1489239666.769556999 0.272269 0.115062 0 0 0 0 0
1489239666.800292015 0.284353 -0.0258988 0 0 0 0 0
1489239666.844820738 0.240157 -0.0240645 0 0 0 0 0
1489239666.867134809 0.333649 0.136746 0 0 0 0 0
1489239666.900558233 0.279648 0.0718162 0 0 0 0 0
1489239666.939721584 0.259293 -0.00715701 0 0 0 0 0
1489239666.970079660 0.287641 0.0218124 0 0 0 0 0
1489239667.000742674 0.288055 0.0907429 0 0 0 0 0
1489239667.039346457 0.25742 -0.0145908 0 0 0 0 0
1489239667.068271160 0.29224 -0.0393822 0 0 0 0 0
1489239667.101948500 0.274078 0.066962 0 0 0 0 0
1489239667.145430326 0.242449 0.045087 0 0 0 0 0
1489239667.171902180 0.301954 -0.01396 0 0 0 0 0
1489239667.203553915 0.281172 0.00869815 0 0 0 0 0
1489239667.240198612 0.262469 0.0484677 0 0 0 0 0
1489239667.271534681 0.280816 0.0358092 0 0 0 0 0
1489239667.304017305 0.2775 -0.0316105 0 0 0 0 0
1489239667.337238789 0.296205 0.0269242 0 0 0 0 0
1489239667.370197296 0.278819 0.0521946 0 0 0 0 0
1489239667.400815725 0.313718 0.013107 0 0 0 0 0
1489239667.437779903 0.290313 -0.00874314 0 0 0 0 0
1489239667.469555378 0.313292 0.0776472 0 0 0 0 0
1489239667.502374172 0.311737 0.0410088 0 0 0 0 0
1489239667.539049625 0.297429 -0.0826975 0 0 0 0 0
1489239667.570188522 0.320954 0.0692522 0 0 0 0 0
1489239667.600683928 0.328069 0.0832678 0 0 0 0 0
1489239667.636873245 0.304384 -0.0206587 0 0 0 0 0
1489239667.670335531 0.314192 0.0335794 0 0 0 0 0
1489239667.704519033 0.311173 0.0593212 0 0 0 0 0
1489239667.740432739 0.302617 0.0189987 0 0 0 0 0
1489239667.771105289 0.325268 0.0639644 0 0 0 0 0
1489239667.802387953 0.325359 0.0472473 0 0 0 0 0
1489239667.837600231 0.309011 0.00259418 0 0 0 0 0
1489239667.871306181 0.314266 0.0594893 0 0 0 0 0
1489239667.899043798 0.347573 -0.00685009 0 0 0 0 0
1489239667.935657263 0.307437 0.0511754 0 0 0 0 0
1489239667.970891237 0.309737 0.0365889 0 0 0 0 0
1489239668.003920078 0.340476 -0.0281664 0 0 0 0 0
1489239668.039838552 0.329984 0.0882172 0 0 0 0 0
1489239668.070296764 0.33605 0.0442791 0 0 0 0 0
1489239668.101360798 0.359693 -0.0272235 0 0 0 0 0
1489239668.136796474 0.341953 0.0509735 0 0 0 0 0
1489239668.166833639 0.372513 0.0399383 0 0 0 0 0
1489239668.198214769 0.370064 -0.00879291 0 0 0 0 0
1489239668.237272263 0.335929 0.0271857 0 0 0 0 0
1489239668.268252134 0.371021 -0.0135673 0 0 0 0 0
1489239668.302155972 0.357473 0.0910361 0 0 0 0 0
1489239668.338961124 0.342519 -0.0631224 0 0 0 0 0
1489239668.368700027 0.403353 0.00103349 0 0 0 0 0
1489239668.399560452 0.381074 0.0964507 0 0 0 0 0
1489239668.445612907 0.335644 -0.0638072 0 0 0 0 0
1489239668.471354008 0.415205 0.0278122 0 0 0 0 0
1489239668.503243208 0.403663 0.00568812 0 0 0 0 0
1489239668.538514137 0.387306 0.00375128 0 0 0 0 0
1489239668.570661783 0.40661 0.0245423 0 0 0 0 0
1489239668.603418589 0.40693 -0.0383969 0 0 0 0 0
1489239668.636680365 0.38196 -0.0259044 0 0 0 0 0
1489239668.670700312 0.39618 0.0137643 0 0 0 0 0
1489239668.700815916 0.397097 0.120871 0 0 0 0 0
1489239668.742554665 0.341365 -0.0681855 0 0 0 0 0
1489239668.770813465 0.42579 0.00457479 0 0 0 0 0
1489239668.807556868 0.359431 0.105601 0 0 0 0 0
1489239668.842324972 0.384192 0.0210313 0 0 0 0 0
1489239668.870577574 0.403102 0.0436613 0 0 0 0 0
1489239668.901412487 0.414731 -0.0503499 0 0 0 0 0
1489239668.938149691 0.363379 0.0855867 0 0 0 0 0
1489239668.969375134 0.386856 0.0870949 0 0 0 0 0
1489239669.002651930 0.374094 -0.0177063 0 0 0 0 0
1489239669.041223764 0.345718 0.0155642 0 0 0 0 0
1489239669.071218967 0.407499 0.0885158 0 0 0 0 0
1489239669.104397058 0.371234 0.0678674 0 0 0 0 0
1489239669.138820648 0.385041 -0.0814993 0 0 0 0 0
1489239669.171320438 0.398747 0.0727948 0 0 0 0 0
1489239669.202733040 0.410221 0.204701 0 0 0 0 0
1489239669.239768267 0.381465 -0.115031 0 0 0 0 0
1489239669.273905039 0.394996 0.0109035 0 0 0 0 0
1489239669.308294058 0.393768 0.161819 0 0 0 0 0
1489239669.339437008 0.413741 0.0327313 0 0 0 0 0
1489239669.370656490 0.416935 -0.0700103 0 0 0 0 0
1489239669.402327299 0.418037 0.078733 0 0 0 0 0
1489239669.438674927 0.413873 0.0579093 0 0 0 0 0
1489239669.470533848 0.420063 -0.0526512 0 0 0 0 0
1489239669.501725435 0.449569 -0.0937253 0 0 0 0 0
1489239669.535232544 0.439395 0.117489 0 0 0 0 0
1489239669.571658611 0.424232 0.00706929 0 0 0 0 0
1489239669.604852676 0.420383 -0.128639 0 0 0 0 0
1489239669.640399218 0.425449 0.0668568 0 0 0 0 0
1489239669.669849873 0.442095 0.128087 0 0 0 0 0
1489239669.702786446 0.420745 -0.0908078 0 0 0 0 0
1489239669.737363338 0.409549 0.00130521 0 0 0 0 0
1489239669.769195557 0.422884 0.191426 0 0 0 0 0
1489239669.801988125 0.393442 0.0358045 0 0 0 0 0
1489239669.837764025 0.393082 -0.0314753 0 0 0 0 0
1489239669.866481304 0.409658 0.122831 0 0 0 0 0
1489239669.899564505 0.405732 0.0556843 0 0 0 0 0
1489239669.942167044 0.360264 0.0458224 0 0 0 0 0
1489239669.971745253 0.396701 0.0789787 0 0 0 0 0
1489239670.001528025 0.421431 0.0343791 0 0 0 0 0
1489239670.038055420 0.385185 0.108283 0 0 0 0 0
1489239670.069605350 0.412215 0.0370024 0 0 0 0 0
1489239670.105603933 0.389999 0.0310297 0 0 0 0 0
1489239670.140948296 0.390698 0.0880122 0 0 0 0 0
1489239670.171503782 0.418375 -0.0177577 0 0 0 0 0
1489239670.203541279 0.41291 0.0848879 0 0 0 0 0
1489239670.239097834 0.394043 0.0246666 0 0 0 0 0
1489239670.268307686 0.459281 0.0202914 0 0 0 0 0
1489239670.300352097 0.424146 0.109052 0 0 0 0 0
1489239670.338068962 0.412931 -0.0480365 0 0 0 0 0
1489239670.368733883 0.432303 0.156874 0 0 0 0 0
1489239670.408164024 0.404286 -0.00198234 0 0 0 0 0
1489239670.437888861 0.460911 0.0237836 0 0 0 0 0
1489239670.470475435 0.447217 0.202012 0 0 0 0 0
1489239670.508542061 0.398221 0.0121804 0 0 0 0 0
1489239670.541981459 0.415205 -0.0772128 0 0 0 0 0
1489239670.572573662 0.456085 0.105915 0 0 0 0 0
1489239670.602690697 0.440156 0.0956861 0 0 0 0 0
1489239670.639290571 0.423114 -0.0131032 0 0 0 0 0
1489239670.670535088 0.43339 0.0184631 0 0 0 0 0
1489239670.705154657 0.433943 0.0599531 0 0 0 0 0
1489239670.738935947 0.416243 0.0626717 0 0 0 0 0
1489239670.770512104 0.426937 -0.00105202 0 0 0 0 0
1489239670.800620079 0.46238 0.0659681 0 0 0 0 0
1489239670.838979959 0.396078 0.139701 0 0 0 0 0
1489239670.870876312 0.424032 -0.0297317 0 0 0 0 0
1489239670.904249668 0.414376 -0.0234277 0 0 0 0 0
1489239670.938919544 0.404204 0.159669 0 0 0 0 0
1489239670.972193480 0.408382 0.0549891 0 0 0 0 0
1489239671.003389835 0.421655 -0.0651207 0 0 0 0 0
1489239671.038633823 0.398548 0.0313164 0 0 0 0 0
1489239671.070549488 0.415831 0.127566 0 0 0 0 0
1489239671.102291822 0.418515 -0.0444901 0 0 0 0 0
1489239671.138100386 0.416789 0.0310733 0 0 0 0 0
1489239671.170987606 0.413213 0.105155 0 0 0 0 0
1489239671.203611135 0.415033 -0.0644081 0 0 0 0 0
1489239671.240179300 0.392468 0.065351 0 0 0 0 0
1489239671.271100998 0.421543 0.136846 0 0 0 0 0
1489239671.302614927 0.419868 -0.0592809 0 0 0 0 0
1489239671.335785389 0.411015 0.0119854 0 0 0 0 0
1489239671.370182037 0.403507 0.0759211 0 0 0 0 0
1489239671.402074575 0.417396 -0.00563842 0 0 0 0 0
1489239671.439931631 0.384681 0.00849498 0 0 0 0 0
1489239671.468893290 0.407941 0.0608773 0 0 0 0 0
1489239671.499455690 0.42241 0.0166819 0 0 0 0 0
1489239671.537275553 0.383767 0.0130356 0 0 0 0 0
1489239671.570743322 0.402144 0.0564758 0 0 0 0 0
1489239671.603842497 0.382188 -0.0727443 0 0 0 0 0
1489239671.639463663 0.386046 0.0382025 0 0 0 0 0
1489239671.669382095 0.394799 0.0532033 0 0 0 0 0
1489239671.701178074 0.38419 -0.0352919 0 0 0 0 0
1489239671.738060236 0.356706 0.0418067 0 0 0 0 0
1489239671.771052122 0.369899 0.0785494 0 0 0 0 0
1489239671.802533150 0.352672 -0.00273045 0 0 0 0 0
1489239671.840390921 0.339635 -0.0458266 0 0 0 0 0
1489239671.870938540 0.372374 0.147795 0 0 0 0 0
1489239671.899137974 0.365647 0.0529564 0 0 0 0 0
1489239671.938568592 0.332986 -0.0671359 0 0 0 0 0
1489239671.971141100 0.337094 0.0530912 0 0 0 0 0
1489239672.003001928 0.361163 0.107466 0 0 0 0 0
1489239672.039343357 0.319066 0.0460446 0 0 0 0 0
1489239672.071152925 0.333649 -0.019911 0 0 0 0 0
1489239672.101999521 0.362375 0.0163256 0 0 0 0 0
1489239672.138573408 0.336795 0.112868 0 0 0 0 0
1489239672.167368412 0.353641 -0.000732826 0 0 0 0 0
1489239672.200428009 0.355941 -0.0733948 0 0 0 0 0
1489239672.239006519 0.331802 0.036226 0 0 0 0 0
1489239672.272196054 0.353017 0.092266 0 0 0 0 0
1489239672.301835537 0.376399 -0.0341364 0 0 0 0 0
1489239672.344269991 0.303123 -0.0107225 0 0 0 0 0
1489239672.370374918 0.399177 0.0900303 0 0 0 0 0
1489239672.401095867 0.376206 0.0664617 0 0 0 0 0
1489239672.439039469 0.342626 -0.0155451 0 0 0 0 0
1489239672.471245050 0.366624 -0.00797877 0 0 0 0 0
1489239672.503548145 0.368329 0.100162 0 0 0 0 0
1489239672.539184570 0.350362 0.0837907 0 0 0 0 0
1489239672.571217537 0.366715 -0.0635186 0 0 0 0 0
1489239672.603187084 0.369033 0.103394 0 0 0 0 0
1489239672.637932062 0.333603 0.0677433 0 0 0 0 0
1489239672.673641205 0.344552 0.00587618 0 0 0 0 0
1489239672.703298330 0.376818 0.0691174 0 0 0 0 0
1489239672.738008261 0.351989 -0.0165998 0 0 0 0 0
1489239672.769678354 0.367805 0.105822 0 0 0 0 0
1489239672.800964832 0.373344 0.0258801 0 0 0 0 0
1489239672.837070942 0.350316 -0.0395193 0 0 0 0 0
1489239672.869772911 0.364206 0.0516347 0 0 0 0 0
1489239672.900640249 0.375797 0.0852272 0 0 0 0 0
1489239672.944526911 0.303302 -0.0120727 0 0 0 0 0
1489239672.971376657 0.394781 0.0974216 0 0 0 0 0
1489239672.999047995 0.370265 0.0287779 0 0 0 0 0
1489239673.043007851 0.319091 -0.044874 0 0 0 0 0
1489239673.070534229 0.365025 0.249889 0 0 0 0 0
1489239673.101409197 0.37227 0.0509957 0 0 0 0 0
1489239673.138979435 0.33958 -0.0153001 0 0 0 0 0
1489239673.171070576 0.340065 0.0741126 0 0 0 0 0
1489239673.202695608 0.364448 0.0538553 0 0 0 0 0
1489239673.242719889 0.307846 0.116673 0 0 0 0 0
1489239673.272531986 0.3436 -0.0626489 0 0 0 0 0
1489239673.303300142 0.363656 0.111641 0 0 0 0 0
1489239673.339096546 0.32017 0.048259 0 0 0 0 0
1489239673.371238708 0.355297 0.0259668 0 0 0 0 0
1489239673.402547359 0.340577 0.116358 0 0 0 0 0
1489239673.438226461 0.340038 0.0165376 0 0 0 0 0
1489239673.466666698 0.355518 0.0521624 0 0 0 0 0
1489239673.500241518 0.330543 0.115269 0 0 0 0 0
1489239673.539067030 0.325248 0.0190177 0 0 0 0 0
1489239673.571345568 0.330085 0.0968967 0 0 0 0 0
1489239673.603609324 0.351892 0.036367 0 0 0 0 0
1489239673.640312910 0.33267 0.0703727 0 0 0 0 0
1489239673.670042038 0.370726 0.131159 0 0 0 0 0
1489239673.701812506 0.364888 -0.00198087 0 0 0 0 0
1489239673.736082077 0.354804 0.0719378 0 0 0 0 0
1489239673.776155710 0.310613 0.0681851 0 0 0 0 0
1489239673.803346634 0.391375 0.0307876 0 0 0 0 0
1489239673.838973284 0.347268 0.0656159 0 0 0 0 0
1489239673.868740320 0.378841 0.0281567 0 0 0 0 0
1489239673.904054642 0.352694 0.0219617 0 0 0 0 0
1489239673.937918663 0.359116 0.12754 0 0 0 0 0
1489239673.969500780 0.370252 -0.0126334 0 0 0 0 0
1489239674.000350475 0.376924 -0.00412197 0 0 0 0 0
1489239674.037645817 0.345598 0.111759 0 0 0 0 0
1489239674.069886446 0.36703 0.0734083 0 0 0 0 0
1489239674.100984097 0.374693 -0.0178708 0 0 0 0 0
1489239674.136777878 0.351288 0.0184069 0 0 0 0 0
1489239674.170304537 0.359686 0.170643 0 0 0 0 0
1489239674.200915575 0.376765 0.112333 0 0 0 0 0
1489239674.237151384 0.32828 -0.0131313 0 0 0 0 0
1489239674.270036936 0.358439 0.0322082 0 0 0 0 0
1489239674.300883770 0.371404 0.170232 0 0 0 0 0
1489239674.335612774 0.352749 0.0864062 0 0 0 0 0
1489239674.371375799 0.325547 0.00340513 0 0 0 0 0
1489239674.400813818 0.37722 0.0577726 0 0 0 0 0
1489239674.440568924 0.329281 0.123618 0 0 0 0 0
1489239674.470571995 0.372923 -0.037 0 0 0 0 0
1489239674.506781816 0.343936 0.0170902 0 0 0 0 0
1489239674.544076443 0.337647 0.0734956 0 0 0 0 0
1489239674.574133873 0.372805 0.144601 0 0 0 0 0
1489239674.601395845 0.398678 0.0398036 0 0 0 0 0
1489239674.645856142 0.32178 -0.0465552 0 0 0 0 0
1489239674.673306227 0.424605 0.151512 0 0 0 0 0
1489239674.705133915 0.380506 0.12886 0 0 0 0 0
1489239674.737760544 0.37609 -0.023182 0 0 0 0 0
1489239674.776097536 0.347594 0.027516 0 0 0 0 0
1489239674.805281639 0.391125 0.125363 0 0 0 0 0
1489239674.838927269 0.365606 -0.0112921 0 0 0 0 0
1489239674.870057821 0.354262 0.0904707 0 0 0 0 0
1489239674.901698112 0.372113 0.0303124 0 0 0 0 0
1489239674.944430113 0.324308 0.00720718 0 0 0 0 0
1489239674.978132248 0.352693 0.192639 0 0 0 0 0
1489239675.009073019 0.344053 -0.0256122 0 0 0 0 0
1489239675.041996241 0.332462 -0.0651819 0 0 0 0 0
1489239675.070049524 0.383797 0.136524 0 0 0 0 0
1489239675.103028536 0.338109 0.115635 0 0 0 0 0
1489239675.138320208 0.345917 -0.0492648 0 0 0 0 0
1489239675.170667648 0.337456 -0.00531807 0 0 0 0 0
1489239675.199782610 0.378781 0.113056 0 0 0 0 0
1489239675.237344742 0.337856 0.0026864 0 0 0 0 0
1489239675.276324034 0.310327 -0.0240111 0 0 0 0 0
1489239675.304626942 0.353278 -0.0994378 0 0 0 0 0
1489239675.340945482 0.314709 0.044432 0 0 0 0 0
1489239675.373500109 0.325378 -0.00829606 0 0 0 0 0
1489239675.403992653 0.335568 -0.129215 0 0 0 0 0
1489239675.445696354 0.273128 -0.045614 0 0 0 0 0
1489239675.474540949 0.309486 -0.0791561 0 0 0 0 0
1489239675.504301310 0.304136 -0.0360096 0 0 0 0 0
1489239675.538582087 0.282815 -0.0300975 0 0 0 0 0
1489239675.571140528 0.262146 -0.113831 0 0 0 0 0
1489239675.600696087 0.267817 -0.0348395 0 0 0 0 0
1489239675.643040180 0.207332 -0.0288527 0 0 0 0 0
1489239675.668875933 0.238294 -0.11104 0 0 0 0 0
1489239675.702111721 0.16385 -0.0808785 0 0 0 0 0
1489239675.737347126 0.166594 -0.0161571 0 0 0 0 0
1489239675.770364285 0.137594 -0.0279099 0 0 0 0 0
1489239675.801861048 0.104657 -0.0693062 0 0 0 0 0
1489239675.840275288 0.0859768 -0.0237074 0 0 0 0 0
1489239675.870231152 0.054983 0.0313762 0 0 0 0 0
1489239675.907237768 0.0412385 -0.00560698 0 0 0 0 0
1489239675.946969986 0.0303257 -0.040033 0 0 0 0 0
1489239675.974182844 0.0220481 -0.00689539 0 0 0 0 0
1489239676.005092382 0.0158315 0.0179072 0 0 0 0 0
1489239676.040012360 0.011568 -0.0447251 0 0 0 0 0
1489239676.071833134 0.00840941 -0.0797134 0 0 0 0 0
1489239676.103565931 0.00610263 -0.0685118 0 0 0 0 0
1489239676.139676094 0.00443031 -0.0292365 0 0 0 0 0
1489239676.172591925 0.0032208 -0.117544 0 0 0 0 0
1489239676.202592611 0.00233944 -0.113787 0 0 0 0 0
1489239676.238939047 0.00169917 -0.0467383 0 0 0 0 0
1489239676.268355370 0.00123434 -0.167211 0 0 0 0 0
1489239676.299719095 0.024847 -0.177366 0 0 0 0 0
1489239676.345280170 0.0219286 -0.120341 0 0 0 0 0
1489239676.375101805 0.0335099 -0.120069 0 0 0 0 0
1489239676.405895233 0.0125377 -0.26316 0 0 0 0 0
1489239676.437395334 0.0348158 -0.282168 0 0 0 0 0
1489239676.470090389 0.0362663 -0.113931 0 0 0 0 0
1489239676.502518892 0.0154049 -0.282596 0 0 0 0 0
1489239676.538402081 0.0126294 -0.324157 0 0 0 0 0
1489239676.572304964 0.010204 -0.221279 0 0 0 0 0
1489239676.600960016 0.0597175 -0.336385 0 0 0 0 0
1489239676.637036800 0.0155073 -0.313455 0 0 0 0 0
1489239676.670547247 0.036127 -0.375468 0 0 0 0 0
1489239676.701761961 0.0160334 -0.35918 0 0 0 0 0
1489239676.735737801 0.0131623 -0.375145 0 0 0 0 0
1489239676.769950390 0.00942554 -0.401513 0 0 0 0 0
1489239676.802863121 0.00726915 -0.350902 0 0 0 0 0
1489239676.836481094 0.00498557 -0.409148 0 0 0 0 0
1489239676.877093077 0.00368816 -0.378191 0 0 0 0 0
1489239676.906169415 0.00268366 -0.476132 0 0 0 0 0
1489239676.938439131 0.00195197 -0.443011 0 0 0 0 0
1489239676.970831633 0.00141104 -0.40367 0 0 0 0 0
1489239677.001339197 0.00102778 -0.508945 0 0 0 0 0
1489239677.044246197 0.000746591 -0.422872 0 0 0 0 0
1489239677.071945667 0.000542187 -0.548601 0 0 0 0 0
1489239677.103650808 0.000393756 -0.457293 0 0 0 0 0
1489239677.140406370 0.000286127 -0.486534 0 0 0 0 0
1489239677.170480728 0.000207837 -0.516437 0 0 0 0 0
1489239677.203256130 0.000150971 -0.524235 0 0 0 0 0
1489239677.238333464 0.00010967 -0.467809 0 0 0 0 0
1489239677.271200895 -0.0227749 -0.408024 0 0 0 0 0
1489239677.303298712 -0.0279156 -0.580784 0 0 0 0 0
1489239677.337247610 -0.00898083 -0.471444 0 0 0 0 0
1489239677.376238585 -0.00825551 -0.3611 0 0 0 0 0
1489239677.404906034 -0.0331314 -0.614151 0 0 0 0 0
1489239677.440278292 -0.0313946 -0.571471 0 0 0 0 0
1489239677.471193314 -0.0368211 -0.411772 0 0 0 0 0
1489239677.502206326 -0.0400205 -0.562173 0 0 0 0 0
1489239677.538437605 -0.039056 -0.510651 0 0 0 0 0
1489239677.571244478 -0.0419628 -0.576509 0 0 0 0 0
1489239677.603192568 -0.0436063 -0.36268 0 0 0 0 0
1489239677.640651703 -0.0610284 -0.558783 0 0 0 0 0
1489239677.670349360 -0.0754836 -0.653727 0 0 0 0 0
1489239677.701102495 -0.0551356 -0.426096 0 0 0 0 0
1489239677.744842052 -0.0478065 -0.446053 0 0 0 0 0
1489239677.770372868 -0.0872756 -0.658023 0 0 0 0 0
1489239677.802840233 -0.05705 -0.597461 0 0 0 0 0
1489239677.836396217 -0.0544244 -0.485418 0 0 0 0 0
1489239677.869930029 -0.0529607 -0.498636 0 0 0 0 0
1489239677.900722980 -0.077613 -0.630813 0 0 0 0 0
1489239677.937791348 -0.0520261 -0.502107 0 0 0 0 0
1489239677.969696522 -0.0771521 -0.527957 0 0 0 0 0
1489239678.001126528 -0.0575435 -0.674898 0 0 0 0 0
1489239678.043911457 -0.0672786 -0.541528 0 0 0 0 0
1489239678.068943739 -0.0624118 -0.497333 0 0 0 0 0
1489239678.100626945 -0.0796037 -0.724696 0 0 0 0 0
1489239678.144020557 -0.0695088 -0.549595 0 0 0 0 0
1489239678.169710398 -0.0939274 -0.587603 0 0 0 0 0
1489239678.200577021 -0.0646288 -0.637733 0 0 0 0 0
1489239678.245220900 -0.0715976 -0.508633 0 0 0 0 0
1489239678.274364948 -0.0884308 -0.695693 0 0 0 0 0
1489239678.303498030 -0.0653692 -0.669281 0 0 0 0 0
1489239678.339333057 -0.0786535 -0.488524 0 0 0 0 0
1489239678.371029377 -0.085357 -0.671984 0 0 0 0 0
1489239678.401006460 -0.0899442 -0.735042 0 0 0 0 0
1489239678.436835527 -0.083857 -0.497714 0 0 0 0 0
1489239678.469870329 -0.0882089 -0.619516 0 0 0 0 0
1489239678.499605894 -0.094006 -0.709533 0 0 0 0 0
1489239678.543728113 -0.078965 -0.525494 0 0 0 0 0
1489239678.571888924 -0.0962563 -0.671513 0 0 0 0 0
1489239678.602817535 -0.0934815 -0.630542 0 0 0 0 0
1489239678.636403799 -0.112828 -0.605383 0 0 0 0 0
1489239678.669615746 -0.0727791 -0.64808 0 0 0 0 0
1489239678.701949120 -0.092105 -0.47955 0 0 0 0 0
1489239678.738858223 -0.0859985 -0.691906 0 0 0 0 0
1489239678.769974947 -0.0922156 -0.643091 0 0 0 0 0
1489239678.799122572 -0.0957348 -0.441518 0 0 0 0 0
1489239678.843851566 -0.079772 -0.546425 0 0 0 0 0
1489239678.870592356 -0.100018 -0.611242 0 0 0 0 0
1489239678.901454926 -0.094832 -0.523719 0 0 0 0 0
1489239678.937846184 -0.088016 -0.458776 0 0 0 0 0
1489239678.970204592 -0.0922465 -0.537109 0 0 0 0 0
1489239679.001616001 -0.117878 -0.545914 0 0 0 0 0
1489239679.038241386 -0.0919748 -0.507734 0 0 0 0 0
1489239679.071229935 -0.0952433 -0.442106 0 0 0 0 0
1489239679.102689743 -0.0969993 -0.484612 0 0 0 0 0
1489239679.137752533 -0.0916249 -0.519595 0 0 0 0 0
1489239679.169874907 -0.0937672 -0.503237 0 0 0 0 0
1489239679.200634718 -0.0958003 -0.468765 0 0 0 0 0
1489239679.244275808 -0.0816625 -0.38302 0 0 0 0 0
1489239679.271412611 -0.127703 -0.61045 0 0 0 0 0
1489239679.302053452 -0.101089 -0.545534 0 0 0 0 0
1489239679.336849451 -0.0955052 -0.39184 0 0 0 0 0
1489239679.369378805 -0.097302 -0.563429 0 0 0 0 0
1489239679.399406672 -0.100312 -0.606484 0 0 0 0 0
1489239679.438524485 -0.0876682 -0.329835 0 0 0 0 0
1489239679.471099138 -0.0932058 -0.55546 0 0 0 0 0
1489239679.503095865 -0.0936406 -0.601258 0 0 0 0 0
1489239679.538035393 -0.0894897 -0.524666 0 0 0 0 0
1489239679.568901300 -0.0943212 -0.510334 0 0 0 0 0
1489239679.599957943 -0.0946863 -0.558683 0 0 0 0 0
1489239679.636461020 -0.087873 -0.517561 0 0 0 0 0
1489239679.668869972 -0.0920399 -0.588817 0 0 0 0 0
1489239679.700531244 -0.093224 -0.513848 0 0 0 0 0
1489239679.739028931 -0.0849966 -0.426757 0 0 0 0 0
1489239679.770177364 -0.0928122 -0.656835 0 0 0 0 0
1489239679.801920891 -0.0925638 -0.512658 0 0 0 0 0
1489239679.837467909 -0.0878589 -0.501692 0 0 0 0 0
1489239679.869399786 -0.0920357 -0.546327 0 0 0 0 0
1489239679.901923895 -0.0916746 -0.568636 0 0 0 0 0
1489239679.938145638 -0.0870306 -0.499418 0 0 0 0 0
1489239679.969493866 -0.0926781 -0.552216 0 0 0 0 0
1489239680.000305891 -0.0941177 -0.586216 0 0 0 0 0
1489239680.036440134 -0.0875887 -0.569257 0 0 0 0 0
1489239680.069754601 -0.0903505 -0.597399 0 0 0 0 0
1489239680.102420330 -0.0912454 -0.451944 0 0 0 0 0
1489239680.137340069 -0.0882891 -0.610146 0 0 0 0 0
1489239680.169729233 -0.0911432 -0.602457 0 0 0 0 0
1489239680.200907230 -0.0933 -0.455596 0 0 0 0 0
1489239680.237878799 -0.0863577 -0.549321 0 0 0 0 0
1489239680.269326925 -0.0925673 -0.603098 0 0 0 0 0
1489239680.302582264 -0.0905302 -0.572113 0 0 0 0 0
1489239680.341896772 -0.0835053 -0.416241 0 0 0 0 0
1489239680.370810032 -0.0958155 -0.620277 0 0 0 0 0
1489239680.402582407 -0.0926548 -0.651837 0 0 0 0 0
1489239680.436341047 -0.0902827 -0.471509 0 0 0 0 0
1489239680.467951298 -0.0932386 -0.512365 0 0 0 0 0
1489239680.500212669 -0.0928142 -0.548584 0 0 0 0 0
1489239680.543336868 -0.0810472 -0.49258 0 0 0 0 0
1489239680.570642233 -0.0989895 -0.640453 0 0 0 0 0
1489239680.601057768 -0.0952922 -0.479875 0 0 0 0 0
1489239680.635217190 -0.0906326 -0.532405 0 0 0 0 0
1489239680.674412489 -0.0847013 -0.554383 0 0 0 0 0
1489239680.705554962 -0.0691343 -0.463559 0 0 0 0 0
1489239680.738600969 -0.063091 -0.502949 0 0 0 0 0
1489239680.769230127 -0.0850395 -0.644269 0 0 0 0 0
1489239680.801707029 -0.0838788 -0.555706 0 0 0 0 0
1489239680.838284969 -0.0598336 -0.363334 0 0 0 0 0
1489239680.871823549 -0.0810015 -0.558912 0 0 0 0 0
1489239680.904058933 -0.0844205 -0.626616 0 0 0 0 0
1489239680.938276768 -0.0611642 -0.404891 0 0 0 0 0
1489239680.969800949 -0.0598161 -0.391887 0 0 0 0 0
1489239681.002298594 -0.0798592 -0.599261 0 0 0 0 0
1489239681.039608240 -0.0755485 -0.491866 0 0 0 0 0
1489239681.069105625 -0.0615941 -0.40037 0 0 0 0 0
1489239681.101994038 -0.0803078 -0.415951 0 0 0 0 0
1489239681.133730412 -0.0841866 -0.600803 0 0 0 0 0
1489239681.175196171 -0.0569358 -0.5006 0 0 0 0 0
1489239681.201139450 -0.06408 -0.280786 0 0 0 0 0
1489239681.239087105 -0.0733802 -0.489036 0 0 0 0 0
1489239681.269394636 -0.0837608 -0.566742 0 0 0 0 0
1489239681.300562143 -0.0852161 -0.360223 0 0 0 0 0
1489239681.336375952 -0.0611237 -0.471493 0 0 0 0 0
1489239681.371187687 -0.0802084 -0.423508 0 0 0 0 0
1489239681.402976274 -0.0615501 -0.43229 0 0 0 0 0
1489239681.437622786 -0.0780764 -0.431784 0 0 0 0 0
1489239681.471241474 -0.0582687 -0.395736 0 0 0 0 0
1489239681.503161192 -0.0805969 -0.372922 0 0 0 0 0
1489239681.537476778 -0.0795249 -0.461212 0 0 0 0 0
1489239681.571505785 -0.081874 -0.429914 0 0 0 0 0
1489239681.603389025 -0.0863968 -0.30641 0 0 0 0 0
1489239681.636723042 -0.0866121 -0.393189 0 0 0 0 0
1489239681.668129206 -0.0902814 -0.525239 0 0 0 0 0
1489239681.703059673 -0.0437815 -0.323602 0 0 0 0 0
1489239681.741119623 -0.0747526 -0.237588 0 0 0 0 0
1489239681.772343874 -0.082991 -0.552855 0 0 0 0 0
1489239681.803446293 -0.0850063 -0.397892 0 0 0 0 0
1489239681.839332342 -0.0600464 -0.265192 0 0 0 0 0
1489239681.872431993 -0.0821854 -0.361298 0 0 0 0 0
1489239681.903608799 -0.086282 -0.51652 0 0 0 0 0
1489239681.940644741 -0.0601214 -0.366043 0 0 0 0 0
1489239681.971505880 -0.0848681 -0.248718 0 0 0 0 0
1489239682.003484249 -0.0622192 -0.456025 0 0 0 0 0
1489239682.039239407 -0.0775178 -0.400865 0 0 0 0 0
1489239682.072376966 -0.0589976 -0.372954 0 0 0 0 0
1489239682.103950739 -0.0576835 -0.287848 0 0 0 0 0
1489239682.139718294 -0.073252 -0.30231 0 0 0 0 0
1489239682.169249535 -0.058515 -0.618475 0 0 0 0 0
1489239682.199985743 -0.0558483 -0.314154 0 0 0 0 0
1489239682.238262415 -0.049781 -0.278663 0 0 0 0 0
1489239682.267479181 -0.0535578 -0.513789 0 0 0 0 0
1489239682.300831079 -0.0492119 -0.341926 0 0 0 0 0
1489239682.336374044 -0.0679149 -0.379086 0 0 0 0 0
1489239682.370332003 -0.0288096 -0.325037 0 0 0 0 0
1489239682.402782679 -0.0698444 -0.366791 0 0 0 0 0
1489239682.439568996 -0.0479622 -0.360753 0 0 0 0 0
1489239682.469547510 -0.0764597 -0.378926 0 0 0 0 0
1489239682.502891302 -0.0534392 -0.27287 0 0 0 0 0
1489239682.538367987 -0.0727925 -0.335084 0 0 0 0 0
1489239682.571036577 -0.0556121 -0.347682 0 0 0 0 0
1489239682.603492260 -0.0774972 -0.258538 0 0 0 0 0
1489239682.645181179 -0.0518109 -0.277042 0 0 0 0 0
1489239682.677082300 -0.0547344 -0.31041 0 0 0 0 0
1489239682.703151703 -0.0580631 -0.319626 0 0 0 0 0
1489239682.739750862 -0.049403 -0.294675 0 0 0 0 0
1489239682.772029400 -0.0499256 -0.291291 0 0 0 0 0
1489239682.804112196 -0.0493521 -0.337103 0 0 0 0 0
1489239682.840865612 -0.0456408 -0.258673 0 0 0 0 0
1489239682.870685101 -0.0491843 -0.246846 0 0 0 0 0
1489239682.902736187 -0.0475511 -0.323791 0 0 0 0 0
1489239682.935806513 -0.0466339 -0.212597 0 0 0 0 0
1489239682.969290018 -0.046094 -0.195956 0 0 0 0 0
1489239683.001787663 -0.0696574 -0.185092 0 0 0 0 0
1489239683.037772417 -0.0696359 -0.208152 0 0 0 0 0
1489239683.071385860 -0.0760115 -0.188939 0 0 0 0 0
1489239683.103729725 -0.0813671 -0.0741113 0 0 0 0 0
1489239683.140562534 -0.0789097 -0.154745 0 0 0 0 0
1489239683.172043562 -0.0867921 -0.119052 0 0 0 0 0
1489239683.202821255 -0.0899448 -0.0151059 0 0 0 0 0
1489239683.240058422 -0.0833123 -0.040059 0 0 0 0 0
1489239683.271580458 -0.0904389 -0.101354 0 0 0 0 0
1489239683.305074215 -0.0887731 0.0110763 0 0 0 0 0
1489239683.341642857 -0.105773 -0.017749 0 0 0 0 0
1489239683.371063471 -0.124276 -0.116075 0 0 0 0 0
1489239683.402264118 -0.126347 -0.00578085 0 0 0 0 0
1489239683.438843012 -0.141069 -0.0197885 0 0 0 0 0
1489239683.469483852 -0.138428 -0.0663119 0 0 0 0 0
1489239683.502745628 -0.158029 -0.0903101 0 0 0 0 0
1489239683.537416458 -0.159457 -0.0302767 0 0 0 0 0
1489239683.570326567 -0.167792 -0.0500294 0 0 0 0 0
1489239683.601696253 -0.175984 -0.122602 0 0 0 0 0
1489239683.637727261 -0.188452 -0.122894 0 0 0 0 0
1489239683.670583010 -0.203154 -0.0951753 0 0 0 0 0
1489239683.703897953 -0.230172 -0.0522308 0 0 0 0 0
1489239683.738340616 -0.256817 -0.108518 0 0 0 0 0
1489239683.770867348 -0.277285 -0.16058 0 0 0 0 0
1489239683.801903486 -0.296576 -0.0100074 0 0 0 0 0
1489239683.846218109 -0.256754 0.0281983 0 0 0 0 0
1489239683.873252630 -0.386477 -0.156164 0 0 0 0 0
1489239683.905343771 -0.34659 -0.0360328 0 0 0 0 0
1489239683.938219786 -0.373431 0.0630108 0 0 0 0 0
1489239683.969292641 -0.39573 0.0171462 0 0 0 0 0
1489239684.000268698 -0.431644 -0.0227616 0 0 0 0 0
1489239684.039123297 -0.374357 0.00251906 0 0 0 0 0
1489239684.068756104 -0.451355 0.00195474 0 0 0 0 0
1489239684.107846022 -0.40154 -0.0390528 0 0 0 0 0
1489239684.138336658 -0.428754 -0.057637 0 0 0 0 0
1489239684.169916153 -0.447702 0.05424 0 0 0 0 0
1489239684.202036381 -0.450437 -0.0950765 0 0 0 0 0
1489239684.237807512 -0.430189 -0.0395785 0 0 0 0 0
1489239684.270315409 -0.450884 0.0496325 0 0 0 0 0
1489239684.305888653 -0.433296 -0.0239055 0 0 0 0 0
1489239684.338350773 -0.451232 -0.0522914 0 0 0 0 0
1489239684.372136831 -0.44417 -0.0332755 0 0 0 0 0
1489239684.403542519 -0.461575 0.0811903 0 0 0 0 0
1489239684.440984488 -0.446413 -0.0352707 0 0 0 0 0
1489239684.471125841 -0.499635 -0.175132 0 0 0 0 0
1489239684.501730442 -0.480699 0.0642386 0 0 0 0 0
1489239684.538379669 -0.443767 0.0280706 0 0 0 0 0
1489239684.571344614 -0.483799 -0.0723339 0 0 0 0 0
1489239684.601794243 -0.532408 0.0367109 0 0 0 0 0
1489239684.635725975 -0.513115 0.00251108 0 0 0 0 0
1489239684.671078205 -0.508031 -0.084747 0 0 0 0 0
1489239684.706889629 -0.507713 -0.0165183 0 0 0 0 0
1489239684.739361286 -0.533276 0.0785307 0 0 0 0 0
1489239684.768086910 -0.573069 -0.0473793 0 0 0 0 0
1489239684.804440022 -0.518736 -0.0861732 0 0 0 0 0
1489239684.836491585 -0.549657 0.0295214 0 0 0 0 0
1489239684.869251490 -0.546867 0.0838131 0 0 0 0 0
1489239684.902743101 -0.541492 -0.0794394 0 0 0 0 0
1489239684.934821844 -0.552229 -0.121663 0 0 0 0 0
1489239684.969032526 -0.515368 0.0174888 0 0 0 0 0
1489239685.000045061 -0.533837 0.102507 0 0 0 0 0
1489239685.037486315 -0.507122 0.00698658 0 0 0 0 0
1489239685.067782164 -0.558182 -0.235311 0 0 0 0 0
1489239685.100012779 -0.523224 0.08155 0 0 0 0 0
1489239685.137810230 -0.484386 0.205275 0 0 0 0 0
1489239685.170150518 -0.53526 -0.2484 0 0 0 0 0
1489239685.202028990 -0.542704 -0.0224994 0 0 0 0 0
1489239685.239646912 -0.503051 0.102561 0 0 0 0 0
1489239685.270120859 -0.555556 -0.12059 0 0 0 0 0
1489239685.302947521 -0.542197 -0.114864 0 0 0 0 0
1489239685.338334084 -0.523944 0.0104917 0 0 0 0 0
1489239685.371230602 -0.540839 0.0235707 0 0 0 0 0
1489239685.403082371 -0.57534 -0.129052 0 0 0 0 0
1489239685.439347982 -0.524254 -0.0890591 0 0 0 0 0
1489239685.467112541 -0.596093 0.0738471 0 0 0 0 0
1489239685.499821901 -0.558013 0.0355778 0 0 0 0 0
1489239685.537467718 -0.521652 -0.156669 0 0 0 0 0
1489239685.570889711 -0.543558 -0.0230655 0 0 0 0 0
1489239685.603204012 -0.528269 0.0720466 0 0 0 0 0
1489239685.639262676 -0.517236 -0.0653852 0 0 0 0 0
1489239685.668644667 -0.569914 -0.0635012 0 0 0 0 0
1489239685.702213287 -0.540099 -0.0835354 0 0 0 0 0
1489239685.733187675 -0.538409 0.116225 0 0 0 0 0
1489239685.765256882 -0.552631 0.00109537 0 0 0 0 0
1489239685.799733400 -0.535248 -0.168042 0 0 0 0 0
1489239685.841921568 -0.484453 0.00958419 0 0 0 0 0
1489239685.870743036 -0.572116 0.112843 0 0 0 0 0
1489239685.903730869 -0.541501 0.00725689 0 0 0 0 0
1489239685.938495874 -0.550217 -0.161787 0 0 0 0 0
1489239685.970779419 -0.551918 0.026994 0 0 0 0 0
1489239685.997351885 -0.614897 0.185224 0 0 0 0 0
1489239686.044385433 -0.495486 -0.0864307 0 0 0 0 0
1489239686.071810484 -0.630104 0.0051076 0 0 0 0 0
1489239686.102785587 -0.604689 0.250246 0 0 0 0 0
1489239686.137291670 -0.578747 -0.0790791 0 0 0 0 0
1489239686.168801308 -0.604149 -0.0773723 0 0 0 0 0
1489239686.203878641 -0.556592 0.0835352 0 0 0 0 0
1489239686.241954327 -0.52679 0.0097056 0 0 0 0 0
1489239686.269261599 -0.635804 0.0577531 0 0 0 0 0
1489239686.303494453 -0.577305 -0.17984 0 0 0 0 0
1489239686.336834192 -0.56171 0.112921 0 0 0 0 0
1489239686.374691248 -0.526965 0.00186871 0 0 0 0 0
1489239686.404058456 -0.611691 -0.151135 0 0 0 0 0
1489239686.446093082 -0.518733 0.00806581 0 0 0 0 0
1489239686.473259449 -0.608091 0.0676629 0 0 0 0 0
1489239686.502853394 -0.616919 -0.0763655 0 0 0 0 0
1489239686.548103571 -0.51286 -0.0948106 0 0 0 0 0
1489239686.576064825 -0.604232 0.164658 0 0 0 0 0
1489239686.647938490 -0.425738 0.0144565 0 0 0 0 0
1489239686.671708345 -1.07956 -0.269902 0 0 0 0 0
1489239686.702423334 -0.659313 0.130972 0 0 0 0 0
1489239686.734761477 -0.668554 -0.0742435 0 0 0 0 0
1489239686.766498089 -0.693215 -0.139722 0 0 0 0 0
1489239686.797029495 -0.678677 -0.0394788 0 0 0 0 0
1489239686.835535288 -0.593143 0.0482409 0 0 0 0 0
1489239686.871664762 -0.593463 -0.0555075 0 0 0 0 0
1489239686.902597666 -0.625883 -0.0633289 0 0 0 0 0
1489239686.939121723 -0.574808 0.0435091 0 0 0 0 0
1489239686.968652248 -0.62853 -0.156439 0 0 0 0 0
1489239687.009255648 -0.526191 0.0215873 0 0 0 0 0
1489239687.037745237 -0.631057 -0.0179639 0 0 0 0 0
1489239687.065018892 -0.627237 -0.123904 0 0 0 0 0
1489239687.098295689 -0.597606 -0.07825 0 0 0 0 0
1489239687.146055937 -0.491757 -0.0349527 0 0 0 0 0
1489239687.172324896 -0.625413 0.053702 0 0 0 0 0
1489239687.211159468 -0.522083 -0.0665056 0 0 0 0 0
1489239687.244242668 -0.54975 -0.103404 0 0 0 0 0
1489239687.275521994 -0.563571 0.020958 0 0 0 0 0
1489239687.303431273 -0.601632 0.0116091 0 0 0 0 0
1489239687.347531080 -0.507376 -0.12734 0 0 0 0 0
1489239687.372840166 -0.631723 -0.145427 0 0 0 0 0
1489239687.405580997 -0.543165 0.252046 0 0 0 0 0
1489239687.437052727 -0.594496 -0.102805 0 0 0 0 0
1489239687.470384359 -0.581886 -0.251368 0 0 0 0 0
1489239687.499522686 -0.626587 0.0810349 0 0 0 0 0
1489239687.536979675 -0.539859 0.0810158 0 0 0 0 0
1489239687.568584442 -0.598853 -0.120663 0 0 0 0 0
1489239687.608528852 -0.536973 -0.0352359 0 0 0 0 0
1489239687.638571262 -0.582582 -0.0129934 0 0 0 0 0
1489239687.670361996 -0.567484 0.0785405 0 0 0 0 0
1489239687.700278282 -0.585833 0.10456 0 0 0 0 0
1489239687.738462448 -0.543136 -0.0686523 0 0 0 0 0
1489239687.770474434 -0.563963 0.0560516 0 0 0 0 0
1489239687.803168535 -0.556929 0.0612108 0 0 0 0 0
1489239687.838232517 -0.53666 0.0190127 0 0 0 0 0
1489239687.871015310 -0.549387 0.0609478 0 0 0 0 0
1489239687.902077913 -0.564457 -0.0243618 0 0 0 0 0
1489239687.938504934 -0.524267 0.00923161 0 0 0 0 0
1489239687.969125509 -0.565672 0.176823 0 0 0 0 0
1489239688.001402855 -0.554958 -0.0556557 0 0 0 0 0
1489239688.037084341 -0.529117 0.0571686 0 0 0 0 0
1489239688.071695566 -0.510582 -0.00045675 0 0 0 0 0
1489239688.103485346 -0.548815 0.106203 0 0 0 0 0
1489239688.138869762 -0.542985 0.0241061 0 0 0 0 0
1489239688.169724226 -0.609272 -0.122395 0 0 0 0 0
1489239688.203863144 -0.569756 -0.0102656 0 0 0 0 0
1489239688.239484787 -0.540131 0.0715921 0 0 0 0 0
1489239688.271852970 -0.560051 0.233633 0 0 0 0 0
1489239688.303593397 -0.611794 -0.115213 0 0 0 0 0
1489239688.340070486 -0.556575 -0.0636588 0 0 0 0 0
1489239688.370779276 -0.579629 0.192464 0 0 0 0 0
1489239688.402678728 -0.571171 0.099693 0 0 0 0 0
1489239688.436558247 -0.575659 -0.00762711 0 0 0 0 0
1489239688.470396519 -0.575184 -0.214503 0 0 0 0 0
1489239688.501920223 -0.525772 0.118408 0 0 0 0 0
1489239688.537793636 -0.507891 0.330496 0 0 0 0 0
1489239688.568428040 -0.585512 -0.378993 0 0 0 0 0
1489239688.603174210 -0.512429 -0.0251086 0 0 0 0 0
1489239688.638585567 -0.479517 0.40102 0 0 0 0 0
1489239688.671427011 -0.508313 -0.104919 0 0 0 0 0
1489239688.702530861 -0.543913 -0.12708 0 0 0 0 0
1489239688.737637281 -0.515366 -0.00230734 0 0 0 0 0
1489239688.771120071 -0.483813 -0.00996441 0 0 0 0 0
1489239688.805178404 -0.496484 0.156012 0 0 0 0 0
1489239688.838406086 -0.521882 -0.180178 0 0 0 0 0
1489239688.869783878 -0.516334 -0.0137457 0 0 0 0 0
1489239688.898175955 -0.546416 0.0910721 0 0 0 0 0
1489239688.932670832 -0.503285 0.114731 0 0 0 0 0
1489239688.966317654 -0.528249 -0.107622 0 0 0 0 0
1489239689.002440214 -0.490346 0.0041052 0 0 0 0 0
1489239689.033633471 -0.519849 0.145078 0 0 0 0 0
1489239689.068669081 -0.491353 -0.0396643 0 0 0 0 0
1489239689.102980375 -0.492516 -0.0567686 0 0 0 0 0
1489239689.134163380 -0.489599 0.0936904 0 0 0 0 0
1489239689.168012619 -0.468841 0.0135103 0 0 0 0 0
1489239689.202295542 -0.460137 -0.0346919 0 0 0 0 0
1489239689.234927893 -0.466131 0.00161878 0 0 0 0 0
1489239689.270714521 -0.443513 0.0640768 0 0 0 0 0
1489239689.307161093 -0.43418 0.0514525 0 0 0 0 0
1489239689.350234270 -0.397377 -0.0862249 0 0 0 0 0
1489239689.391792774 -0.39301 -0.00303849 0 0 0 0 0
1489239689.475136042 -0.284919 0.0578489 0 0 0 0 0
1489239689.503872156 -0.935451 -0.0994149 0 0 0 0 0
1489239689.539993763 -0.496954 0.00495852 0 0 0 0 0
1489239689.568877697 -0.547916 -0.00828757 0 0 0 0 0
1489239689.603017569 -0.511945 -0.0959046 0 0 0 0 0
1489239689.633386850 -0.503655 0.0245313 0 0 0 0 0
1489239689.673151016 -0.427178 0.0843187 0 0 0 0 0
1489239689.701211214 -0.480504 -0.0697082 0 0 0 0 0
1489239689.735417843 -0.455738 -0.047521 0 0 0 0 0
1489239689.766087770 -0.451552 0.0631165 0 0 0 0 0
1489239689.798111200 -0.439193 0.00274027 0 0 0 0 0
1489239689.837026834 -0.398893 -0.0175093 0 0 0 0 0
1489239689.878119946 -0.378117 0.0191101 0 0 0 0 0
1489239689.903658152 -0.437263 0.00462548 0 0 0 0 0
1489239689.940435648 -0.369417 0.00217769 0 0 0 0 0
1489239689.969317913 -0.405293 0.0281525 0 0 0 0 0
1489239690.001500607 -0.38583 -0.0625922 0 0 0 0 0
1489239690.035861969 -0.349791 0.0358409 0 0 0 0 0
1489239690.070610285 -0.359773 0.0655049 0 0 0 0 0
1489239690.102706671 -0.3705 -0.126686 0 0 0 0 0
1489239690.137506008 -0.333437 -0.0581945 0 0 0 0 0
1489239690.167029858 -0.328386 0.181084 0 0 0 0 0
1489239690.200718641 -0.326813 0.0180942 0 0 0 0 0
1489239690.237438917 -0.309685 -0.124456 0 0 0 0 0
1489239690.278149843 -0.271177 0.0483321 0 0 0 0 0
1489239690.305364847 -0.287795 0.13976 0 0 0 0 0
1489239690.345298290 -0.258408 0.0236609 0 0 0 0 0
1489239690.371299744 -0.31079 -0.148895 0 0 0 0 0
1489239690.403597355 -0.236289 0.0831208 0 0 0 0 0
1489239690.437065125 -0.223885 0.18306 0 0 0 0 0
1489239690.469302177 -0.217426 -0.0810421 0 0 0 0 0
1489239690.501442671 -0.209722 -0.0345883 0 0 0 0 0
1489239690.535763979 -0.174421 0.178342 0 0 0 0 0
1489239690.567474127 -0.170345 0.126209 0 0 0 0 0
1489239690.609470606 -0.145735 -0.00913523 0 0 0 0 0
1489239690.637724400 -0.1358 0.0332091 0 0 0 0 0
1489239690.670638561 -0.12042 0.209243 0 0 0 0 0
1489239690.699935198 -0.118825 0.103467 0 0 0 0 0
1489239690.744498968 -0.0964069 -0.0124274 0 0 0 0 0
1489239690.769337177 -0.116422 0.156494 0 0 0 0 0
1489239690.801449776 -0.102433 0.283978 0 0 0 0 0
1489239690.836694241 -0.0961581 0.0842003 0 0 0 0 0
1489239690.869514942 -0.0968333 0.0744648 0 0 0 0 0
1489239690.902544975 -0.0953388 0.290987 0 0 0 0 0
1489239690.936139584 -0.0930499 0.248382 0 0 0 0 0
1489239690.970418215 -0.0912294 0.126877 0 0 0 0 0
1489239691.002533674 -0.0933583 0.142197 0 0 0 0 0
1489239691.038820744 -0.0671288 0.293704 0 0 0 0 0
1489239691.072325468 -0.108464 0.284395 0 0 0 0 0
1489239691.101494551 -0.0971641 0.121498 0 0 0 0 0
1489239691.137002707 -0.110548 0.33596 0 0 0 0 0
1489239691.170228481 -0.0961032 0.354444 0 0 0 0 0
1489239691.203264475 -0.119156 0.261253 0 0 0 0 0
1489239691.239611864 -0.136825 0.33094 0 0 0 0 0
1489239691.270372629 -0.109216 0.401624 0 0 0 0 0
1489239691.301548004 -0.131373 0.43865 0 0 0 0 0
1489239691.337464094 -0.125041 0.277723 0 0 0 0 0
1489239691.369260311 -0.109726 0.414111 0 0 0 0 0
1489239691.402991295 -0.103838 0.544458 0 0 0 0 0
1489239691.438751221 -0.119317 0.262692 0 0 0 0 0
1489239691.469835043 -0.104996 0.406827 0 0 0 0 0
1489239691.500451088 -0.103837 0.539143 0 0 0 0 0
1489239691.545143127 -0.0872558 0.356701 0 0 0 0 0
1489239691.576162815 -0.12214 0.35121 0 0 0 0 0
1489239691.603365183 -0.108378 0.50152 0 0 0 0 0
1489239691.639096975 -0.095959 0.48869 0 0 0 0 0
1489239691.671858311 -0.120811 0.432117 0 0 0 0 0
1489239691.702924013 -0.128041 0.444889 0 0 0 0 0
1489239691.738973379 -0.100419 0.394308 0 0 0 0 0
1489239691.771155834 -0.102851 0.493113 0 0 0 0 0
1489239691.802219391 -0.127023 0.489654 0 0 0 0 0
1489239691.835990191 -0.101763 0.366927 0 0 0 0 0
1489239691.869282722 -0.0998375 0.599125 0 0 0 0 0
1489239691.900122166 -0.150507 0.394515 0 0 0 0 0
1489239691.936379671 -0.0616043 0.354155 0 0 0 0 0
1489239691.969553232 -0.095256 0.638159 0 -31.5672 0 0 0
1489239692.001551151 -0.0952856 0.484734 0 0 0 0 0
1489239692.036012411 -0.0906264 0.247812 0 0 0 0 0
1489239692.074853897 -0.0837027 0.551632 0 26.9608 0 0 0
1489239692.106070518 -0.0927522 0.516411 0 0 0 0 0
1489239692.138828039 -0.0907952 0.212132 0 0 0 0 0
1489239692.169276714 -0.0943136 0.532551 0 0 0 0 0
1489239692.199020624 -0.0964515 0.570839 0 0 0 0 0
1489239692.236775875 -0.086946 0.300725 0 0 0 0 0
1489239692.267964363 -0.0939978 0.329962 0 0 0 0 0
1489239692.300464630 -0.069315 0.656704 0 0 0 0 0
1489239692.336108923 -0.083628 0.40791 0 0 0 0 0
1489239692.366985083 -0.0895269 0.276739 0 0 0 0 0
1489239692.405809402 -0.0807769 0.469361 0 0 0 0 0
1489239692.438795567 -0.0641853 0.482062 0 0 0 0 0
1489239692.469762087 -0.0866027 0.433032 0 0 0 0 0
1489239692.500634432 -0.0881654 0.4385 0 0 0 0 0
1489239692.537686110 -0.0613544 0.426906 0 0 0 0 0
1489239692.570127010 -0.0605203 0.588752 0 0 0 0 0
1489239692.603404760 -0.0795994 0.427728 0 0 0 0 0
1489239692.637765884 -0.0574027 0.304006 0 0 0 0 0
1489239692.670140505 -0.0557426 0.668865 0 0 0 0 0
1489239692.702288866 -0.0541106 0.485058 0 0 0 0 0
1489239692.736007929 -0.0734584 0.338168 0 0 0 0 0
1489239692.769649982 -0.053581 0.512519 0 0 0 0 0
1489239692.802006006 -0.0531489 0.559944 0 0 0 0 0
1489239692.840009928 -0.0484839 0.444437 0 0 0 0 0
1489239692.872200489 -0.0733704 0.427574 0 0 0 0 0
1489239692.902212143 -0.0549699 0.558926 0 0 0 0 0
1489239692.936929703 -0.051142 0.507798 0 0 0 0 0
1489239692.969946146 -0.0509865 0.52318 0 0 0 0 0
1489239693.002626181 -0.0730053 0.349947 0 0 0 0 0
1489239693.036619425 -0.0301117 0.580477 0 0 0 0 0
1489239693.070035458 -0.0695876 0.650606 0 0 0 0 0
1489239693.102249384 -0.0516023 0.418146 0 0 0 0 0
1489239693.137151480 -0.0704645 0.256765 0 0 0 0 0
1489239693.170489788 -0.0302976 0.748497 0 0 0 0 0
1489239693.202093601 -0.0490372 0.618804 0 0 0 0 0
1489239693.238546133 -0.0651923 0.30321 0 0 0 0 0
1489239693.269470692 -0.026947 0.508135 0 0 0 0 0
1489239693.301675558 -0.0215868 0.712542 0 0 0 0 0
1489239693.341701031 -0.0360978 0.467516 0 0 0 0 0
1489239693.372113228 -0.0411115 0.38976 0 0 0 0 0
1489239693.403084278 -0.041397 0.584029 0 0 0 0 0
1489239693.439066648 -0.0191352 0.591403 0 0 0 0 0
1489239693.469690323 -0.0404817 0.513335 0 0 0 0 0
1489239693.502777576 -0.0398646 0.541487 0 0 0 0 0
1489239693.537987471 -0.0393626 0.486813 0 0 0 0 0
1489239693.570347786 -0.0188572 0.561017 0 0 0 0 0
1489239693.601547003 -0.0638395 0.649963 0 0 0 0 0
1489239693.637570381 -0.0423783 0.373245 0 0 0 0 0
1489239693.670290470 -0.0219054 0.711375 0 0 0 0 0
1489239693.701599360 -0.0660491 0.602963 0 0 0 0 0
1489239693.737704992 -0.0239254 0.463429 0 0 0 0 0
1489239693.769762039 -0.0658665 0.670966 0 0 0 0 0
1489239693.800154924 -0.0491776 0.645316 0 0 0 0 0
1489239693.836907625 -0.045849 0.592113 0 0 0 0 0
1489239693.865115643 -0.0509591 0.571576 0 0 0 0 0
1489239693.902668715 -0.0452832 0.581033 0 0 0 0 0
1489239693.934757948 -0.0237443 0.737838 0 0 0 0 0
1489239693.969290257 -0.0189297 0.582313 0 0 0 0 0
1489239694.005548000 -0.0558589 0.665741 0 0 0 0 0
1489239694.041110039 -0.0186498 0.449968 0 0 0 0 0
1489239694.072572708 -0.039064 0.690534 0 0 0 0 0
1489239694.103340864 -0.0171426 0.691607 0 0 0 0 0
1489239694.137930155 -0.013946 0.580583 0 0 0 0 0
1489239694.169633627 -0.0338931 0.619185 0 0 0 0 0
1489239694.199887753 -0.012538 0.513085 0 0 0 0 0
1489239694.236299992 -0.0098433 0.700402 0 0 0 0 0
1489239694.277025461 -0.00793597 0.455433 0 0 0 0 0
1489239694.304657459 -0.00601215 0.631539 0 0 0 0 0
1489239694.340513468 -0.00400406 0.583382 0 0 0 0 0
1489239694.371785879 -0.0029884 0.531984 0 0 0 0 0
1489239694.401732922 -0.0021963 0.680847 0 0 0 0 0
1489239694.436497211 -0.00158853 0.60815 0 0 0 0 0
1489239694.469804049 -0.00114619 0.531478 0 0 0 0 0
1489239694.508491993 -0.000836569 0.486211 0 0 0 0 0
1489239694.544024467 -0.000607911 0.609802 0 0 0 0 0
1489239694.595622301 -0.000441114 0.496648 0 0 0 0 0
1489239694.617481947 -0.0346837 0.575022 0 0 0 0 0
1489239694.638260603 -0.00710553 0.708264 0 0 0 0 0
1489239694.668592691 -0.00669817 0.629752 0 0 0 0 0
1489239694.701466560 -0.00589589 0.611342 0 0 0 0 0
1489239694.739765882 -0.00462864 0.492688 0 0 0 0 0
1489239694.770340204 -0.00283521 0.779615 0 0 0 0 0
1489239694.800902367 -0.0267643 0.469803 0 0 0 0 0
1489239694.836466789 -0.0065358 0.565101 0 0 0 0 0
1489239694.870248556 -0.0503087 0.641583 0 0 0 0 0
1489239694.900651217 -0.0138603 0.422483 0 0 0 0 0
1489239694.937673807 -0.0123102 0.666206 0 0 0 0 0
1489239694.969503641 -0.00989874 0.571999 0 0 0 0 0
1489239695.001248598 -0.00772774 0.35959 0 0 0 0 0
1489239695.036381245 -0.00495439 0.672746 0 0 0 0 0
1489239695.070475101 -0.0257878 0.433104 0 0 0 0 0
1489239695.102015734 -0.00716844 0.585253 0 0 0 0 0
1489239695.139403820 -0.00618369 0.548326 0 0 0 0 0
1489239695.169116020 -0.00513851 0.451233 0 0 0 0 0
1489239695.201447487 -0.00396149 0.577688 0 0 0 0 0
1489239695.235771894 -0.0244243 0.595327 0 0 0 0 0
1489239695.276648283 -0.00630212 0.406794 0 0 0 0 0
1489239695.305828333 -0.0313197 0.508212 0 0 0 0 0
1489239695.338177919 -0.00984977 0.599111 0 0 0 0 0
1489239695.369334221 -0.00851934 0.57968 0 0 0 0 0
1489239695.407957554 -0.00662842 0.451864 0 0 0 0 0
1489239695.437194824 -0.00515455 0.519367 0 0 0 0 0
1489239695.468962669 -0.0033696 0.613982 0 0 0 0 0
1489239695.501335859 -0.00253591 0.483539 0 0 0 0 0
1489239695.543730259 -0.0018595 0.458087 0 0 0 0 0
1489239695.569163084 -0.00134697 0.605662 0 0 0 0 0
1489239695.601644039 -0.00097039 0.546198 0 0 0 0 0
1489239695.639026165 -0.000708869 0.490939 0 0 0 0 0
1489239695.671858072 -0.000515005 0.446479 0 0 0 0 0
1489239695.700887918 -0.000373719 0.609816 0 0 0 0 0
1489239695.737602949 -0.000271401 0.551547 0 0 0 0 0
1489239695.770556927 -0.000197282 0.407636 0 0 0 0 0
1489239695.801695585 -0.000143289 0.392192 0 0 0 0 0
1489239695.844360828 -0.000104076 0.577076 0 0 0 0 0
1489239695.872262716 -7.56068e-05 0.377088 0 0 0 0 0
1489239695.902950287 -5.49257e-05 0.368333 0 0 0 0 0
1489239695.937887192 -3.98982e-05 0.529805 0 0 0 0 0
1489239695.969767094 -2.8983e-05 0.463214 0 0 0 0 0
1489239696.001826763 -2.10542e-05 0.555569 0 0 0 0 0
1489239696.037565708 -1.52944e-05 0.378003 0 0 0 0 0
1489239696.069871902 -1.11102e-05 0.510548 0 0 0 0 0
1489239696.102584600 -8.07078e-06 0.558752 0 0 0 0 0
1489239696.136512041 -5.86284e-06 0.38665 0 0 0 0 0
1489239696.168528795 -4.25893e-06 0.535861 0 0 0 0 0
1489239696.206899881 -3.0938e-06 0.481306 0 0 0 0 0
1489239696.238667011 -2.24742e-06 0.385008 0 0 0 0 0
1489239696.268658876 -1.63259e-06 0.497404 0 0 0 0 0
1489239696.307882547 -1.18596e-06 0.480922 0 0 0 0 0
1489239696.339467764 -8.61512e-07 0.470998 0 0 0 0 0
1489239696.370718718 -0.0240373 0.403454 0 0 0 0 0
1489239696.400865793 -0.0048078 0.423481 0 0 0 0 0
1489239696.444081783 -0.00456731 0.459514 0 0 0 0 0
1489239696.471734047 -0.00403841 0.382181 0 0 0 0 0
1489239696.502032042 -0.00317543 0.40607 0 0 0 0 0
1489239696.538735390 -0.00193797 0.451066 0 0 0 0 0
1489239696.569930077 -0.00149611 0.452929 0 0 0 0 0
1489239696.600892544 -0.0253701 0.33917 0 0 0 0 0
1489239696.636676073 -0.005651 0.368988 0 0 0 0 0
1489239696.675960064 -0.00518222 0.421798 0 0 0 0 0
1489239696.703126669 -0.0044959 0.417302 0 0 0 0 0
1489239696.738195419 -0.00351012 0.350409 0 0 0 0 0
1489239696.769553423 -0.00217718 0.384793 0 0 0 0 0
1489239696.807041407 -0.00167065 0.312471 0 0 0 0 0
1489239696.842754841 -0.00123651 0.323236 0 0 0 0 0
1489239696.897956133 -0.000891125 0.249101 0 0 0 0 0
1489239696.916984320 -0.000639627 0.385467 0 0 0 0 0
1489239696.939950943 -0.000468778 0.456538 0 0 0 0 0
1489239696.991794825 -0.000340638 0.219155 0 0 0 0 0
1489239697.014412880 -0.000246963 0.329238 0 0 0 0 0
1489239697.094794512 -0.000179348 0.219674 0 0 0 0 0
1489239697.116201878 0.0349589 0.383495 0 0 0 0 0
1489239697.138630867 0.00692316 0.220461 0 0 0 0 0
1489239697.169698715 0.0307766 0.260843 0 0 0 0 0
1489239697.202268362 0.0106807 0.134571 0 0 0 0 0
1489239697.239288092 0.029484 0.107262 0 0 0 0 0
1489239697.269562006 0.0109227 0.227503 0 0 0 0 0
1489239697.300961018 0.00921404 0.0880891 0 0 0 0 0
1489239697.336418867 0.00696365 0.00569328 0 0 0 0 0
1489239697.371001482 0.00534131 0.0424654 0 0 0 0 0
1489239697.401591063 0.00358035 0.00499402 0 0 0 0 0
1489239697.437557936 0.0235594 -0.0711322 0 0 0 0 0
1489239697.468992710 0.0300274 0.0388086 0 0 0 0 0
1489239697.500787735 0.0337899 -0.000285434 0 0 0 0 0
1489239697.543870926 0.0486677 -0.192738 0 0 0 0 0
1489239697.571229935 0.0738949 -0.0382661 0 0 0 0 0
1489239697.601895094 0.100447 -0.108082 0 0 0 0 0
1489239697.639768600 0.0972309 -0.165553 0 0 0 0 0
1489239697.672368526 0.0904203 -0.177906 0 0 0 0 0
1489239697.701538801 0.123662 -0.253253 0 0 0 0 0
1489239697.737685919 0.0946027 -0.140825 0 0 0 0 0
1489239697.770741463 0.0968224 -0.160341 0 0 0 0 0
1489239697.801755667 0.0988825 -0.184217 0 0 0 0 0
1489239697.838850975 0.0904427 -0.168575 0 0 0 0 0
1489239697.868522882 0.123281 -0.135015 0 0 0 0 0
1489239697.901434898 0.121423 -0.124339 0 0 0 0 0
1489239697.939075470 0.116634 -0.230714 0 0 0 0 0
1489239697.972021341 0.126791 -0.223417 0 0 0 0 0
1489239698.002289534 0.160428 -0.222464 0 0 0 0 0
1489239698.045274734 0.138739 -0.0898324 0 0 0 0 0
1489239698.072926760 0.178983 -0.302364 0 0 0 0 0
1489239698.103921652 0.175931 -0.252662 0 0 0 0 0
1489239698.139124155 0.169283 -0.0733499 0 0 0 0 0
1489239698.171793222 0.200048 -0.225149 0 0 0 0 0
1489239698.201073170 0.194564 -0.275859 0 0 0 0 0
1489239698.238531590 0.194912 -0.229138 0 0 0 0 0
1489239698.270029545 0.215877 -0.161048 0 0 0 0 0
1489239698.305930853 0.206487 -0.272678 0 0 0 0 0
1489239698.342191458 0.227194 -0.260297 0 0 0 0 0
1489239698.371052265 0.237882 -0.14653 0 0 0 0 0
1489239698.401398182 0.26162 -0.375746 0 0 0 0 0
1489239698.436275959 0.250273 -0.265914 0 0 0 0 0
1489239698.468769073 0.263152 -0.275811 0 0 0 0 0
1489239698.508668900 0.260012 -0.36569 0 0 0 0 0
1489239698.541028500 0.292076 -0.275863 0 0 0 0 0
1489239698.572224617 0.304799 -0.367443 0 0 0 0 0
1489239698.601995707 0.320551 -0.417345 0 0 0 0 0
1489239698.644005537 0.277204 -0.345257 0 0 0 0 0
1489239698.697747946 0.246448 -0.265988 0 0 0 0 0
1489239698.740322351 0.261671 -0.288502 0 0 0 0 0
1489239698.755923986 0.470078 -0.826519 0 0 0 0 0
1489239698.774971008 0.487273 -0.488881 0 0 0 0 0
1489239698.799697638 0.419109 -0.385324 0 0 0 0 0
1489239698.834274054 0.369079 -0.551384 0 0 0 0 0
1489239698.865450859 0.37757 -0.547189 0 0 0 0 0
1489239698.901533127 0.363697 -0.296726 0 0 0 0 0
1489239698.934983015 0.344434 -0.350462 0 0 0 0 0
1489239698.966609001 0.322162 -0.552885 0 0 0 0 0
1489239698.998028994 0.338698 -0.459064 0 0 0 0 0
1489239699.035493612 0.309043 -0.224628 0 0 0 0 0
1489239699.068719149 0.320309 -0.389911 0 0 0 0 0
1489239699.095319033 0.358073 -0.608489 0 0 0 0 0
1489239699.130954504 0.336135 -0.436228 0 -88.1591 0 0 0
1489239699.163328886 0.354042 -0.27511 0 0 0 0 0
1489239699.195123672 0.33843 -0.460478 0 0 0 0 0
1489239699.231350183 0.338193 -0.580353 0 0 0 0 0
1489239699.263080835 0.360001 -0.329084 0 0 0 0 0
1489239699.295210361 0.36131 -0.352839 0 0 0 0 0
1489239699.332075596 0.340012 -0.526751 0 0 0 0 0
1489239699.371050119 0.329295 -0.374268 0 0 0 0 0
1489239699.404739857 0.349366 -0.317 0 0 0 0 0
1489239699.439570189 0.343867 -0.405354 0 0 0 0 0
1489239699.470314503 0.366571 -0.509762 0 0 0 0 0
1489239699.501334906 0.370018 -0.455132 0 0 0 0 0
1489239699.535806179 0.376965 -0.398069 0 0 0 0 0
1489239699.568739891 0.367215 -0.355871 0 0 0 0 0
1489239699.600745440 0.396548 -0.624014 0 0 0 0 0
1489239699.635439396 0.385451 -0.435456 0 0 0 0 0
1489239699.670554161 0.384669 -0.321684 0 0 0 0 0
1489239699.703963757 0.39512 -0.524374 0 0 0 0 0
1489239699.739561796 0.38501 -0.501977 0 0 0 0 0
1489239699.771265984 0.43094 -0.37504 0 0 0 0 0
1489239699.801582575 0.425683 -0.342617 0 0 0 0 0
1489239699.837700844 0.395212 -0.596038 0 0 0 0 0
1489239699.869213104 0.443613 -0.519027 0 0 0 0 0
1489239699.900358915 0.429181 -0.34262 0 0 0 0 0
1489239699.945752382 0.378663 -0.471138 0 0 0 0 0
1489239699.972712994 0.454988 -0.477884 0 0 0 0 0
1489239700.004265785 0.427157 -0.511918 0 0 0 0 0
1489239700.039155960 0.428301 -0.582514 0 0 0 0 0
1489239700.071964025 0.420229 -0.196002 0 0 0 0 0
1489239700.104598045 0.3979 -0.661662 0 0 0 0 0
1489239700.136791468 0.4168 -0.548671 0 0 0 0 0
1489239700.167726040 0.400743 -0.257709 0 0 0 0 0
1489239700.200169086 0.388698 -0.487433 0 0 0 0 0
1489239700.241012573 0.346558 -0.407863 0 0 0 0 0
1489239700.271311760 0.362073 -0.381298 0 0 0 0 0
1489239700.301909447 0.355155 -0.346252 0 0 0 0 0
1489239700.337972164 0.30441 -0.316482 0 0 0 0 0
1489239700.370668173 0.305537 -0.311495 0 0 0 0 0
1489239700.402577639 0.301632 -0.375161 0 0 0 0 0
1489239700.437880039 0.282025 -0.234502 0 0 0 0 0
1489239700.469820023 0.288533 -0.314646 0 0 0 0 0
1489239700.501322508 0.288519 -0.341804 0 0 0 0 0
1489239700.537628889 0.268406 -0.281807 0 0 0 0 0
1489239700.569942236 0.279392 -0.336647 0 0 0 0 0
1489239700.600774527 0.285597 -0.354265 0 0 0 0 0
1489239700.635575056 0.269805 -0.296029 0 0 0 0 0
1489239700.668267727 0.27602 -0.251935 0 0 0 0 0
1489239700.700181246 0.27943 -0.382242 0 0 0 0 0
1489239700.735518217 0.266094 -0.288999 0 0 0 0 0
1489239700.774572611 0.251629 -0.155131 0 0 0 0 0
1489239700.802108526 0.268382 -0.397779 0 0 0 0 0
1489239700.838644505 0.2348 -0.376817 0 0 0 0 0
1489239700.870465755 0.267321 -0.117819 0 0 0 0 0
1489239700.901254177 0.250093 -0.200757 0 0 0 0 0
1489239700.936423063 0.212452 -0.350159 0 0 0 0 0
1489239700.969007015 0.233743 -0.26898 0 0 0 0 0
1489239701.000939608 0.258134 -0.085276 0 0 0 0 0
1489239701.036279440 0.205461 -0.187412 0 0 0 0 0
1489239701.069741488 0.203603 -0.453572 0 0 0 0 0
1489239701.102631807 0.223233 -0.140803 0 0 0 0 0
1489239701.133297920 0.20662 0.0521298 0 0 0 0 0
1489239701.175530910 0.176588 -0.243146 0 0 0 0 0
1489239701.200038433 0.221417 -0.445087 0 0 0 0 0
1489239701.243624687 0.188766 -0.0412136 0 0 0 0 0
1489239701.271175385 0.208016 -0.0967139 0 0 0 0 0
1489239701.302227020 0.197653 -0.372255 0 0 0 0 0
1489239701.337882042 0.184951 -0.262692 0 0 0 0 0
1489239701.371064901 0.232702 -0.0748697 0 0 0 0 0
1489239701.402680397 0.223247 -0.191403 0 0 0 0 0
1489239701.438150167 0.213821 -0.369488 0 0 0 0 0
1489239701.471399069 0.244323 -0.213528 0 0 0 0 0
1489239701.504260063 0.252052 -0.0753303 0 0 0 0 0
1489239701.540889978 0.242645 -0.319014 0 0 0 0 0
1489239701.572993517 0.26185 -0.348729 0 0 0 0 0
1489239701.602282286 0.280071 -0.135807 0 0 0 0 0
1489239701.638209105 0.257609 -0.324058 0 0 0 0 0
1489239701.668492079 0.28068 -0.334291 0 0 0 0 0
1489239701.701745033 0.271414 -0.281915 0 0 0 0 0
1489239701.735781908 0.290634 -0.322139 0 0 0 0 0
1489239701.774839163 0.255183 -0.156347 0 0 0 0 0
1489239701.800595760 0.310792 -0.474192 0 0 0 0 0
1489239701.836111307 0.312274 -0.418206 0 0 0 0 0
1489239701.871061802 0.299571 -0.186512 0 0 0 0 0
1489239701.903430700 0.313039 -0.410341 0 0 0 0 0
1489239701.936846733 0.311666 -0.400192 0 0 0 0 0
1489239701.970704317 0.287977 -0.181151 0 0 0 0 0
1489239702.001812696 0.343803 -0.412026 0 0 0 0 0
1489239702.038568020 0.281398 -0.251798 0 0 0 0 0
1489239702.068437576 0.353418 -0.351317 0 0 0 0 0
1489239702.098611832 0.335933 -0.282668 0 0 0 0 0
1489239702.135602951 0.307677 -0.297048 0 0 0 0 0
1489239702.168789387 0.319781 -0.443553 0 0 0 0 0
1489239702.201968431 0.319851 -0.201723 0 0 0 0 0
1489239702.240537882 0.295832 -0.32586 0 0 0 0 0
1489239702.272478342 0.319131 -0.342633 0 0 0 0 0
1489239702.304406166 0.320865 -0.277299 0 0 0 0 0
1489239702.339507580 0.307419 -0.299209 0 0 0 0 0
1489239702.371225834 0.322096 -0.412297 0 0 0 0 0
1489239702.402786732 0.32518 -0.38624 0 0 0 0 0
1489239702.438005447 0.309437 -0.246814 0 0 0 0 0
1489239702.470569611 0.319717 -0.347883 0 0 0 0 0
1489239702.500011206 0.337579 -0.44627 0 0 0 0 0
1489239702.537489414 0.302976 -0.205457 0 0 0 0 0
1489239702.575369596 0.297487 -0.313678 0 0 0 0 0
1489239702.601488352 0.356006 -0.442948 0 0 0 0 0
1489239702.638218164 0.306159 -0.198936 0 0 0 0 0
1489239702.671002150 0.319919 -0.285238 0 0 0 0 0
1489239702.702816725 0.302048 -0.38279 0 0 0 0 0
1489239702.736750603 0.311768 -0.360455 0 0 0 0 0
1489239702.768859625 0.342116 -0.191356 0 0 0 0 0
1489239702.802651167 0.294766 -0.300365 0 0 0 0 0
1489239702.837749958 0.306361 -0.421964 0 0 0 0 0
1489239702.869443893 0.297492 -0.308699 0 0 0 0 0
1489239702.900529385 0.345352 -0.116347 0 0 0 0 0
1489239702.945802450 0.258621 -0.242842 0 0 0 0 0
1489239702.974093676 0.334454 -0.462885 0 0 0 0 0
1489239703.003229618 0.309783 -0.310641 0 0 0 0 0
1489239703.039148569 0.322558 -0.0780764 0 0 0 0 0
1489239703.070121288 0.302871 -0.411445 0 0 0 0 0
1489239703.102343559 0.319844 -0.590792 0 0 0 0 0
1489239703.135898113 0.336237 -0.203215 0 0 0 0 0
1489239703.168346405 0.346837 -0.0355206 0 0 0 0 0
1489239703.202385187 0.299339 -0.646456 0 0 0 0 0
1489239703.237235785 0.312387 -0.292166 0 0 0 0 0
1489239703.267690420 0.331531 -0.0705309 0 0 0 0 0
1489239703.299951077 0.323431 -0.263949 0 0 0 0 0
1489239703.335148573 0.288671 -0.359482 0 0 0 0 0
1489239703.367742777 0.293298 -0.294346 0 0 0 0 0
1489239703.402154922 0.325509 -0.142713 0 0 0 0 0
1489239703.438094378 0.279541 -0.12184 0 0 0 0 0
1489239703.470790863 0.286342 -0.414568 0 0 0 0 0
1489239703.500943899 0.320799 -0.279532 0 0 0 0 0
1489239703.537616253 0.294724 -0.0350753 0 0 0 0 0
1489239703.569719315 0.290068 -0.377058 0 0 0 0 0
1489239703.601153612 0.315895 -0.320377 0 0 0 0 0
1489239703.640255451 0.267465 -0.138118 0 0 0 0 0
1489239703.671114683 0.315013 -0.236753 0 0 0 0 0
1489239703.702946186 0.290805 -0.284018 0 0 0 0 0
1489239703.736812592 0.303217 -0.299451 0 0 0 0 0
1489239703.770276785 0.306268 -0.200362 0 0 0 0 0
1489239703.801563740 0.295622 -0.125229 0 0 0 0 0
1489239703.846101284 0.284855 -0.335185 0 0 0 0 0
1489239703.874519587 0.33213 -0.173654 0 0 0 0 0
1489239703.905547142 0.323498 -0.10755 0 0 0 0 0
1489239703.940446138 0.308455 -0.366932 0 0 0 0 0
1489239703.973539352 0.316562 -0.30509 0 0 0 0 0
1489239704.001092196 0.37664 -0.189978 0 0 0 0 0
1489239704.045085907 0.306429 -0.159952 0 0 0 0 0
1489239704.069618702 0.379194 -0.384698 0 0 0 0 0
1489239704.109869480 0.324593 -0.358956 0 0 0 0 0
1489239704.139161348 0.376427 -0.026869 0 0 0 0 0
1489239704.171896935 0.337841 -0.266185 0 0 0 0 0
1489239704.203829050 0.363643 -0.441475 0 0 0 0 0
1489239704.239617825 0.345189 -0.190802 0 0 0 0 0
1489239704.270138979 0.373082 -0.181528 0 0 0 0 0
1489239704.301350355 0.372189 -0.362866 0 0 0 0 0
1489239704.335601330 0.336621 -0.360098 0 0 0 0 0
1489239704.370685816 0.349003 -0.175536 0 0 0 0 0
1489239704.400280714 0.379221 -0.261294 0 0 0 0 0
1489239704.437649965 0.341276 -0.353683 0 0 0 0 0
1489239704.469238997 0.367105 -0.240532 0 0 0 0 0
1489239704.500528574 0.372041 -0.279994 0 0 0 0 0
1489239704.538346529 0.341465 -0.338984 0 0 0 0 0
1489239704.567842007 0.381612 -0.27877 0 0 0 0 0
1489239704.599736691 0.371514 -0.358425 0 0 0 0 0
1489239704.635923624 0.350358 -0.244366 0 0 0 0 0
1489239704.666779757 0.375787 -0.317739 0 0 0 0 0
1489239704.708922863 0.326537 -0.292466 0 0 0 0 0
1489239704.741297007 0.360909 -0.357173 0 0 0 0 0
1489239704.770512819 0.407659 -0.26206 0 0 0 0 0
1489239704.800596237 0.386868 -0.201021 0 0 0 0 0
1489239704.839281559 0.34628 -0.382083 0 0 0 0 0
1489239704.869492054 0.409879 -0.349395 0 0 0 0 0
1489239704.898108721 0.429232 -0.0817101 0 0 0 0 0
1489239704.937906265 0.352298 -0.38105 0 0 0 0 0
1489239704.969519854 0.406995 -0.593614 0 0 0 0 0
1489239705.001427889 0.409536 -0.0368585 0 0 0 0 0
1489239705.037977934 0.384614 -0.179676 0 0 0 0 0
1489239705.067501545 0.400212 -0.577493 0 0 0 0 0
1489239705.106630564 0.371813 -0.233363 0 0 0 0 0
1489239705.136798859 0.417427 -0.227746 0 0 0 0 0
1489239705.175471783 0.373322 -0.302554 0 0 0 0 0
1489239705.200885296 0.430934 -0.442231 0 0 0 0 0
1489239705.238124132 0.384064 -0.329519 0 0 0 0 0
1489239705.268756866 0.420353 -0.173881 0 0 0 0 0
1489239705.300989389 0.389877 -0.329846 0 0 0 0 0
1489239705.334786415 0.401015 -0.413617 0 0 0 0 0
1489239705.375628948 0.36545 -0.202819 0 0 0 0 0
1489239705.401744843 0.452114 -0.201766 0 0 0 0 0
1489239705.445524931 0.342098 -0.334362 0 0 0 0 0
1489239705.470373869 0.464898 -0.319334 0 0 0 0 0
1489239705.501415968 0.401366 -0.168518 0 0 0 0 0
1489239705.536453009 0.378338 -0.296508 0 0 0 0 0
1489239705.569914818 0.379056 -0.35754 0 0 0 0 0
1489239705.604171991 0.39329 -0.148803 0 0 0 0 0
1489239705.639084578 0.365544 -0.207464 0 0 0 0 0
1489239705.669840097 0.384316 -0.407249 0 0 0 0 0
1489239705.701504707 0.379758 -0.169031 0 0 0 0 0
1489239705.736653805 0.360786 -0.208497 0 0 0 0 0
1489239705.769338131 0.36969 -0.255939 0 0 0 0 0
1489239705.801929951 0.36963 -0.257906 0 0 0 0 0
1489239705.838061333 0.371556 -0.223142 0 0 0 0 0
1489239705.869836092 0.373888 -0.119333 0 0 0 0 0
1489239705.903032064 0.366985 -0.412474 0 0 0 0 0
1489239705.936897755 0.362564 -0.224258 0 0 0 0 0
1489239705.969387293 0.36849 -0.0836086 0 0 0 0 0
1489239706.002275229 0.366198 -0.325798 0 0 0 0 0
1489239706.039286852 0.325188 -0.242428 0 0 0 0 0
1489239706.068795443 0.378592 -0.193237 0 0 0 0 0
1489239706.100577354 0.368622 -0.159005 0 0 0 0 0
1489239706.143391371 0.321702 -0.276631 0 0 0 0 0
1489239706.170476913 0.395618 -0.360025 0 0 0 0 0
1489239706.201406240 0.377464 -0.139062 0 0 0 0 0
1489239706.237399817 0.352393 -0.242549 0 0 0 0 0
1489239706.271480799 0.359071 -0.339438 0 0 0 0 0
1489239706.301864147 0.379985 -0.259696 0 0 0 0 0
1489239706.338518858 0.347916 -0.175017 0 0 0 0 0
1489239706.370141029 0.370144 -0.262444 0 0 0 0 0
1489239706.401394129 0.374449 -0.26578 0 0 0 0 0
1489239706.436528206 0.355243 -0.251189 0 0 0 0 0
1489239706.470421791 0.358927 -0.16939 0 0 0 0 0
1489239706.503207922 0.364314 -0.20283 0 0 0 0 0
1489239706.538949728 0.349081 -0.230383 0 0 0 0 0
1489239706.568743706 0.354603 -0.231961 0 0 0 0 0
1489239706.601466417 0.33835 -0.201453 0 0 0 0 0
1489239706.638251066 0.31693 -0.169479 0 0 0 0 0
1489239706.668186903 0.317609 -0.249267 0 0 0 0 0
1489239706.701726913 0.3194 -0.24129 0 0 0 0 0
1489239706.736086607 0.291304 -0.156358 0 0 0 0 0
1489239706.768074036 0.318161 -0.147795 0 0 0 0 0
1489239706.799406290 0.298994 -0.233338 0 0 0 0 0
1489239706.839948416 0.263792 -0.207619 0 0 0 0 0
1489239706.869888067 0.294526 -0.0740522 0 0 0 0 0
1489239706.902395487 0.282927 -0.145945 0 0 0 0 0
1489239706.936743975 0.273308 -0.225689 0 0 0 0 0
1489239706.970253229 0.274244 -0.174413 0 0 0 0 0
1489239707.003942728 0.272645 -0.087033 0 0 0 0 0
1489239707.040028095 0.262042 -0.156635 0 0 0 0 0
1489239707.071067572 0.279598 -0.26656 0 0 0 0 0
1489239707.101526737 0.284172 -0.0942311 0 0 0 0 0
1489239707.135149002 0.272659 -0.0565214 0 0 0 0 0
1489239707.167747259 0.253436 -0.244128 0 0 0 0 0
1489239707.200273275 0.249455 -0.17236 0 0 0 0 0
1489239707.239565372 0.244087 -0.0814549 0 0 0 0 0
1489239707.269739389 0.27458 -0.0942589 0 0 0 0 0
1489239707.307126284 0.229605 -0.120741 0 0 0 0 0
1489239707.337369919 0.248176 -0.179139 0 0 0 0 0
1489239707.369588852 0.240311 -0.0907339 0 0 0 0 0
1489239707.402371407 0.213633 -0.0847004 0 0 0 0 0
1489239707.437366009 0.200932 -0.118847 0 0 0 0 0
1489239707.469727755 0.201518 -0.0545047 0 0 0 0 0
1489239707.503412008 0.193024 -0.0863003 0 0 0 0 0
1489239707.537892103 0.18675 -0.0415554 0 0 0 0 0
1489239707.570206642 0.166239 -0.0558763 0 0 0 0 0
1489239707.603054047 0.159244 -0.143016 0 0 0 0 0
1489239707.636086702 0.130591 0.0454342 0 0 0 0 0
1489239707.670353174 0.119809 -0.0638395 0 0 0 0 0
1489239707.703780651 0.11273 -0.0904102 0 0 0 0 0
1489239707.738262177 0.0833234 0.0132699 0 0 0 0 0
1489239707.769771814 0.0759241 -0.0150198 0 0 0 0 0
1489239707.801616907 0.0449468 0.033893 0 0 0 0 0
1489239707.838522673 0.0343468 -0.0393434 0 0 0 0 0
1489239707.869385719 0.02537 0.0206965 0 0 0 0 0
1489239707.901286364 0.0185169 0.0949909 0 0 0 0 0
1489239707.939791918 0.0131909 0.000370175 0 0 0 0 0
1489239707.972436190 0.00967005 0.0834033 0 0 0 0 0
1489239708.002905607 0.00703283 0.0765379 0 0 0 0 0
1489239708.038974524 0.00510201 0.011795 0 0 0 0 0
1489239708.068701982 0.00370188 0.0474472 0 0 0 0 0
1489239708.101356268 0.0256962 0.069054 0 0 0 0 0
1489239708.137408018 0.0273923 0.0675733 0 0 0 0 0
1489239708.168026686 0.00995817 0.0292072 0 0 0 0 0
1489239708.198826551 0.00885519 0.0739944 0 0 0 0 0
1489239708.245246172 0.0072888 0.110237 0 0 0 0 0
1489239708.274214506 0.00515147 0.194908 0 0 0 0 0
1489239708.304716110 0.00350704 0.113593 0 0 0 0 0
1489239708.338985682 0.00264577 0.219994 0 0 0 0 0
1489239708.367629051 0.0019348 0.321879 0 0 0 0 0
1489239708.407954931 0.0013921 0.174318 0 0 0 0 0
1489239708.440578699 0.00100857 0.271875 0 0 0 0 0
1489239708.471242428 0.000736297 0.246099 0 0 0 0 0
1489239708.503422737 0.000534495 0.216824 0 0 0 0 0
1489239708.537886620 0.000387805 0.290413 0 0 0 0 0
1489239708.571160555 0.0228571 0.241598 0 0 0 0 0
1489239708.602023125 0.0290591 0.32043 0 0 0 0 0
1489239708.638582468 0.0298525 0.22233 0 0 0 0 0
1489239708.667787075 0.0640764 0.362518 0 0 0 0 0
1489239708.705386400 0.0213419 0.349602 0 0 0 0 0
1489239708.744001865 0.0572232 0.162553 0 0 0 0 0
1489239708.767581940 0.0544023 0.514293 0 0 0 0 0
1489239708.800083876 0.0479135 0.365075 0 0 0 0 0
1489239708.837975025 0.0443569 0.302747 0 0 0 0 0
1489239708.868448019 0.0490102 0.445809 0 0 0 0 0
1489239708.900955439 0.023967 0.427691 0 0 0 0 0
1489239708.936533213 0.0400898 0.369713 0 0 0 0 0
1489239708.975862026 0.0187319 0.350492 0 0 0 0 0
1489239709.008963108 0.0373003 0.508071 0 0 0 0 0
1489239709.043114901 0.0154772 0.388366 0 0 0 0 0
1489239709.072558641 0.0125682 0.411355 0 0 0 0 0
1489239709.104921818 0.00950183 0.463974 0 0 0 0 0
1489239709.139757872 0.00719832 0.498837 0 0 0 0 0
1489239709.166787624 0.00489561 0.479835 0 0 0 0 0
1489239709.203872681 0.00363746 0.460392 0 0 0 0 0
1489239709.239008427 0.00265676 0.493484 0 0 0 0 0
1489239709.269277334 0.00192645 0.513449 0 0 0 0 0
1489239709.300895452 0.00139233 0.436655 0 0 0 0 0
1489239709.338297606 0.00101498 0.557802 0 0 0 0 0
1489239709.371901751 -0.0216162 0.521109 0 0 0 0 0
1489239709.403785467 -0.0274951 0.445559 0 0 0 0 0
1489239709.438339472 -0.0303094 0.57072 0 0 0 0 0
1489239709.468259335 -0.0374031 0.612188 0 0 0 0 0
1489239709.503233910 -0.037335 0.514725 0 0 0 0 0
1489239709.540592194 -0.0375903 0.535312 0 0 0 0 0
1489239709.569584608 -0.0442833 0.63647 0 0 0 0 0
1489239709.604000807 -0.0419249 0.507762 0 0 0 0 0
1489239709.638924837 -0.042162 0.620159 0 0 0 0 0
1489239709.669848204 -0.0453203 0.533331 0 0 0 0 0
1489239709.702351570 -0.021795 0.536306 0 0 0 0 0
1489239709.737161398 -0.0390488 0.641224 0 0 0 0 0
1489239709.770856619 -0.0400122 0.426685 0 0 0 0 0
1489239709.802814245 -0.0183053 0.543659 0 0 0 0 0
1489239709.839298010 -0.0352467 0.654559 0 0 0 0 0
1489239709.869231939 -0.0408431 0.387489 0 0 0 0 0
1489239709.902893066 -0.0172868 0.608152 0 0 0 0 0
1489239709.936448574 -0.0587956 0.585549 0 0 0 0 0
1489239709.967881441 -0.0201988 0.494719 0 0 0 0 0
1489239709.999291897 -0.0405446 0.505925 0 0 0 0 0
1489239710.037080526 -0.0377608 0.502706 0 0 0 0 0
1489239710.068680763 -0.0185935 0.540208 0 0 0 0 0
1489239710.101590157 -0.0372726 0.555273 0 0 0 0 0
1489239710.135861874 -0.037965 0.399058 0 0 0 0 0
1489239710.175460339 -0.0169313 0.450761 0 0 0 0 0
1489239710.201410294 -0.0426848 0.753183 0 0 0 0 0
1489239710.235801220 -0.0385789 0.395045 0 0 0 0 0
1489239710.269315004 -0.0177099 0.503373 0 0 0 0 0
1489239710.301186800 -0.0380124 0.563938 0 0 0 0 0
1489239710.336005449 -0.0162511 0.524139 0 0 0 0 0
1489239710.367476463 -0.0365206 0.498007 0 0 0 0 0
1489239710.400855780 -0.0144285 0.484649 0 0 0 0 0
1489239710.436660290 -0.0118895 0.545728 0 0 0 0 0
1489239710.469451189 -0.0319147 0.46386 0 0 0 0 0
1489239710.501498938 -0.0114353 0.552465 0 0 0 0 0
1489239710.536068439 -0.0307139 0.562848 0 0 0 0 0
1489239710.570610762 -0.011644 0.442946 0 0 0 0 0
1489239710.603157520 -0.0327549 0.528195 0 0 0 0 0
1489239710.642632008 -0.0119407 0.503175 0 0 0 0 0
1489239710.671281338 -0.0100015 0.51429 0 0 0 0 0
1489239710.701593399 -0.0324303 0.500919 0 0 0 0 0
1489239710.735480785 -0.0108181 0.564144 0 0 0 0 0
1489239710.768893480 -0.0535885 0.489194 0 0 0 0 0
1489239710.800464869 -0.0160835 0.400911 0 0 0 0 0
1489239710.839942217 -0.0139583 0.634293 0 0 0 0 0
1489239710.870515823 -0.0356732 0.509621 0 0 0 0 0
1489239710.900305748 -0.0387318 0.337206 0 0 0 0 0
1489239710.936895609 -0.0152973 0.53506 0 0 0 0 0
1489239710.969490528 -0.0361801 0.562655 0 0 0 0 0
1489239711.001587629 -0.0151875 0.532608 0 0 0 0 0
1489239711.037695408 -0.053538 0.427584 0 0 0 0 0
1489239711.068087816 -0.0173686 0.618871 0 0 0 0 0
1489239711.101447582 -0.0373494 0.494301 0 0 0 0 0
1489239711.139569521 -0.0161883 0.497347 0 0 0 0 0
1489239711.171340227 -0.0368973 0.54038 0 0 0 0 0
1489239711.203948498 -0.0144111 0.493233 0 0 0 0 0
1489239711.236815453 -0.034758 0.528196 0 0 0 0 0
1489239711.276406527 -0.0325856 0.486029 0 0 0 0 0
1489239711.307811975 -0.0389353 0.443975 0 0 0 0 0
1489239711.346093178 -0.0364937 0.454858 0 0 0 0 0
1489239711.373990297 -0.0450619 0.58235 0 0 0 0 0
1489239711.401843071 -0.0469786 0.522879 0 0 0 0 0
1489239711.437521219 -0.0428052 0.448951 0 0 0 0 0
1489239711.470362663 -0.0448113 0.523456 0 0 0 0 0
1489239711.502512693 -0.022334 0.533593 0 0 0 0 0
1489239711.538827419 -0.038503 0.504301 0 0 0 0 0
1489239711.570875406 -0.041111 0.396215 0 0 0 0 0
1489239711.598806620 -0.0184716 0.503145 0 0 0 0 0
1489239711.642849445 -0.0318834 0.492802 0 0 0 0 0
1489239711.667822123 -0.0151837 0.389149 0 0 0 0 0
1489239711.698923349 -0.0358744 0.39081 0 0 0 0 0
1489239711.736937761 -0.0135644 0.467652 0 0 0 0 0
1489239711.769602776 -0.0112066 0.353575 0 0 0 0 0
1489239711.801841497 -0.00862259 0.502067 0 0 0 0 0
1489239711.837829113 -0.0274287 0.344895 0 0 0 0 0
1489239711.869658470 -0.008578 0.368099 0 0 0 0 0
1489239711.902086258 -0.00725249 0.517286 0 0 0 0 0
1489239711.937446833 -0.0059112 0.345624 0 0 0 0 0
1489239711.970582008 -0.00449935 0.246077 0 0 0 0 0
1489239712.002562761 -0.0029407 0.45283 0 0 0 0 0
1489239712.038789272 -0.00221679 0.332938 0 0 0 0 0
1489239712.070781469 -0.00162996 0.270246 0 0 0 0 0
1489239712.101971626 -0.00117755 0.450353 0 0 0 0 0
1489239712.136305571 -0.000848716 0.31771 0 0 0 0 0
1489239712.170039177 -0.00062021 0.263767 0 0 0 0 0
1489239712.201545000 -0.000450602 0.373369 0 0 0 0 0
1489239712.240017414 -0.000326901 0.363623 0 0 0 0 0
1489239712.268726826 -0.000237427 0.301713 0 0 0 0 0
1489239712.300388336 -0.000172591 0.260237 0 0 0 0 0
1489239712.337401867 -0.000125353 0.35512 0 0 0 0 0
1489239712.376513004 -9.1047e-05 0.273558 0 0 0 0 0
1489239712.408977270 -6.61428e-05 0.28781 0 0 0 0 0
1489239712.441805601 -4.80504e-05 0.307166 0 0 0 0 0
1489239712.471067190 -3.49038e-05 0.329272 0 0 0 0 0
1489239712.501861095 -2.5355e-05 0.251885 0 0 0 0 0
1489239712.537547827 -1.84187e-05 0.292102 0 0 0 0 0
1489239712.569968462 -0.0231829 0.283397 0 0 0 0 0
1489239712.601714849 -0.00464362 0.260362 0 0 0 0 0
1489239712.636281967 -0.02614 0.244955 0 0 0 0 0
1489239712.668896198 -0.00824376 0.154004 0 0 0 0 0
1489239712.707913160 -0.00719327 0.184699 0 0 0 0 0
1489239712.739301920 -0.0055214 0.241028 0 0 0 0 0
1489239712.770022392 -0.0287664 0.127991 0 0 0 0 0
1489239712.801017284 -0.0319483 0.112139 0 0 0 0 0
1489239712.845112801 -0.0286515 0.143051 0 0 0 0 0
1489239712.873984098 -0.0396932 0.096279 0 0 0 0 0
1489239712.903568745 -0.0422601 0.00758571 0 0 0 0 0
1489239712.938438416 -0.0404108 0.0358711 0 0 0 0 0
1489239712.968866348 -0.0445099 0.000425044 0 0 0 0 0
1489239713.000872612 -0.0681132 -0.106217 0 0 0 0 0
1489239713.036139488 -0.0690524 -0.102345 0 0 0 0 0
1489239713.075062990 -0.0690963 -0.0345654 0 0 0 0 0
1489239713.104185104 -0.110595 -0.0328653 0 0 0 0 0
1489239713.139410019 -0.106769 -0.0699196 0 0 0 0 0
1489239713.168471098 -0.151697 -0.0274875 0 0 0 0 0
1489239713.207103491 -0.138645 -0.0598578 0 0 0 0 0
1489239713.239471436 -0.159519 -0.140675 0 0 0 0 0
1489239713.270452499 -0.170193 -0.140267 0 0 0 0 0
1489239713.301974297 -0.174737 -0.199384 0 0 0 0 0
1489239713.335680723 -0.172503 -0.144782 0 0 0 0 0
1489239713.368967533 -0.175973 -0.192669 0 0 0 0 0
1489239713.402504206 -0.199046 -0.199107 0 0 0 0 0
1489239713.438503742 -0.196523 -0.114019 0 0 0 0 0
1489239713.470256567 -0.237325 -0.173729 0 0 0 0 0
1489239713.502357244 -0.246049 -0.151539 0 0 0 0 0
1489239713.537185669 -0.265387 -0.0992751 0 0 0 0 0
1489239713.568422556 -0.291876 -0.185803 0 0 0 0 0
1489239713.608192921 -0.285756 -0.113638 0 0 0 0 0
1489239713.641481161 -0.320299 -0.20339 0 0 0 0 0
1489239713.672096252 -0.321132 -0.228368 0 0 0 0 0
1489239713.701636314 -0.358872 -0.147654 0 0 0 0 0
1489239713.737550020 -0.312674 -0.277903 0 0 0 0 0
1489239713.770580769 -0.346426 -0.20163 0 0 0 0 0
1489239713.802579403 -0.355931 -0.178565 0 0 0 0 0
1489239713.838963747 -0.337524 -0.348681 0 0 0 0 0
1489239713.870398998 -0.362337 -0.226087 0 0 0 0 0
1489239713.899249315 -0.384305 -0.333588 0 0 0 0 0
1489239713.943436384 -0.318759 -0.246346 0 0 0 0 0
1489239713.971698761 -0.387135 -0.325253 0 0 0 0 0
1489239714.000819206 -0.388151 -0.378641 0 0 0 0 0
1489239714.037459135 -0.350803 -0.206801 0 0 0 0 0
1489239714.068505049 -0.376598 -0.312234 0 0 0 0 0
1489239714.101658344 -0.367372 -0.328711 0 0 0 0 0
1489239714.136323929 -0.357804 -0.325406 0 0 0 0 0
1489239714.169199705 -0.364657 -0.224444 0 0 0 0 0
1489239714.200927019 -0.395252 -0.307783 0 0 0 0 0
1489239714.242617846 -0.332039 -0.360241 0 0 0 0 0
1489239714.271530628 -0.387896 -0.182891 0 0 0 0 0
1489239714.301817894 -0.383555 -0.256525 0 0 0 0 0
1489239714.339007616 -0.369647 -0.412706 0 0 0 0 0
1489239714.369973660 -0.405175 -0.278515 0 0 0 0 0
1489239714.400762081 -0.389415 -0.201163 0 0 0 0 0
1489239714.438427210 -0.374292 -0.295529 0 0 0 0 0
1489239714.470667124 -0.425264 -0.440421 0 0 0 0 0
1489239714.503040075 -0.386026 -0.282383 0 0 0 0 0
1489239714.544645786 -0.360385 -0.162151 0 0 0 0 0
1489239714.571774960 -0.44042 -0.493276 0 0 0 0 0
1489239714.601492882 -0.454774 -0.476319 0 0 0 0 0
1489239714.636255026 -0.385229 -0.242773 0 0 0 0 0
1489239714.671247959 -0.421987 -0.306135 0 0 0 0 0
1489239714.703145981 -0.445171 -0.522898 0 0 0 0 0
1489239714.736843348 -0.414219 -0.309964 0 0 0 0 0
1489239714.769918203 -0.415481 -0.0697127 0 0 0 0 0
1489239714.799744129 -0.462697 -0.631341 0 0 0 0 0
1489239714.838801146 -0.410869 -0.424477 0 0 0 0 0
1489239714.869228125 -0.436026 -0.15273 0 0 0 0 0
1489239714.901049614 -0.451937 -0.396709 0 0 0 0 0
1489239714.937373877 -0.447488 -0.444889 0 0 0 0 0
1489239714.966539860 -0.478984 -0.390859 0 0 0 0 0
1489239715.007640362 -0.412679 -0.265261 0 0 0 0 0
1489239715.040395975 -0.473987 -0.336407 0 0 0 0 0
1489239715.071063280 -0.471914 -0.56 0 0 0 0 0
1489239715.103972912 -0.458951 -0.20853 0 0 0 0 0
1489239715.137632608 -0.453776 -0.351003 0 0 0 0 0
1489239715.172275782 -0.447319 -0.434293 0 0 0 0 0
1489239715.203162432 -0.494544 -0.35847 0 0 0 0 0
1489239715.240360260 -0.436271 -0.283255 0 0 0 0 0
1489239715.271282434 -0.520364 -0.31704 0 0 0 0 0
1489239715.302614450 -0.529028 -0.498838 0 0 0 0 0
1489239715.337492466 -0.510659 -0.322694 0 0 0 0 0
1489239715.370925903 -0.524948 -0.185231 0 0 0 0 0
1489239715.402347326 -0.547385 -0.437836 0 0 0 0 0
1489239715.442509890 -0.490176 -0.247317 0 0 0 0 0
1489239715.476058245 -0.526859 -0.351155 0 0 0 0 0
1489239715.502769470 -0.597347 -0.357072 0 0 0 0 0
1489239715.537839890 -0.531912 -0.277722 0 0 0 0 0
1489239715.569834232 -0.554918 -0.414644 0 0 0 0 0
1489239715.597730875 -0.599971 -0.339287 0 0 0 0 0
1489239715.644882917 -0.47746 -0.334863 0 0 0 0 0
1489239715.670245886 -0.622977 -0.350777 0 0 0 0 0
1489239715.700426340 -0.582629 -0.274525 0 0 0 0 0
1489239715.737884045 -0.528363 -0.358353 0 0 0 0 0
1489239715.770366669 -0.556741 -0.349527 0 0 0 0 0
1489239715.801944017 -0.565474 -0.287498 0 0 0 0 0
1489239715.840437174 -0.512746 -0.315483 0 0 0 0 0
1489239715.869084120 -0.584122 -0.316298 0 0 0 0 0
1489239715.900123596 -0.568527 -0.326078 0 0 0 0 0
1489239715.935557127 -0.535265 -0.370411 0 0 0 0 0
1489239715.968859434 -0.547055 -0.305628 0 0 0 0 0
1489239715.999254227 -0.572325 -0.436748 0 0 0 0 0
1489239716.044430971 -0.478005 -0.252996 0 0 0 0 0
1489239716.071159840 -0.600158 -0.446007 0 0 0 0 0
1489239716.102366686 -0.565166 -0.426625 0 0 0 0 0
1489239716.137575626 -0.535489 -0.327271 0 0 0 0 0
1489239716.170018911 -0.553629 -0.232969 0 0 0 0 0
1489239716.201621532 -0.586574 -0.469405 0 0 0 0 0
1489239716.237936258 -0.530386 -0.43091 0 0 0 0 0
1489239716.269471407 -0.562042 -0.220054 0 0 0 0 0
1489239716.302189350 -0.553813 -0.304882 0 0 0 0 0
1489239716.336622238 -0.561038 -0.422126 0 0 0 0 0
1489239716.369774342 -0.549903 -0.332192 0 0 0 0 0
1489239716.401099682 -0.565375 -0.243131 0 0 0 0 0
1489239716.444411993 -0.487472 -0.294548 0 0 0 0 0
1489239716.468727112 -0.636061 -0.643607 0 0 0 0 0
1489239716.500422001 -0.568766 -0.213826 0 0 0 0 0
1489239716.536784172 -0.534075 -0.304768 0 0 0 0 0
1489239716.568927765 -0.56054 -0.452326 0 0 0 0 0
1489239716.599710226 -0.573729 -0.409194 0 0 0 0 0
1489239716.637904644 -0.516677 -0.269462 0 0 0 0 0
1489239716.669343710 -0.558867 -0.271239 0 0 0 0 0
1489239716.700412989 -0.588979 -0.47226 0 0 0 0 0
1489239716.737298965 -0.526356 -0.365682 0 0 0 0 0
1489239716.763034105 -0.625601 -0.242904 0 0 0 0 0
1489239716.794929028 -0.573532 -0.328951 0 0 0 0 0
1489239716.836587667 -0.525041 -0.414651 0 0 0 0 0
1489239716.865774870 -0.588751 -0.35486 0 0 0 0 0
1489239716.897666454 -0.567786 -0.225281 0 0 0 0 0
1489239716.939692259 -0.497539 -0.191918 0 0 0 0 0
1489239716.966052055 -0.640262 -0.640934 0 0 0 0 0
1489239716.999429941 -0.55896 -0.377144 0 0 0 0 0
1489239717.043421268 -0.473804 -0.133777 0 0 0 0 0
1489239717.070800781 -0.596734 -0.513398 0 0 0 0 0
1489239717.099996328 -0.587074 -0.475303 0 0 0 0 0
1489239717.136924267 -0.526351 -0.265282 0 0 0 0 0
1489239717.168245792 -0.564486 -0.254272 0 0 0 0 0
1489239717.200445414 -0.560336 -0.420259 0 0 0 0 0
1489239717.236216784 -0.530719 -0.382313 0 0 0 0 0
1489239717.267518520 -0.560933 -0.178193 0 0 0 0 0
1489239717.303867579 -0.524038 -0.27162 0 0 0 0 0
1489239717.339616537 -0.522185 -0.392248 0 0 0 0 0
1489239717.366891623 -0.596158 -0.321241 0 0 0 0 0
1489239717.401494980 -0.538506 -0.245921 0 0 0 0 0
1489239717.438322306 -0.520311 -0.313225 0 0 0 0 0
1489239717.470514059 -0.550574 -0.291165 0 0 0 0 0
1489239717.502188683 -0.532687 -0.240657 0 0 0 0 0
1489239717.536450624 -0.531172 -0.354496 0 0 0 0 0
1489239717.569339991 -0.518443 -0.311525 0 0 0 0 0
1489239717.601845503 -0.518361 -0.223376 0 0 0 0 0
1489239717.638755798 -0.464703 -0.179557 0 0 0 0 0
1489239717.666100502 -0.551272 -0.365335 0 0 0 0 0
1489239717.700163126 -0.500297 -0.358267 0 0 0 0 0
1489239717.740844965 -0.439784 -0.174028 0 0 0 0 0
1489239717.809013844 -0.351556 -0.145068 0 0 0 0 0
1489239717.833008528 -0.558235 -0.422022 0 0 0 0 0
1489239717.849295139 -0.740715 -0.602338 0 0 0 0 0
1489239717.866768122 -0.718927 -0.206979 0 0 0 0 0
1489239717.899832487 -0.555478 -0.249304 0 0 0 0 0
1489239717.938476324 -0.534739 -0.395319 0 0 0 0 0
1489239717.971282959 -0.528167 -0.350306 0 0 0 0 0
1489239718.002621651 -0.517033 0.00301589 0 0 0 0 0
1489239718.038854837 -0.512658 -0.269662 0 0 0 0 0
1489239718.071127176 -0.538952 -0.433884 0 0 0 0 0
1489239718.102631330 -0.501236 -0.239739 0 0 0 0 0
1489239718.137115479 -0.476038 -0.0310161 0 0 0 0 0
1489239718.169830084 -0.502496 -0.144922 0 0 0 0 0
1489239718.199739933 -0.55035 -0.531011 0 0 0 0 0
1489239718.243397236 -0.430171 -0.0742588 0 0 0 0 0
1489239718.271332026 -0.53843 0.0506677 0 0 0 0 0
1489239718.303116083 -0.51234 -0.462807 0 0 0 0 0
1489239718.337753773 -0.492319 -0.205616 0 0 0 0 0
1489239718.369311094 -0.4887 -0.0140517 0 0 0 0 0
1489239718.400195599 -0.492963 -0.126006 0 0 0 0 0
1489239718.436915159 -0.471773 -0.336742 0 0 0 0 0
1489239718.469563484 -0.471864 -0.235874 0 0 0 0 0
1489239718.499590397 -0.489036 0.0389921 0 0 0 0 0
1489239718.537483692 -0.438645 -0.186404 0 0 0 0 0
1489239718.571082830 -0.455428 -0.250571 0 0 0 0 0
1489239718.601737976 -0.474418 -0.134938 0 0 0 0 0
1489239718.638499022 -0.435853 -0.1221 0 0 0 0 0
1489239718.671373844 -0.454302 -0.193195 0 0 0 0 0
1489239718.700426340 -0.485008 -0.289659 0 0 0 0 0
1489239718.735543728 -0.446356 -0.0417476 0 0 0 0 0
1489239718.766535282 -0.471624 -0.0772229 0 0 0 0 0
1489239718.796127558 -0.486334 -0.415429 0 0 0 0 0
1489239718.837730408 -0.399398 -0.0772439 0 0 0 0 0
1489239718.865466118 -0.466058 -0.0875728 0 0 0 0 0
1489239718.899239779 -0.447749 -0.296744 0 0 0 0 0
1489239718.937590122 -0.419586 -0.237982 0 0 0 0 0
1489239718.966221094 -0.453782 -0.0522961 0 0 0 0 0
1489239719.005720854 -0.411943 -0.156218 0 0 0 0 0
1489239719.037969828 -0.44773 -0.310469 0 0 0 0 0
1489239719.069551706 -0.431759 -0.150188 0 0 0 0 0
1489239719.102066040 -0.425319 -0.0717599 0 0 0 0 0
1489239719.135429144 -0.417833 -0.233219 0 0 0 0 0
1489239719.168955088 -0.436983 -0.289442 0 0 0 0 0
1489239719.201126575 -0.400983 -0.107557 0 0 0 0 0
1489239719.240010738 -0.382657 -0.0918376 0 0 0 0 0
1489239719.296490669 -0.320967 -0.221289 0 0 0 0 0
1489239719.338316679 -0.345174 -0.155042 0 0 0 0 0
1489239719.362818241 -0.420759 -0.0787634 0 0 0 0 0
1489239719.381489038 -0.509016 -0.146131 0 0 0 0 0
1489239719.439844131 -0.331335 -0.131921 0 0 0 0 0
1489239719.465316057 -0.673796 -0.240734 0 0 0 0 0
1489239719.495563745 -0.455071 -0.185744 0 0 0 0 0
1489239719.533279419 -0.410001 -0.292768 0 0 0 0 0
1489239719.565725565 -0.419418 -0.0245522 0 0 0 0 0
1489239719.597932339 -0.411168 -0.172657 0 0 0 0 0
1489239719.640428782 -0.350308 -0.2534 0 0 0 0 0
1489239719.665338993 -0.43542 -0.0936722 0 0 0 0 0
1489239719.696896076 -0.368343 -0.122807 0 0 0 0 0
1489239719.736074686 -0.347954 -0.149217 0 0 0 0 0
1489239719.767014265 -0.380129 -0.191599 0 0 0 0 0
1489239719.798571587 -0.329644 -0.172805 0 0 0 0 0
1489239719.842636108 -0.278443 -0.0673294 0 0 0 0 0
1489239719.870690584 -0.321198 -0.173025 0 0 0 0 0
1489239719.901370764 -0.30488 -0.218353 0 0 0 0 0
1489239719.936750174 -0.280873 -0.0849976 0 0 0 0 0
1489239719.968998194 -0.264416 -0.116972 0 0 0 0 0
1489239720.002167702 -0.254794 -0.157145 0 0 0 0 0
1489239720.038634777 -0.236946 -0.109557 0 0 0 0 0
1489239720.069877148 -0.24631 -0.109479 0 0 0 0 0
1489239720.101761341 -0.217741 -0.106974 0 0 0 0 0
1489239720.137411118 -0.201212 -0.0566297 0 0 0 0 0
1489239720.167266130 -0.210024 -0.144361 0 0 0 0 0
1489239720.204347372 -0.187306 -0.0940211 0 0 0 0 0
1489239720.242589235 -0.158901 -0.0710973 0 0 0 0 0
1489239720.269131184 -0.175843 -0.0738692 0 0 0 0 0
1489239720.299794674 -0.161727 -0.0420586 0 0 0 0 0
1489239720.343003511 -0.136131 -0.100787 0 0 0 0 0
1489239720.372239828 -0.128401 -0.0630808 0 0 0 0 0
1489239720.402776241 -0.120263 -0.0356335 0 0 0 0 0
1489239720.437670708 -0.108066 -0.0287704 0 0 0 0 0
1489239720.471043348 -0.104316 -0.0224465 0 0 0 0 0
1489239720.502172232 -0.0796505 -0.0155223 0 0 0 0 0
1489239720.537678957 -0.0907088 -0.0111302 0 0 0 0 0
1489239720.570282459 -0.0689638 -0.0773019 0 0 0 0 0
1489239720.602573156 -0.04058 -0.0198045 0 0 0 0 0
1489239720.637019634 -0.031514 0.0261342 0 0 0 0 0
1489239720.668355227 -0.0238216 -0.00603053 0 0 0 0 0
1489239720.706618547 -0.0169976 -0.0423639 0 0 0 0 0
1489239720.738266945 -0.0121532 -0.00775416 0 0 0 0 0
1489239720.769086838 -0.00893813 0.0658595 0 0 0 0 0
1489239720.799678326 -0.00650144 0.00747087 0 0 0 0 0
1489239720.836976290 -0.0047062 0.00847949 0 0 0 0 0
1489239720.868944645 -0.00341793 0.00901477 0 0 0 0 0
1489239720.899327517 -0.00248657 0.00711494 0 0 0 0 0
1489239720.938504696 -0.0018057 0.0039967 0 0 0 0 0
1489239720.970879316 -0.00131123 -0.0199922 0 0 0 0 0
1489239721.001557827 -0.000952653 -0.0022367 0 0 0 0 0
1489239721.034846783 -0.000692113 -0.00269075 0 0 0 0 0
1489239721.066498041 -0.000502728 -0.00267304 0 0 0 0 0
1489239721.098079681 -0.000365189 -0.0021615 0 0 0 0 0
1489239721.136333227 -0.000265291 -0.00121417 0 0 0 0 0
1489239721.165413618 -0.000192715 -0.0009689 0 0 0 0 0
1489239721.201647758 -0.000139992 -0.000725707 0 0 0 0 0
1489239721.231571198 -0.000101694 -0.000519968 0 0 0 0 0
1489239721.266581059 -7.38737e-05 -0.000370448 0 0 0 0 0
1489239721.300677776 -5.36638e-05 -0.0002731 0 0 0 0 0
1489239721.337409496 -3.89828e-05 -0.000198469 0 0 0 0 0
1489239721.368241310 -2.83182e-05 -0.000143702 0 0 0 0 0
1489239721.399168968 -2.05711e-05 -0.000104343 0 0 0 0 0
1489239721.442438602 -1.49434e-05 -7.59259e-05 0 0 0 0 0
1489239721.470256090 -1.08553e-05 -5.51304e-05 0 0 0 0 0
1489239721.500824690 -7.8856e-06 -4.00344e-05 0 0 0 0 0
1489239721.540088654 -5.72832e-06 -2.90862e-05 0 0 0 0 0
1489239721.569327831 -4.16121e-06 -2.11317e-05 0 0 0 0 0
1489239721.597947359 -3.02282e-06 -1.53492e-05 0 0 0 0 0
1489239721.641709805 -2.19586e-06 -1.11499e-05 0 0 0 0 0
1489239721.668704271 -1.59513e-06 -8.09986e-06 0 0 0 0 0
1489239721.703112364 -1.15875e-06 -5.88397e-06 0 0 0 0 0
1489239721.736714602 -8.41745e-07 -4.27423e-06 0 0 0 0 0
1489239721.774770260 -6.11467e-07 -3.10492e-06 0 0 0 0 0
1489239721.802875280 -4.44186e-07 -2.25551e-06 0 0 0 0 0
1489239721.839754820 -3.22669e-07 -1.63846e-06 0 0 0 0 0
1489239721.869856834 -2.34396e-07 -1.19022e-06 0 0 0 0 0
1489239721.901875019 -1.70272e-07 -8.64611e-07 0 0 0 0 0
