1489239316.664384604 0 0 0 0 0 0 0
1489239316.688822985 0 0.0614264 0 0 0 0 0
1489239316.725100040 0 -0.0290952 0 0 0 0 0
1489239316.756643534 0 0.00339492 0 0 0 0 0
1489239316.860535622 0 0.00245734 0 0 0 0 0
1489239316.890159130 0 0.00116251 0 0 0 0 0
1489239316.997427464 0 -0.000514164 0 0 0 0 0
1489239317.043244123 0 0.000487024 0 0 0 0 0
1489239317.130992889 0 0.000259398 0 0 0 0 0
1489239317.155324221 0 0.0309799 0 0 0 0 0
1489239317.226949215 0 0.00625789 0 0 0 0 0
1489239317.255739450 0.0260912 0.00594886 0 0 0 0 0
1489239317.294084311 0.00521823 -0.0143351 0 0 0 0 0
1489239317.324836254 0.0293841 0.000200106 0 0 0 0 0
1489239317.361511230 0.0297505 -0.00120246 0 0 0 0 0
1489239317.389412642 0.0660287 -0.0551489 0 0 0 0 0
1489239317.427539825 0.060271 -0.0119069 0 0 0 0 0
1489239317.463026285 0.0687384 -0.0107639 0 0 0 0 0
1489239317.494743347 0.0782457 0.014151 0 0 0 0 0
1489239317.530448437 0.0773648 0.0182891 0 0 0 0 0
1489239317.557111979 0.0934416 0.00410875 0 0 0 0 0
1489239317.590104103 0.0870909 0.0499426 0 0 0 0 0
1489239317.623077631 0.0886452 0.0586675 0 0 0 0 0
1489239317.656532049 0.0889122 0.0654221 0 0 0 0 0
1489239317.689777851 0.0896493 0.0496609 0 0 0 0 0
1489239317.731649399 0.0983054 0.0998125 0 0 0 0 0
1489239317.759004831 0.156271 0.0368872 0 0 0 0 0
1489239317.789440632 0.158132 0.0305865 0 0 0 0 0
1489239317.826796532 0.149814 0.0241147 0 0 0 0 0
1489239317.857856989 0.195146 -0.00607488 0 0 0 0 0
1489239317.889942169 0.202187 -0.0394815 0 0 0 0 0
1489239317.925032616 0.199631 -0.0262566 0 0 0 0 0
1489239317.962753057 0.216744 -0.0105753 0 0 0 0 0
1489239317.986839056 0.290392 -0.0726305 0 0 0 0 0
1489239318.025336027 0.237737 -0.0792035 0 0 0 0 0
1489239318.057190180 0.264251 -0.0291056 0 0 0 0 0
1489239318.090111256 0.265291 -0.0710922 0 0 0 0 0
1489239318.125550747 0.258164 -0.0724946 0 0 0 0 0
1489239318.157426596 0.271132 -0.0320335 0 0 0 0 0
1489239318.188365459 0.278368 -0.0258454 0 0 0 0 0
1489239318.226209879 0.254518 -0.0406115 0 0 0 0 0
1489239318.251734734 0.309254 -0.0776389 0 0 0 0 0
1489239318.288955688 0.282692 -0.0459713 0 0 0 0 0
1489239318.320013762 0.287413 0.0221405 0 0 0 0 0
1489239318.353487015 0.278183 -0.0346853 0 0 0 0 0
1489239318.383921146 0.290571 -0.0120951 0 0 0 0 0
1489239318.428530693 0.24375 0.0259448 0 0 0 0 0
1489239318.459454298 0.304563 0.0252853 0 0 0 0 0
1489239318.490760803 0.284406 0.006005 0 0 0 0 0
1489239318.527428389 0.284871 0.00698351 0 0 0 0 0
1489239318.558221579 0.288643 -0.0426265 0 0 0 0 0
1489239318.588038683 0.345669 -0.00561302 0 0 0 0 0
1489239318.625080585 0.276811 0.034008 0 0 0 0 0
1489239318.662065983 0.29249 -0.0791297 0 0 0 0 0
1489239318.690940380 0.305109 -0.0134174 0 0 0 0 0
1489239318.727060795 0.295434 0.071687 0 0 0 0 0
1489239318.759080172 0.288702 -0.0407707 0 0 0 0 0
1489239318.788444519 0.300677 -0.0538212 0 0 0 0 0
1489239318.825195312 0.270877 0.112159 0 0 0 0 0
1489239318.855459452 0.291842 0.0138659 0 0 0 0 0
1489239318.894590378 0.258681 -0.0261861 0 0 0 0 0
1489239318.925868750 0.305744 0.0773579 0 0 0 0 0
1489239318.958107471 0.28248 0.134948 0 0 0 0 0
1489239318.988030195 0.29344 -0.0135 0 0 0 0 0
1489239319.032544136 0.245818 -0.0434781 0 0 0 0 0
1489239319.061471939 0.318484 0.214216 0 0 0 0 0
1489239319.092472553 0.289423 0.114354 0 0 0 0 0
1489239319.126041889 0.301548 -0.0841743 0 0 0 0 0
1489239319.157810211 0.313379 0.0668193 0 0 0 0 0
1489239319.188594103 0.323584 0.169177 0 0 0 0 0
1489239319.225441933 0.278664 0.0411587 0 0 0 0 0
1489239319.256049633 0.297937 -0.0620088 0 0 0 0 0
1489239319.293414593 0.29014 0.11447 0 0 0 0 0
1489239319.323289394 0.297628 0.126664 0 0 0 0 0
1489239319.359387875 0.271627 0.0175678 0 0 0 0 0
1489239319.392081499 0.280737 0.00790171 0 0 0 0 0
1489239319.428896666 0.263584 0.144932 0 0 0 0 0
1489239319.458937407 0.261897 0.113218 0 0 0 0 0
1489239319.489882946 0.254942 -0.00245778 0 0 0 0 0
1489239319.525071144 0.237404 0.0313794 0 0 0 0 0
1489239319.561018467 0.25047 0.149756 0 0 0 0 0
1489239319.587058783 0.268526 0.068897 0 0 0 0 0
1489239319.622337103 0.234227 -0.0245701 0 0 0 0 0
1489239319.657683134 0.230301 0.0856707 0 0 0 0 0
1489239319.684895039 0.258593 0.138157 0 0 0 0 0
1489239319.728328228 0.209587 0.00690737 0 0 0 0 0
1489239319.758451223 0.240132 0.0294436 0 0 0 0 0
1489239319.788900614 0.264855 0.123624 0 0 0 0 0
1489239319.830058813 0.214133 0.073213 0 0 0 0 0
1489239319.858036280 0.251293 -0.0440081 0 0 0 0 0
1489239319.888922215 0.266795 0.0646183 0 0 0 0 0
1489239319.931042910 0.232712 0.091104 0 0 0 0 0
1489239319.964814901 0.255852 -0.0172765 0 0 0 0 0
1489239319.993682861 0.281447 0.0144717 0 0 0 0 0
1489239320.025764465 0.271764 0.0828321 0 0 0 0 0
1489239320.055891991 0.283389 0.0464782 0 0 0 0 0
1489239320.088626623 0.276063 0.0223038 0 0 0 0 0
1489239320.129226446 0.249981 0.0204393 0 0 0 0 0
1489239320.156355619 0.327153 0.154557 0 0 0 0 0
1489239320.192798853 0.288988 -0.0026601 0 0 0 0 0
1489239320.225118637 0.308365 -0.04386 0 0 0 0 0
1489239320.262938023 0.28927 0.126385 0 0 0 0 0
1489239320.295735598 0.286784 0.0261599 0 0 0 0 0
1489239320.327876568 0.309631 -0.00368197 0 0 0 0 0
1489239320.361716270 0.304674 0.0801745 0 0 0 0 0
1489239320.398554802 0.293258 0.0651676 0 0 0 0 0
1489239320.430750132 0.312977 0.0259995 0 0 0 0 0
1489239320.455009699 0.36928 0.0228084 0 0 0 0 0
1489239320.487702370 0.303222 -0.0269303 0 0 0 0 0
1489239320.528768778 0.30833 0.040448 0 0 0 0 0
1489239320.569501877 0.288815 0.136618 0 0 0 0 0
1489239320.637732744 0.218854 -0.0231647 0 0 0 0 0
1489239320.662446260 0.528224 0.0185581 0 0 0 0 0
1489239320.730749607 0.259754 0.0818547 0 0 0 0 0
1489239320.760667801 0.4688 -0.177033 0 0 0 0 0
1489239320.789950848 0.401705 0.156993 0 0 0 0 0
1489239320.827875137 0.32189 0.112915 0 0 0 0 0
1489239320.855074406 0.377823 -0.243435 0 0 0 0 0
1489239320.889168739 0.341683 -0.0249022 0 0 0 0 0
1489239320.923575640 0.35194 0.261238 0 0 0 0 0
1489239320.957063913 0.354964 -0.149491 0 0 0 0 0
1489239320.987970829 0.346973 -0.1268 0 0 0 0 0
1489239321.025849104 0.333567 0.13562 0 0 0 0 0
1489239321.057752609 0.360213 0.0532698 0 0 0 0 0
1489239321.087749958 0.374853 -0.0392008 0 0 0 0 0
1489239321.122802734 0.351146 0.00737225 0 0 0 0 0
1489239321.154966831 0.365991 0.101046 0 0 0 0 0
1489239321.194357395 0.333925 0.0200585 0 0 0 0 0
1489239321.227369785 0.357574 -0.0275268 0 0 0 0 0
1489239321.255259991 0.391225 0.00797663 0 0 0 0 0
1489239321.315065145 0.284056 0.0923775 0 0 0 0 0
1489239321.343304873 0.354147 -0.0618144 0 0 0 0 0
1489239321.366813421 0.39411 -0.0310129 0 0 0 0 0
1489239321.387318373 0.436346 0.103976 0 0 0 0 0
1489239321.424787521 0.336337 0.0546447 0 0 0 0 0
1489239321.456816196 0.354009 -0.0265359 0 0 0 0 0
1489239321.488660097 0.349717 0.0117365 0 0 0 0 0
1489239321.525275230 0.322103 0.152525 0 0 0 0 0
1489239321.563421011 0.287248 0.0126674 0 0 0 0 0
1489239321.591946840 0.342768 -0.0010533 0 0 0 0 0
1489239321.626478910 0.291854 0.104472 0 0 0 0 0
1489239321.654816866 0.340169 0.0561161 0 0 0 0 0
1489239321.693041801 0.278359 0.027422 0 0 0 0 0
1489239321.721406221 0.338401 -0.00216572 0 0 0 0 0
1489239321.755011797 0.314512 0.0591853 0 0 0 0 0
1489239321.786742449 0.32422 0.040715 0 0 0 0 0
1489239321.824496269 0.318951 -0.0215865 0 0 0 0 0
1489239321.855821848 0.35263 0.0315608 0 0 0 0 0
1489239321.887291908 0.357471 0.010105 0 0 0 0 0
1489239321.923571587 0.338135 0.00663221 0 0 0 0 0
1489239321.957751036 0.348276 -0.017041 0 0 0 0 0
1489239321.987605572 0.375042 0.0253164 0 0 0 0 0
1489239322.029266834 0.32318 0.0757407 0 0 0 0 0
1489239322.056984663 0.362331 -0.0636649 0 0 0 0 0
1489239322.087206364 0.374704 -0.0990355 0 0 0 0 0
1489239322.128362656 0.326374 0.107144 0 0 0 0 0
1489239322.156483173 0.387573 0.00399406 0 0 0 0 0
1489239322.188976049 0.367002 -0.157915 0 0 0 0 0
1489239322.226950884 0.341155 0.0340743 0 0 0 0 0
1489239322.256929874 0.37881 0.0890317 0 0 0 0 0
1489239322.287361860 0.380483 0.00732567 0 0 0 0 0
1489239322.328242540 0.314006 -0.11819 0 0 0 0 0
1489239322.357912540 0.377352 0.0892581 0 0 0 0 0
1489239322.387638807 0.356447 0.156806 0 0 0 0 0
1489239322.423231363 0.347155 -0.11432 0 0 0 0 0
1489239322.453634501 0.349283 -0.0210144 0 0 0 0 0
1489239322.493392229 0.327592 0.112066 0 0 0 0 0
1489239322.524920464 0.361051 0.0632825 0 0 0 0 0
1489239322.562872171 0.331977 -0.0970146 0 0 0 0 0
1489239322.592838049 0.371317 0.00024532 0 0 0 0 0
1489239322.626494646 0.355094 0.131235 0 0 0 0 0
1489239322.655513525 0.385051 0.0197465 0 0 0 0 0
1489239322.688900471 0.341497 -0.0935979 0 0 0 0 0
1489239322.728905916 0.330346 -0.00262181 0 0 0 0 0
1489239322.757035732 0.387183 0.154069 0 0 0 0 0
1489239322.793102503 0.347009 -0.0403845 0 0 0 0 0
1489239322.823799610 0.373352 -0.0632622 0 0 0 0 0
1489239322.861466646 0.341496 0.0762725 0 0 0 0 0
1489239322.890827179 0.383037 0.0605587 0 0 0 0 0
1489239322.929203987 0.339106 -0.0630255 0 0 0 0 0
1489239322.959272146 0.377952 0.0508681 0 0 0 0 0
1489239322.988811255 0.385272 0.0868184 0 0 0 0 0
1489239323.024086237 0.357167 0.0217193 0 0 0 0 0
1489239323.054794312 0.355206 -0.00514029 0 0 0 0 0
1489239323.094647169 0.33283 -0.0430463 0 0 0 0 0
1489239323.127401352 0.358296 0.134626 0 0 0 0 0
1489239323.157706738 0.34847 0.0210402 0 0 0 0 0
1489239323.187864542 0.373746 -0.0797134 0 0 0 0 0
1489239323.226115227 0.316957 0.0377689 0 0 0 0 0
1489239323.257135153 0.365941 0.101219 0 0 0 0 0
1489239323.286048174 0.383373 -0.0329301 0 0 0 0 0
1489239323.323061943 0.324009 0.0489449 0 0 0 0 0
1489239323.363961220 0.32168 0.0535637 0 0 0 0 0
1489239323.388279676 0.416683 -0.0419069 0 0 0 0 0
1489239323.429917336 0.327483 0.00290115 0 0 0 0 0
1489239323.457101345 0.39743 0.05732 0 0 0 0 0
1489239323.488559723 0.377387 -0.0373323 0 0 0 0 0
1489239323.523640871 0.359973 -0.000673683 0 0 0 0 0
1489239323.554960251 0.352609 0.0720386 0 0 0 0 0
1489239323.587663412 0.365883 -0.0324632 0 0 0 0 0
1489239323.625497580 0.339769 0.0817339 0 0 0 0 0
1489239323.655559063 0.375998 0.0186475 0 0 0 0 0
1489239323.687150240 0.370607 -0.0311732 0 0 0 0 0
1489239323.723557472 0.347852 0.00311273 0 0 0 0 0
1489239323.758504152 0.351708 0.0448538 0 0 0 0 0
1489239323.787901640 0.382797 0.0327848 0 0 0 0 0
1489239323.824241400 0.347997 0.0120376 0 0 0 0 0
1489239323.853880882 0.382331 -0.0386811 0 0 0 0 0
1489239323.886359215 0.369558 0.0689212 0 0 0 0 0
1489239323.927875757 0.329947 0.0831414 0 0 0 0 0
1489239323.956480265 0.387141 -0.186219 0 0 0 0 0
1489239323.992815495 0.348379 -0.0198146 0 0 0 0 0
1489239324.026074886 0.359901 0.160404 0 0 0 0 0
1489239324.056155205 0.354254 -0.135071 0 0 0 0 0
1489239324.087278605 0.372113 -0.158944 0 0 0 0 0
1489239324.124234676 0.343578 0.145791 0 0 0 0 0
1489239324.162797213 0.333787 -0.000170328 0 0 0 0 0
1489239324.188760996 0.40467 -0.116448 0 0 0 0 0
1489239324.223275661 0.358076 0.00506338 0 0 0 0 0
1489239324.255532265 0.392459 0.0606251 0 0 0 0 0
1489239324.295270920 0.340582 -0.0365447 0 0 0 0 0
1489239324.330953598 0.351438 -0.045601 0 0 0 0 0
1489239324.358936071 0.393279 -0.0351095 0 0 0 0 0
1489239324.388150930 0.390748 0.139665 0 0 0 0 0
1489239324.425032854 0.35225 0.0162793 0 0 0 0 0
1489239324.454144955 0.392383 -0.13628 0 0 0 0 0
1489239324.494927406 0.337405 0.0978239 0 0 0 0 0
1489239324.526253223 0.372935 0.127536 0 0 0 0 0
1489239324.558024406 0.371194 -0.090756 0 0 0 0 0
1489239324.587726831 0.360568 -0.0213224 0 0 0 0 0
1489239324.624845028 0.343854 0.0806524 0 0 0 0 0
1489239324.656871319 0.342806 0.103979 0 0 0 0 0
1489239324.687646151 0.370025 -0.144502 0 0 0 0 0
1489239324.723922968 0.343493 0.0350762 0 0 0 0 0
1489239324.758078814 0.373607 0.109646 0 0 0 0 0
1489239324.787246466 0.386416 -0.0335272 0 0 0 0 0
1489239324.823732138 0.35088 -0.0556918 0 0 0 0 0
1489239324.855331659 0.372846 -0.00344901 0 0 0 0 0
1489239324.889899492 0.358366 0.145079 0 0 0 0 0
1489239324.930605650 0.329637 -0.0340641 0 0 0 0 0
1489239324.962841511 0.360929 -0.0347485 0 0 0 0 0
1489239324.990968943 0.389758 0.0556461 0 0 0 0 0
1489239325.025988817 0.354572 0.0954964 0 0 0 0 0
1489239325.054572344 0.392192 -0.0302502 0 0 0 0 0
1489239325.093618393 0.342551 -0.103236 0 0 0 0 0
1489239325.123285055 0.410167 0.214851 0 0 0 0 0
1489239325.153706789 0.387899 0.0292347 0 0 0 0 0
1489239325.186049461 0.378772 -0.182626 0 0 0 0 0
1489239325.223389387 0.35302 0.0444873 0 0 0 0 0
1489239325.256671429 0.389847 0.0853781 0 0 0 0 0
1489239325.292653799 0.355203 -0.0139118 0 0 0 0 0
1489239325.325015545 0.369452 -0.087432 0 0 0 0 0
1489239325.356661558 0.3737 0.038625 0 0 0 0 0
1489239325.390312433 0.36375 0.0644027 0 0 0 0 0
1489239325.425031662 0.356595 -0.0340016 0 0 0 0 0
1489239325.456240416 0.374278 -0.0216993 0 0 0 0 0
1489239325.494710922 0.339612 -0.00106859 0 0 0 0 0
1489239325.526838779 0.364956 0.0430759 0 0 0 0 0
1489239325.558316708 0.346234 -0.0431044 0 0 0 0 0
1489239325.589475155 0.36953 -0.00335132 0 0 0 0 0
1489239325.625385761 0.34666 0.0389209 0 0 0 0 0
1489239325.655336618 0.378273 0.00512484 0 0 0 0 0
1489239325.695547104 0.331366 -0.0702924 0 0 0 0 0
1489239325.727148294 0.366319 -0.0333169 0 0 0 0 0
1489239325.758286715 0.395241 0.0816699 0 0 0 0 0
1489239325.790535450 0.372391 0.00456345 0 0 0 0 0
1489239325.825661421 0.358045 -0.100524 0 0 0 0 0
1489239325.859032631 0.365384 0.0770482 0 0 0 0 0
1489239325.890136242 0.376989 0.0531341 0 0 0 0 0
1489239325.929214239 0.338408 -0.0452619 0 0 0 0 0
1489239325.956422329 0.399537 -0.0259903 0 0 0 0 0
1489239325.987429857 0.38044 0.094004 0 0 0 0 0
1489239326.025697947 0.345742 0.0130328 0 0 0 0 0
1489239326.057349205 0.37295 -0.0830113 0 0 0 0 0
1489239326.091060400 0.385015 0.0602486 0 0 0 0 0
1489239326.125152111 0.362812 0.0496345 0 0 0 0 0
1489239326.154993057 0.386277 -0.0389907 0 0 0 0 0
1489239326.189956665 0.360701 0.00152133 0 0 0 0 0
1489239326.222593069 0.392761 0.0714263 0 0 0 0 0
1489239326.253547430 0.383562 0.110088 0 0 0 0 0
1489239326.285690546 0.377967 -0.0391195 0 0 0 0 0
1489239326.324064970 0.366612 0.015908 0 0 0 0 0
1489239326.356399298 0.373862 0.197599 0 0 0 0 0
1489239326.391632557 0.357298 0.0434984 0 0 0 0 0
1489239326.425616980 0.359926 -0.0282837 0 0 0 0 0
1489239326.456213713 0.377702 0.168612 0 0 0 0 0
1489239326.488229275 0.395116 0.0202653 0 0 0 0 0
1489239326.524202108 0.37747 0.112152 0 0 0 0 0
1489239326.555583477 0.382023 0.136589 0 0 0 0 0
1489239326.590495825 0.385065 -0.0743962 0 0 0 0 0
1489239326.633366823 0.349514 0.122885 0 0 0 0 0
1489239326.660897732 0.4303 0.0326841 0 0 0 0 0
1489239326.692708969 0.408615 -0.0228302 0 0 0 0 0
1489239326.726782799 0.398881 0.141074 0 0 0 0 0
1489239326.759191990 0.386996 -0.0121161 0 0 0 0 0
1489239326.789352655 0.423759 0.0429751 0 0 0 0 0
1489239326.828800678 0.355456 0.133906 0 0 0 0 0
1489239326.858731031 0.394077 0.0641471 0 0 0 0 0
1489239326.890317678 0.38411 -0.105969 0 0 0 0 0
1489239326.929953337 0.344282 0.174401 0 0 0 0 0
1489239326.958072186 0.397366 0.192254 0 0 0 0 0
1489239326.988348961 0.362901 -0.0667318 0 0 0 0 0
1489239327.024455786 0.352252 -0.0970933 0 0 0 0 0
1489239327.056323290 0.37041 0.257602 0 0 0 0 0
1489239327.089570761 0.363825 0.2205 0 0 0 0 0
1489239327.124319077 0.354636 -0.189511 0 0 0 0 0
1489239327.155838251 0.370812 0.0637052 0 0 0 0 0
1489239327.184824467 0.415493 0.252294 0 0 0 0 0
1489239327.230214119 0.308221 0.118234 0 0 0 0 0
1489239327.256094694 0.410977 -0.173628 0 0 0 0 0
1489239327.287591696 0.355461 0.106745 0 0 0 0 0
1489239327.324097157 0.348951 0.101986 0 0 0 0 0
1489239327.355469942 0.347222 0.0967316 0 0 0 0 0
1489239327.391618013 0.323345 -0.00489075 0 0 0 0 0
1489239327.427016020 0.317965 0.00786342 0 0 0 0 0
1489239327.463421822 0.308697 0.180548 0 0 0 0 0
1489239327.496461153 0.318279 0.0416366 0 0 0 0 0
1489239327.527303219 0.304057 -0.158739 0 0 0 0 0
1489239327.557670116 0.328477 0.165965 0 0 0 0 0
1489239327.589016199 0.302349 0.238078 0 0 0 0 0
1489239327.624212027 0.262774 -0.0692367 0 0 0 0 0
1489239327.655248642 0.242769 -0.114578 0 0 0 0 0
1489239327.693352699 0.233197 0.235183 0 0 0 0 0
1489239327.724099398 0.222173 0.132477 0 0 0 0 0
1489239327.755699635 0.188143 -0.0481563 0 0 0 0 0
1489239327.790677071 0.149364 0.113866 0 0 0 0 0
1489239327.833440065 0.127103 0.180973 0 0 0 0 0
1489239327.880208731 0.0938097 0.0550827 0 0 0 0 0
1489239327.919796228 0.062171 0.0471413 0 0 0 0 0
1489239327.944514275 0.0466842 0.162944 0 0 0 0 0
1489239327.959813118 0.0343986 0.348584 0 0 0 0 0
1489239327.984050989 0.0247899 0.101627 0 0 0 0 0
1489239328.032567024 0.00241182 0.0757937 0 0 0 0 0
1489239328.063217402 0.00997493 0.171362 0 0 0 0 0
1489239328.137466908 0.00655568 0.0732334 0 0 0 0 0
1489239328.161236763 -0.0273138 -0.104873 0 0 0 0 0
1489239328.190765142 -0.00336131 0.0617742 0 0 0 0 0
1489239328.231353760 -0.00361501 0.0125153 0 0 0 0 0
1489239328.257679939 -0.032164 -0.0520781 0 0 0 0 0
1489239328.288981676 -0.0326746 -0.00760456 0 0 0 0 0
1489239328.326871157 -0.0317144 0.0742465 0 0 0 0 0
1489239328.356869459 -0.0647221 0.00912658 0 0 0 0 0
1489239328.387650490 -0.0713846 0.00959794 0 0 0 0 0
1489239328.423769474 -0.0703846 0.0934561 0 0 0 0 0
1489239328.454363346 -0.0819485 0.122891 0 0 0 0 0
1489239328.486050844 -0.0847331 0.0873866 0 0 0 0 0
1489239328.523235559 -0.0802487 0.00536605 0 0 0 0 0
1489239328.555507898 -0.0870258 0.0776585 0 0 0 0 0
1489239328.585612059 -0.141823 0.0810854 0 0 0 0 0
1489239328.624140024 -0.131667 0.0327718 0 0 0 0 0
1489239328.657244205 -0.151086 0.185464 0 0 0 0 0
1489239328.689021349 -0.186694 0.195721 0 0 0 0 0
1489239328.731397390 -0.168891 0.10972 0 0 0 0 0
1489239328.759285927 -0.218148 0.340623 0 0 0 0 0
1489239328.789394617 -0.244879 0.238073 0 0 0 0 0
1489239328.823899508 -0.238542 0.206478 0 0 0 0 0
1489239328.856284142 -0.253871 0.278794 0 0 0 0 0
1489239328.886225939 -0.247389 0.277977 0 0 0 0 0
1489239328.922427177 -0.248156 0.233634 0 0 0 0 0
1489239328.955860376 -0.258861 0.261327 0 0 0 0 0
1489239328.987394333 -0.269354 0.367071 0 0 0 0 0
1489239329.029221296 -0.237639 0.257545 0 0 0 0 0
1489239329.057760954 -0.284146 0.249582 0 0 0 0 0
1489239329.088925838 -0.276972 0.306911 0 0 0 0 0
1489239329.132543325 -0.238579 0.246177 0 0 0 0 0
1489239329.154951334 -0.330693 0.267092 0 0 0 0 0
1489239329.188488960 -0.278217 0.245416 0 0 0 0 0
1489239329.224885702 -0.266784 0.252843 0 0 0 0 0
1489239329.256518602 -0.282566 0.268766 0 0 0 0 0
1489239329.289320230 -0.27829 0.26687 0 0 0 0 0
1489239329.325638294 -0.262731 0.234578 0 0 0 0 0
1489239329.356997728 -0.279607 0.294008 0 0 0 0 0
1489239329.388437033 -0.280645 0.277358 0 0 0 0 0
1489239329.425020933 -0.261454 0.218441 0 0 0 0 0
1489239329.457089663 -0.276027 0.266854 0 0 0 0 0
1489239329.486954927 -0.28738 0.329631 0 0 0 0 0
1489239329.524554253 -0.278906 0.181591 0 0 0 0 0
1489239329.556952715 -0.278676 0.28554 0 0 0 0 0
1489239329.590527058 -0.274351 0.309499 0 0 0 0 0
1489239329.623971939 -0.273691 0.31891 0 0 0 0 0
1489239329.657705784 -0.315844 0.281341 0 0 0 0 0
1489239329.688030958 -0.318985 0.248336 0 0 0 0 0
1489239329.726814270 -0.287839 0.216647 0 0 0 0 0
1489239329.756265640 -0.329223 0.45597 0 0 0 0 0
1489239329.791243315 -0.307041 0.312804 0 0 0 0 0
1489239329.825242043 -0.332277 0.120884 0 0 0 0 0
1489239329.857789040 -0.321383 0.358141 0 0 0 0 0
1489239329.888139248 -0.359284 0.440607 0 0 0 0 0
1489239329.929247141 -0.314829 0.206089 0 0 0 0 0
1489239329.958930016 -0.393369 0.225027 0 0 0 0 0
1489239329.989944220 -0.371657 0.476703 0 0 0 0 0
1489239330.028556108 -0.338419 0.385564 0 0 0 0 0
1489239330.059022427 -0.425068 0.279971 0 0 0 0 0
1489239330.089500904 -0.414424 0.24663 0 0 0 0 0
1489239330.125608683 -0.365498 0.423947 0 0 0 0 0
1489239330.156263113 -0.415231 0.487367 0 0 0 0 0
1489239330.189685822 -0.425315 0.154813 0 0 0 0 0
1489239330.224164248 -0.400699 0.289411 0 0 0 0 0
1489239330.255788326 -0.39376 0.483321 0 0 0 0 0
1489239330.288046598 -0.411725 0.366068 0 0 0 0 0
1489239330.324802876 -0.40711 0.182393 0 0 0 0 0
1489239330.356482983 -0.415992 0.343731 0 0 0 0 0
1489239330.383806944 -0.425056 0.431575 0 0 0 0 0
1489239330.428747416 -0.35914 0.291329 0 0 0 0 0
1489239330.454284906 -0.491685 0.342843 0 0 0 0 0
1489239330.487058878 -0.44471 0.332924 0 0 0 0 0
1489239330.531143665 -0.373215 0.338981 0 0 0 0 0
1489239330.559069633 -0.477461 0.274096 0 0 0 0 0
1489239330.590962648 -0.432505 0.36791 0 0 0 0 0
1489239330.632255793 -0.399589 0.274302 0 0 0 0 0
1489239330.661336422 -0.469507 0.309267 0 0 0 0 0
1489239330.690480947 -0.478703 0.436786 0 0 0 0 0
1489239330.725592136 -0.441691 0.265082 0 0 0 0 0
1489239330.757600546 -0.461753 0.303873 0 0 0 0 0
1489239330.789478779 -0.465587 0.348041 0 0 0 0 0
1489239330.825387955 -0.439671 0.372558 0 0 0 0 0
1489239330.854820967 -0.506767 0.297866 0 0 0 0 0
1489239330.886193275 -0.476388 0.285079 0 0 0 0 0
1489239330.922274590 -0.446727 0.301971 0 0 0 0 0
1489239330.954284191 -0.468134 0.432954 0 0 0 0 0
1489239330.987208605 -0.461763 0.357664 0 0 0 0 0
1489239331.022667170 -0.464094 0.265598 0 0 0 0 0
1489239331.056882143 -0.450777 0.296786 0 0 0 0 0
1489239331.088559628 -0.466483 0.369861 0 0 0 0 0
1489239331.126066446 -0.430687 0.34304 0 0 0 0 0
1489239331.156044245 -0.474968 0.342311 0 0 0 0 0
1489239331.188865662 -0.480536 0.263218 0 0 0 0 0
1489239331.223995209 -0.447574 0.327716 0 0 0 0 0
1489239331.255478621 -0.469219 0.394814 0 0 0 0 0
1489239331.285801411 -0.505279 0.27057 0 0 0 0 0
1489239331.325104475 -0.431345 0.273852 0 0 0 0 0
1489239331.355874062 -0.499902 0.443946 0 0 0 0 0
1489239331.390047312 -0.480465 0.308448 0 0 0 0 0
1489239331.423784494 -0.506661 0.32493 0 0 0 0 0
1489239331.455477476 -0.529377 0.335121 0 0 0 0 0
1489239331.487215757 -0.51526 0.405296 0 0 0 0 0
1489239331.533878565 -0.450322 0.307924 0 0 0 0 0
1489239331.560577869 -0.555103 0.3127 0 0 0 0 0
1489239331.589153528 -0.545722 0.428679 0 0 0 0 0
1489239331.624424458 -0.518771 0.353941 0 0 0 0 0
1489239331.656996965 -0.517315 0.320016 0 0 0 0 0
1489239331.688300610 -0.551561 0.319462 0 0 0 0 0
1489239331.727220058 -0.460079 0.43872 0 0 0 0 0
1489239331.758039951 -0.544895 0.234069 0 0 0 0 0
1489239331.789450407 -0.522074 0.256152 0 0 0 0 0
1489239331.823860645 -0.499863 0.407938 0 0 0 0 0
1489239331.854290485 -0.527316 0.288683 0 0 0 0 0
1489239331.885711432 -0.546775 0.251798 0 0 0 0 0
1489239331.925230503 -0.492636 0.337192 0 0 0 0 0
1489239331.956210613 -0.524984 0.348296 0 0 0 0 0
1489239331.988542318 -0.538734 0.345572 0 0 0 0 0
1489239332.018840313 -0.56061 0.365854 0 0 0 0 0
1489239332.062174082 -0.478077 0.315263 0 0 0 0 0
1489239332.089423895 -0.590622 0.390258 0 0 0 0 0
1489239332.126090765 -0.51867 0.342967 0 0 0 0 0
1489239332.157431841 -0.555777 0.368541 0 0 0 0 0
1489239332.188570261 -0.561405 0.276361 0 0 0 0 0
1489239332.225320101 -0.522327 0.409452 0 0 0 0 0
1489239332.256922483 -0.57919 0.296101 0 0 0 0 0
1489239332.287396431 -0.573911 0.339113 0 0 0 0 0
1489239332.323982716 -0.548873 0.372154 0 0 0 0 0
1489239332.355999470 -0.561438 0.362927 0 0 0 0 0
1489239332.386886835 -0.572805 0.371529 0 0 0 0 0
1489239332.424230099 -0.543858 0.203016 0 0 0 0 0
1489239332.456261396 -0.536242 0.479291 0 0 0 0 0
1489239332.487478495 -0.562933 0.349917 0 0 0 0 0
1489239332.524761677 -0.517821 0.301546 0 0 0 0 0
1489239332.557379961 -0.545171 0.216899 0 0 0 0 0
1489239332.589679718 -0.548887 0.426423 0 0 0 0 0
1489239332.625727654 -0.521539 0.248757 0 0 0 0 0
1489239332.655256510 -0.572311 0.150482 0 0 0 0 0
1489239332.686660290 -0.537958 0.622817 0 0 0 0 0
1489239332.723663330 -0.516639 0.233901 0 0 0 0 0
1489239332.758442163 -0.54811 0.254015 0 0 0 0 0
1489239332.789581060 -0.559008 0.30032 0 0 0 0 0
1489239332.824393034 -0.531515 0.519234 0 0 0 0 0
1489239332.856771708 -0.572391 0.301898 0 0 0 0 0
1489239332.887927294 -0.590946 0.132815 0 0 0 0 0
1489239332.923779488 -0.536572 0.473754 0 0 0 0 0
1489239332.956035852 -0.582509 0.450055 0 0 0 0 0
1489239332.987397671 -0.620026 0.213383 0 0 0 0 0
1489239333.024254084 -0.57992 0.327121 0 0 0 0 0
1489239333.058194160 -0.559654 0.431503 0 0 0 0 0
1489239333.089386463 -0.603112 0.395777 0 0 0 0 0
1489239333.125778675 -0.561896 0.290386 0 0 0 0 0
1489239333.155860186 -0.612433 0.376563 0 0 0 0 0
1489239333.188131332 -0.574387 0.482385 0 0 0 0 0
1489239333.222158432 -0.557995 0.422372 0 0 0 0 0
1489239333.256807804 -0.590604 0.273994 0 0 0 0 0
1489239333.288228512 -0.576763 0.376326 0 0 0 0 0
1489239333.325917006 -0.527634 0.461536 0 0 0 0 0
1489239333.356182814 -0.626469 0.296473 0 0 0 0 0
1489239333.387980223 -0.598753 0.250672 0 0 0 0 0
1489239333.432194233 -0.533174 0.465145 0 0 0 0 0
1489239333.461571693 -0.643451 0.285552 0 0 0 0 0
1489239333.490645170 -0.661583 0.321673 0 0 0 0 0
1489239333.532562256 -0.562975 0.398998 0 0 0 0 0
1489239333.559064150 -0.699653 0.434759 0 0 0 0 0
1489239333.589236975 -0.671246 0.29275 0 0 0 0 0
1489239333.627829075 -0.58161 0.471483 0 0 0 0 0
1489239333.658069849 -0.687718 0.400196 0 0 0 0 0
1489239333.688201666 -0.650976 0.425964 0 0 0 0 0
1489239333.725553274 -0.606627 0.448148 0 0 0 0 0
1489239333.754057884 -0.68576 0.375109 0 0 0 0 0
1489239333.787577391 -0.618959 0.361597 0 0 0 0 0
1489239333.823851585 -0.609781 0.463693 0 0 0 0 0
1489239333.854755640 -0.629692 0.401196 0 0 0 0 0
1489239333.890436172 -0.608327 0.330925 0 0 0 0 0
1489239333.928541660 -0.564313 0.348393 0 0 0 0 0
1489239333.955207825 -0.663772 0.464095 0 0 0 0 0
1489239333.988204479 -0.605664 0.334713 0 0 0 0 0
1489239334.022124290 -0.573292 0.320711 0 0 0 0 0
1489239334.054501772 -0.578506 0.479547 0 0 0 0 0
1489239334.085429668 -0.611191 0.467648 0 0 0 0 0
1489239334.122941017 -0.576979 0.214268 0 0 0 0 0
1489239334.153558254 -0.588 0.446656 0 0 0 0 0
1489239334.186910629 -0.586981 0.462268 0 0 0 0 0
1489239334.221552849 -0.597425 0.290928 0 0 0 0 0
1489239334.254108667 -0.595134 0.321236 0 0 0 0 0
1489239334.285935402 -0.603563 0.553779 0 0 0 0 0
1489239334.325940132 -0.561953 0.211147 0 0 0 0 0
1489239334.357568741 -0.601056 0.456739 0 0 0 0 0
1489239334.389837980 -0.620512 0.334019 0 0 0 0 0
1489239334.425470591 -0.553606 0.352634 0 0 0 0 0
1489239334.457886457 -0.593249 0.385253 0 0 0 0 0
1489239334.488001585 -0.593114 0.385574 0 0 0 0 0
1489239334.525649071 -0.533429 0.30649 0 0 0 0 0
1489239334.556432247 -0.575482 0.321588 0 0 0 0 0
1489239334.589757681 -0.55457 0.348293 0 0 0 0 0
1489239334.625467777 -0.532658 0.335974 0 0 0 0 0
1489239334.656852961 -0.561144 0.453904 0 0 0 0 0
1489239334.688203573 -0.587843 0.287852 0 0 0 0 0
1489239334.727072239 -0.514645 0.176668 0 0 0 0 0
1489239334.754611015 -0.546621 0.631298 0 0 0 0 0
1489239334.787353277 -0.548665 0.20424 0 0 0 0 0
1489239334.822975636 -0.525627 0.0622496 0 0 0 0 0
1489239334.855344534 -0.499885 0.416497 0 0 0 0 0
1489239334.885555029 -0.509664 0.442766 0 0 0 0 0
1489239334.922151804 -0.482693 0.126446 0 0 0 0 0
1489239334.954112768 -0.484286 0.277372 0 0 0 0 0
1489239334.987030268 -0.47342 0.435967 0 0 0 0 0
1489239335.023475170 -0.447191 0.163582 0 0 0 0 0
1489239335.054635525 -0.47408 0.180346 0 0 0 0 0
1489239335.086142063 -0.471868 0.356302 0 0 0 0 0
1489239335.125434160 -0.425052 0.155571 0 0 0 0 0
1489239335.156351089 -0.419929 0.353547 0 0 0 0 0
1489239335.188357830 -0.453326 0.3732 0 0 0 0 0
1489239335.223181725 -0.435459 0.0101689 0 0 0 0 0
1489239335.257880449 -0.391523 0.31746 0 0 0 0 0
1489239335.287146568 -0.415288 0.530362 0 0 0 0 0
1489239335.324829817 -0.387402 0.133532 0 0 0 0 0
1489239335.353401184 -0.437318 0.0597042 0 0 0 0 0
1489239335.397475719 -0.325981 0.339297 0 0 0 0 0
1489239335.428152561 -0.386191 0.36136 0 0 0 0 0
1489239335.459877729 -0.402334 0.064837 0 0 0 0 0
1489239335.488966942 -0.425266 0.155692 0 0 0 0 0
1489239335.525181055 -0.366261 0.363405 0 0 0 0 0
1489239335.556156158 -0.390591 0.31444 0 0 0 0 0
1489239335.589794636 -0.396677 0.0246441 0 0 0 0 0
1489239335.625024319 -0.36639 0.224052 0 0 0 0 0
1489239335.656834364 -0.331837 0.357674 0 0 0 0 0
1489239335.687563896 -0.37608 0.269881 0 0 0 0 0
1489239335.722855806 -0.35174 -0.0176096 0 0 0 0 0
1489239335.753674269 -0.324508 0.0839303 0 0 0 0 0
1489239335.787808418 -0.281895 0.432832 0 0 0 0 0
1489239335.824149370 -0.283054 0.234812 0 0 0 0 0
1489239335.855665445 -0.315774 -0.142574 0 0 0 0 0
1489239335.885112047 -0.277576 0.258103 0 0 0 0 0
1489239335.930278778 -0.245068 0.308009 0 0 0 0 0
1489239335.954940796 -0.319132 -0.0848075 0 0 0 0 0
1489239335.986708403 -0.286008 0.0479215 0 0 0 0 0
1489239336.023146391 -0.246532 0.287755 0 0 0 0 0
1489239336.058163881 -0.243631 0.2217 0 0 0 0 0
1489239336.087998867 -0.281328 -0.0125758 0 0 0 0 0
1489239336.124875784 -0.233612 0.0619115 0 0 0 0 0
1489239336.156105518 -0.221824 0.287395 0 0 0 0 0
1489239336.189512014 -0.209664 0.143998 0 0 0 0 0
1489239336.225026131 -0.197239 -0.0493371 0 0 0 0 0
1489239336.259059429 -0.148904 0.131784 0 0 0 0 0
1489239336.289117813 -0.141405 0.147609 0 0 0 0 0
1489239336.330156565 -0.117432 0.0149765 0 0 0 0 0
1489239336.358016729 -0.123374 0.0358482 0 0 0 0 0
1489239336.388243675 -0.0887262 0.0804292 0 0 0 0 0
1489239336.423027515 -0.0766601 0.0519196 0 0 0 0 0
1489239336.456673861 -0.0468499 -0.0178339 0 0 0 0 0
1489239336.488190651 -0.0359103 -0.00975876 0 0 0 0 0
1489239336.524578094 -0.0263119 0.0458415 0 0 0 0 0
1489239336.553701162 -0.0191669 -0.0172556 0 0 0 0 0
1489239336.595785856 -0.0137137 -0.0341125 0 0 0 0 0
1489239336.624560833 -0.0100445 0.0207699 0 0 0 0 0
1489239336.654528856 -0.00729823 -0.000396389 0 0 0 0 0
1489239336.685817003 -0.00529603 -0.0252271 0 0 0 0 0
1489239336.721682549 -0.00384407 -0.00473352 0 0 0 0 0
1489239336.755598307 -0.00279527 0.0405295 0 0 0 0 0
1489239336.785196781 -0.00203018 0.00485335 0 0 0 0 0
1489239336.822903395 -0.00147453 -0.0344962 0 0 0 0 0
1489239336.857095242 -0.00107116 -0.00235496 0 0 0 0 0
1489239336.887436867 -0.000778194 -0.0278713 0 0 0 0 0
1489239336.922914982 -0.000565276 -0.0302906 0 0 0 0 0
1489239336.954559565 -0.000410627 -0.0596373 0 0 0 0 0
1489239336.995028257 -0.000298295 -0.0750175 0 0 0 0 0
1489239337.028419733 -0.00021669 -0.0283717 0 0 0 0 0
1489239337.059305668 -0.000157409 -0.0730086 0 0 0 0 0
1489239337.089673042 -0.000114346 -0.128208 0 0 0 0 0
1489239337.125595093 -8.30643e-05 -0.12676 0 0 0 0 0
1489239337.156557798 -6.03402e-05 -0.150268 0 0 0 0 0
1489239337.188302994 -4.38327e-05 -0.183758 0 0 0 0 0
1489239337.232462168 -3.18413e-05 -0.180361 0 0 0 0 0
1489239337.261099100 -2.31304e-05 -0.137421 0 0 0 0 0
1489239337.290825367 -0.0252864 -0.130927 0 0 0 0 0
1489239337.328892469 -0.0247989 -0.212044 0 0 0 0 0
1489239337.363068342 -0.0307362 -0.084808 0 0 0 0 0
1489239337.393035889 -0.037463 -0.143871 0 0 0 0 0
1489239337.426943302 -0.0158472 -0.246336 0 0 0 0 0
1489239337.457705498 -0.0131025 -0.163129 0 0 0 0 0
1489239337.487078190 -0.0102807 -0.394848 0 0 0 0 0
1489239337.524085999 -0.00747938 -0.338083 0 0 0 0 0
1489239337.555362701 -0.00514059 -0.299462 0 0 0 0 0
1489239337.588080168 -0.00383322 -0.433541 0 0 0 0 0
1489239337.624078512 -0.0027997 -0.351982 0 0 0 0 0
1489239337.655878782 -0.00202295 -0.371101 0 0 0 0 0
1489239337.689286947 -0.0014649 -0.499882 0 0 0 0 0
1489239337.727163792 -0.00106805 -0.371048 0 0 0 0 0
1489239337.757157803 -0.000775626 -0.404096 0 0 0 0 0
1489239337.788559198 -0.00056297 -0.563561 0 0 0 0 0
1489239337.823905230 -0.000408988 -0.447778 0 0 0 0 0
1489239337.854967594 -0.000297208 -0.474688 0 0 0 0 0
1489239337.883468151 0.0261405 -0.607364 0 0 0 0 0
1489239337.928127527 0.00511447 -0.4337 0 0 0 0 0
1489239337.957479715 0.00489379 -0.528989 0 0 0 0 0
1489239337.988542557 0.0285274 -0.569446 0 0 0 0 0
1489239338.025167227 0.00825802 -0.574383 0 0 0 0 0
1489239338.054032564 0.00667582 -0.4829 0 0 0 0 0
1489239338.088203669 0.0056713 -0.485785 0 0 0 0 0
1489239338.131870508 0.0043878 -0.633656 0 0 0 0 0
1489239338.156328678 0.00280874 -0.460738 0 0 0 0 0
1489239338.192322493 0.00212084 -0.551862 0 0 0 0 0
1489239338.231406689 0.00156782 -0.535997 0 0 0 0 0
1489239338.258211851 -0.0549147 -0.57575 0 0 0 0 0
1489239338.287987232 -0.0356232 -0.601478 0 0 0 0 0
1489239338.332880259 -0.0485639 -0.438325 0 0 0 0 0
1489239338.358043909 -0.0801722 -0.650025 0 0 0 0 0
1489239338.389382601 -0.0775659 -0.619997 0 0 0 0 0
1489239338.429987907 -0.0711752 -0.461773 0 0 0 0 0
1489239338.455064297 -0.0962259 -0.511727 0 0 0 0 0
1489239338.490415096 -0.0841847 -0.60583 0 0 0 0 0
1489239338.531175852 -0.0791242 -0.532902 0 0 0 0 0
1489239338.556807756 -0.100246 -0.447415 0 0 0 0 0
1489239338.592055321 -0.0877701 -0.511122 0 0 0 0 0
1489239338.625333786 -0.0898571 -0.6589 0 0 0 0 0
1489239338.655014992 -0.0704257 -0.507427 0 0 0 0 0
1489239338.693820477 -0.0800677 -0.42854 0 0 0 0 0
1489239338.725429058 -0.0874811 -0.656952 0 0 0 0 0
1489239338.755070925 -0.0917249 -0.60854 0 0 0 0 0
1489239338.792239428 -0.0834149 -0.470222 0 0 0 0 0
1489239338.825016260 -0.0890287 -0.524345 0 0 0 0 0
1489239338.855555773 -0.0930579 -0.760651 0 0 0 0 0
1489239338.886910677 -0.0928077 -0.499737 0 0 0 0 0
1489239338.924139023 -0.0859486 -0.552091 0 0 0 0 0
1489239338.954422235 -0.0696729 -0.659441 0 0 0 0 0
1489239338.988286018 -0.0851248 -0.480026 0 0 0 0 0
1489239339.023756742 -0.0830655 -0.550205 0 0 0 0 0
1489239339.052129745 -0.0935962 -0.804674 0 0 0 0 0
1489239339.094982147 -0.0782337 -0.429533 0 0 0 0 0
1489239339.128515720 -0.0870501 -0.576608 0 0 0 0 0
1489239339.157162428 -0.0951017 -0.680748 0 0 0 0 0
1489239339.187178135 -0.0946329 -0.580897 0 0 0 0 0
1489239339.222963810 -0.0877901 -0.612044 0 0 0 0 0
1489239339.254482269 -0.0932811 -0.544588 0 0 0 0 0
1489239339.286546946 -0.0928966 -0.573751 0 0 0 0 0
1489239339.324066401 -0.0861238 -0.566759 0 0 0 0 0
1489239339.354732275 -0.0938675 -0.553712 0 0 0 0 0
1489239339.385617256 -0.0942889 -0.620595 0 0 0 0 0
1489239339.422337770 -0.107564 -0.496943 0 0 0 0 0
1489239339.455300331 -0.117715 -0.640518 0 0 0 0 0
1489239339.486862659 -0.101399 -0.530199 0 0 0 0 0
1489239339.524214745 -0.093629 -0.4436 0 0 0 0 0
1489239339.555034876 -0.0998308 -0.549392 0 0 0 0 0
1489239339.599016428 -0.101274 -0.500385 0 0 0 0 0
1489239339.629774332 -0.0985063 -0.570593 0 0 0 0 0
1489239339.735325813 -0.0637901 -0.308962 0 0 0 0 0
1489239339.756444693 -0.327202 -1.50436 0 0 0 0 0
1489239339.832555056 -0.109662 -0.527911 0 0 0 0 0
1489239339.858443022 -0.198382 -1.14449 0 0 0 0 0
1489239339.889854908 -0.139863 -0.665127 0 0 0 0 0
1489239339.925572395 -0.127118 -0.642851 0 0 0 0 0
1489239339.958089113 -0.117926 -0.692345 0 0 0 0 0
1489239339.989220619 -0.114816 -0.647954 0 0 0 0 0
1489239340.025698900 -0.101542 -0.536745 0 0 0 0 0
1489239340.057344913 -0.103153 -0.590535 0 0 0 0 0
1489239340.088227510 -0.101887 -0.638292 0 0 0 0 0
1489239340.125085115 -0.0925059 -0.648504 0 0 0 0 0
1489239340.155052423 -0.0742428 -0.586848 0 0 0 0 0
1489239340.191516638 -0.0852711 -0.513842 0 0 0 0 0
1489239340.226901293 -0.084993 -0.669377 0 0 0 0 0
1489239340.258264542 -0.0897402 -0.589244 0 0 0 0 0
1489239340.288451910 -0.0429362 -0.497894 0 0 0 0 0
1489239340.324275970 -0.0557794 -0.657729 0 0 0 0 0
1489239340.357741356 -0.03082 -0.65748 0 0 0 0 0
1489239340.388849497 -0.0233115 -0.598944 0 0 0 0 0
1489239340.427014351 -0.0170101 -0.663081 0 0 0 0 0
1489239340.458529949 -0.0127697 -0.702151 0 0 0 0 0
1489239340.488715649 -0.00897761 -0.680777 0 0 0 0 0
1489239340.524441719 -0.00657756 -0.673882 0 0 0 0 0
1489239340.556370258 -0.00478963 -0.716392 0 0 0 0 0
1489239340.588945866 -0.00348081 -0.716205 0 0 0 0 0
1489239340.626911163 -0.00252124 -0.70799 0 0 0 0 0
1489239340.658532381 -0.00183421 -0.615465 0 0 0 0 0
1489239340.690989017 -0.00133259 -0.799244 0 0 0 0 0
1489239340.726038218 -0.000967814 -0.637173 0 0 0 0 0
1489239340.756278038 -0.000702935 -0.741402 0 0 0 0 0
1489239340.787805319 -0.000510729 -0.735471 0 0 0 0 0
1489239340.829296589 -0.0184753 -0.651425 0 0 0 0 0
1489239340.854940176 -0.00389035 -0.756381 0 0 0 0 0
1489239340.886394024 -0.00363558 -0.645962 0 0 0 0 0
1489239340.922918797 -0.0237498 -0.693914 0 0 0 0 0
1489239340.956426144 -0.0290262 -0.612692 0 0 0 0 0
1489239340.987656355 -0.0339785 -0.64148 0 0 0 0 0
1489239341.024589062 -0.0340453 -0.586087 0 0 0 0 0
1489239341.056154728 -0.039793 -0.642302 0 0 0 0 0
1489239341.089793921 -0.062575 -0.534283 0 0 0 0 0
1489239341.124854326 -0.0664375 -0.636416 0 0 0 0 0
1489239341.157046318 -0.0516894 -0.580749 0 0 0 0 0
1489239341.186141014 -0.0543688 -0.503538 0 0 0 0 0
1489239341.223592281 -0.0484569 -0.578799 0 0 0 0 0
1489239341.256334782 -0.072221 -0.556271 0 0 0 0 0
1489239341.293616533 -0.0498826 -0.498924 0 0 0 0 0
1489239341.326426744 -0.0741626 -0.586552 0 0 0 0 0
1489239341.355561733 -0.0577423 -0.508576 0 0 0 0 0
1489239341.387104034 -0.0789016 -0.552956 0 0 0 0 0
1489239341.424306631 -0.0545434 -0.552936 0 0 0 0 0
1489239341.454207182 -0.0573486 -0.474536 0 0 0 0 0
1489239341.482218981 -0.0840609 -0.553319 0 0 0 0 0
1489239341.530208111 -0.0661197 -0.452473 0 0 0 0 0
1489239341.556624174 -0.0911674 -0.617972 0 0 0 0 0
1489239341.586710215 -0.0893598 -0.495054 0 0 0 0 0
1489239341.625466585 -0.0811258 -0.419553 0 0 0 0 0
1489239341.655935526 -0.0913591 -0.562835 0 0 0 0 0
1489239341.694329977 -0.0830642 -0.510044 0 0 0 0 0
1489239341.728404999 -0.0869865 -0.319224 0 0 0 0 0
1489239341.760301113 -0.0901502 -0.429401 0 0 0 0 0
1489239341.784682751 -0.10557 -0.643895 0 0 0 0 0
1489239341.832833290 -0.0786893 -0.359731 0 0 0 0 0
1489239341.862311840 -0.0959016 -0.329279 0 0 0 0 0
1489239341.889693260 -0.100915 -0.479795 0 0 0 0 0
1489239341.931203604 -0.0839077 -0.538991 0 0 0 0 0
1489239341.960236549 -0.0713165 -0.178977 0 0 0 0 0
1489239341.995150805 -0.0847655 -0.417563 0 0 0 0 0
1489239342.031547308 -0.0823642 -0.600694 0 0 0 0 0
1489239342.135285854 -0.0405147 -0.256562 0 0 0 0 0
1489239342.160737514 -0.150554 -1.07683 0 0 0 0 0
1489239342.230859995 -0.059375 -0.36691 0 0 0 0 0
1489239342.259298801 -0.095455 -0.818455 0 0 0 0 0
1489239342.290761948 -0.068953 -0.577798 0 0 0 0 0
1489239342.327437401 -0.0415741 -0.451653 0 0 0 0 0
1489239342.357160091 -0.0564447 -0.428708 0 0 0 0 0
1489239342.389578819 -0.0755349 -0.622635 0 0 0 0 0
1489239342.423913956 -0.0311787 -0.35033 0 0 0 0 0
1489239342.456169844 -0.048577 -0.252184 0 0 0 0 0
1489239342.488935709 -0.0476933 -0.507389 0 0 0 0 0
1489239342.530568838 -0.0237198 -0.349698 0 0 0 0 0
1489239342.556094408 -0.0477428 -0.188783 0 0 0 0 0
1489239342.588390350 -0.0435637 -0.316244 0 0 0 0 0
1489239342.624794245 -0.0412651 -0.358087 0 0 0 0 0
1489239342.658829451 -0.0428182 -0.243629 0 0 0 0 0
1489239342.689248323 -0.0461911 -0.217527 0 0 0 0 0
1489239342.725975990 -0.0219657 -0.233853 0 0 0 0 0
1489239342.759506702 -0.0400693 -0.255976 0 0 0 0 0
1489239342.789411306 -0.0180687 -0.220604 0 0 0 0 0
1489239342.823637486 -0.0141303 -0.182569 0 0 0 0 0
1489239342.852626562 -0.0106416 -0.236354 0 0 0 0 0
1489239342.884407520 -0.0080582 -0.203984 0 0 0 0 0
1489239342.922484159 -0.00552434 -0.105537 0 0 0 0 0
1489239342.959378004 -0.00408427 -0.165846 0 0 0 0 0
1489239342.995821238 -0.0029834 -0.163599 0 0 0 0 0
1489239343.023844242 -0.00216467 -0.0783498 0 0 0 0 0
1489239343.054234743 -0.00156509 -0.0867692 0 0 0 0 0
1489239343.084846497 -0.00114027 -0.0782779 0 0 0 0 0
1489239343.124257803 -0.000828454 -0.0446859 0 0 0 0 0
1489239343.155669212 -0.000601474 -0.0332733 0 0 0 0 0
1489239343.187496662 -0.000436844 -0.00194099 0 0 0 0 0
1489239343.222533941 -0.000317449 -0.0137617 0 0 0 0 0
1489239343.256433249 -0.000230587 0.0578193 0 0 0 0 0
1489239343.289055824 -0.000167493 0.00764184 0 0 0 0 0
1489239343.325306177 -0.000121674 -0.0326829 0 0 0 0 0
1489239343.356433868 -8.83898e-05 -0.000296455 0 0 0 0 0
1489239343.389846325 -6.42076e-05 0.0436216 0 0 0 0 0
1489239343.428119183 -4.6642e-05 0.00579366 0 0 0 0 0
1489239343.457576990 -3.38822e-05 -0.0449215 0 0 0 0 0
1489239343.488527775 0.0242452 -0.00376792 0 0 0 0 0
1489239343.525683403 0.025053 0.0154696 0 0 0 0 0
1489239343.557492971 0.0322563 -0.00167373 0 0 0 0 0
1489239343.588351250 0.0613172 0.0236863 0 0 0 0 0
1489239343.625241041 0.0615445 0.00584477 0 0 0 0 0
1489239343.657626867 0.095568 -0.0178482 0 0 0 0 0
1489239343.690066099 0.105559 -0.00040798 0 0 0 0 0
1489239343.725010633 0.130652 -0.000990033 0 0 0 0 0
1489239343.754779100 0.155533 0.0486761 0 0 0 0 0
1489239343.786436558 0.160951 -0.0150559 0 0 0 0 0
1489239343.829610109 0.143459 0.0563264 0 0 0 0 0
1489239343.858787060 0.177902 0.0910003 0 0 0 0 0
1489239343.888390541 0.182468 0.103641 0 0 0 0 0
1489239343.927908659 0.161605 0.096238 0 0 0 0 0
1489239343.956347942 0.190307 0.0994948 0 0 0 0 0
1489239343.988171816 0.18386 0.190761 0 0 0 0 0
1489239344.025443077 0.171219 0.108159 0 0 0 0 0
1489239344.062921286 0.169105 0.0650074 0 0 0 0 0
1489239344.090576887 0.223213 0.243258 0 0 0 0 0
1489239344.132145882 0.186676 0.114869 0 0 0 0 0
1489239344.152099848 0.284514 0.108987 0 0 0 0 0
1489239344.196105242 0.218101 0.13483 0 0 0 0 0
1489239344.227837801 0.258157 0.161577 0 0 0 0 0
1489239344.257969141 0.271711 0.143913 0 0 0 0 0
1489239344.288664341 0.275933 0.0964042 0 0 0 0 0
1489239344.325759172 0.254164 0.104235 0 0 0 0 0
1489239344.356530428 0.303182 0.179739 0 0 0 0 0
1489239344.388655424 0.303619 0.161877 0 0 0 0 0
1489239344.424780130 0.270177 0.15769 0 0 0 0 0
1489239344.458056450 0.300621 0.101561 0 0 0 0 0
1489239344.488876343 0.316782 0.142202 0 0 0 0 0
1489239344.525970697 0.2924 0.209178 0 0 0 0 0
1489239344.556087732 0.32416 0.106129 0 0 0 0 0
1489239344.593741894 0.295046 0.111768 0 0 0 0 0
1489239344.626049280 0.338718 0.159231 0 0 0 0 0
1489239344.656783104 0.330125 0.216215 0 0 0 0 0
1489239344.686879635 0.362215 0.0836107 0 0 0 0 0
1489239344.724520683 0.310279 0.170368 0 0 0 0 0
1489239344.758596897 0.342687 0.25241 0 0 0 0 0
1489239344.788773537 0.342054 0.120082 0 0 0 0 0
1489239344.824059486 0.339257 0.125638 0 0 0 0 0
1489239344.856386423 0.354836 0.262647 0 0 0 0 0
1489239344.885709047 0.378135 0.249588 0 0 0 0 0
1489239344.924021959 0.317124 0.186246 0 0 0 0 0
1489239344.954423189 0.345551 0.156612 0 0 0 0 0
1489239344.986951828 0.356975 0.258871 0 0 0 0 0
1489239345.023329258 0.318392 0.333335 0 0 0 0 0
1489239345.056402683 0.326621 0.130471 0 0 0 0 0
1489239345.086758375 0.364023 0.258169 0 0 0 0 0
1489239345.124444485 0.311012 0.336565 0 0 0 0 0
1489239345.155756950 0.357304 0.159723 0 0 0 0 0
1489239345.182634830 0.366479 0.310249 0 0 0 0 0
1489239345.227429628 0.310347 0.199597 0 0 0 0 0
1489239345.254722357 0.388504 0.339266 0 0 0 0 0
1489239345.287094593 0.364399 0.322291 0 0 0 0 0
1489239345.324583054 0.340813 0.170842 0 0 0 0 0
1489239345.355774403 0.369851 0.318928 0 0 0 0 0
1489239345.388297081 0.365732 0.323234 0 0 0 0 0
1489239345.423848152 0.371089 0.209023 0 0 0 0 0
1489239345.460423708 0.347403 0.21281 0 0 0 0 0
1489239345.492343426 0.368475 0.310302 0 0 0 0 0
1489239345.528300047 0.348329 0.19367 0 0 0 0 0
1489239345.554870844 0.432667 0.427743 0 0 0 0 0
1489239345.586129904 0.385244 0.228305 0 0 0 0 0
1489239345.633062840 0.339252 0.208675 0 0 0 0 0
1489239345.675752878 0.327088 0.304259 0 0 0 0 0
1489239345.735521793 0.277006 0.211719 0 0 0 0 0
1489239345.761048794 0.628476 0.414299 0 41.0231 0 0 0
1489239345.832475662 0.301051 0.281578 0 0 0 0 0
1489239345.880845070 0.447014 0.247951 0 0 0 0 0
1489239345.905997515 0.450176 0.382573 0 0 0 0 0
1489239345.947592258 0.36309 0.324986 0 0 0 0 0
1489239345.965545654 0.534619 0.244871 0 0 0 0 0
1489239345.987559319 0.501739 0.216569 0 0 0 0 0
1489239346.026407957 0.413381 0.440802 0 0 0 0 0
1489239346.061899900 0.39887 0.245974 0 0 0 0 0
1489239346.089289904 0.438086 0.176619 0 0 0 0 0
1489239346.124491930 0.384583 0.276383 0 0 0 0 0
1489239346.155982494 0.394016 0.366758 0 0 0 0 0
1489239346.188673019 0.384069 0.259571 0 0 0 0 0
1489239346.224666595 0.342366 0.143397 0 0 0 0 0
1489239346.257974625 0.365132 0.298386 0 0 0 0 0
1489239346.287992716 0.38268 0.425533 0 0 0 0 0
1489239346.325675249 0.324285 0.256775 0 0 0 0 0
1489239346.354921103 0.355683 0.152193 0 0 0 0 0
1489239346.387828588 0.358918 0.445751 0 0 0 0 0
1489239346.421906710 0.330997 0.31311 0 0 0 0 0
1489239346.457575321 0.340297 0.199629 0 0 0 0 0
1489239346.486906767 0.350653 0.343794 0 0 0 0 0
1489239346.532770395 0.303248 0.26686 0 0 0 0 0
1489239346.561118603 0.375811 0.352377 0 0 0 0 0
1489239346.591064215 0.373405 0.355384 0 0 0 0 0
1489239346.626201868 0.349934 0.253254 0 0 0 0 0
1489239346.657922745 0.368186 0.318173 0 0 0 0 0
1489239346.689143896 0.374736 0.323065 0 0 0 0 0
1489239346.725748777 0.348007 0.319473 0 0 0 0 0
1489239346.756125927 0.377952 0.255669 0 0 0 0 0
1489239346.790699720 0.379214 0.277527 0 0 0 0 0
1489239346.825097799 0.360774 0.360161 0 0 0 0 0
1489239346.858017206 0.36678 0.269204 0 0 0 0 0
1489239346.888792038 0.37956 0.245959 0 0 0 0 0
1489239346.927086592 0.342892 0.355067 0 0 0 0 0
1489239346.956848145 0.382146 0.253715 0 0 0 0 0
1489239346.989830971 0.366355 0.301356 0 0 0 0 0
1489239347.025234222 0.3536 0.31574 0 0 0 0 0
1489239347.061494827 0.34676 0.275674 0 0 0 0 0
1489239347.087011576 0.413641 0.321808 0 0 0 0 0
1489239347.124237776 0.349848 0.313656 0 0 0 0 0
1489239347.154875040 0.380517 0.374847 0 0 0 0 0
1489239347.188337564 0.366868 0.212843 0 0 0 0 0
1489239347.225222349 0.349041 0.370094 0 0 0 0 0
1489239347.262381077 0.342104 0.219711 0 0 0 0 0
1489239347.293200016 0.371479 0.456092 0 0 0 0 0
1489239347.327218771 0.355507 0.171827 0 0 0 0 0
1489239347.357372999 0.377773 0.193038 0 0 0 0 0
1489239347.389386892 0.370845 0.496104 0 0 0 0 0
1489239347.426709414 0.345971 0.208385 0 0 0 0 0
1489239347.456039667 0.38526 0.24635 0 0 0 0 0
1489239347.481383085 0.422038 0.495187 0 0 0 0 0
1489239347.531951427 0.314172 0.255848 0 0 0 0 0
1489239347.555404186 0.438197 0.320522 0 0 0 0 0
1489239347.589105606 0.374544 0.342489 0 0 0 0 0
1489239347.623784781 0.366442 0.253494 0 0 0 0 0
1489239347.655301094 0.379673 0.385073 0 0 0 0 0
1489239347.687011480 0.356084 0.354673 0 0 0 0 0
1489239347.724335432 0.344545 0.251609 0 0 0 0 0
1489239347.757006407 0.339555 0.292548 0 0 0 0 0
1489239347.788412094 0.365531 0.366067 0 0 0 0 0
1489239347.822085857 0.332449 0.360598 0 0 0 0 0
1489239347.853322744 0.340835 0.216922 0 0 0 0 0
1489239347.884180069 0.366312 0.294654 0 0 0 0 0
1489239347.923346043 0.329342 0.41413 0 0 0 0 0
1489239347.955935001 0.35592 0.21281 0 0 0 0 0
1489239347.988039255 0.361441 0.215131 0 0 0 0 0
1489239348.022065878 0.353534 0.395797 0 0 0 0 0
1489239348.055140257 0.358674 0.289579 0 0 0 0 0
1489239348.086815119 0.368425 0.244224 0 0 0 0 0
1489239348.124093056 0.342116 0.263426 0 0 0 0 0
1489239348.154625893 0.374048 0.359311 0 0 0 0 0
1489239348.194789171 0.330527 0.243719 0 0 0 0 0
1489239348.228028059 0.355638 0.276683 0 0 0 0 0
1489239348.263844728 0.342998 0.28769 0 0 0 0 0
1489239348.293611050 0.375585 0.292672 0 0 0 0 0
1489239348.330472231 0.321305 0.243354 0 0 0 0 0
1489239348.357594967 0.394242 0.356563 0 0 0 0 0
1489239348.394259214 0.325167 0.315241 0 0 0 0 0
1489239348.430698156 0.319381 0.196698 0 0 0 0 0
1489239348.463835955 0.326817 0.315652 0 0 0 0 0
1489239348.535333872 0.239043 0.194477 0 0 0 0 0
1489239348.559487104 0.54933 0.587812 0 0 0 0 0
1489239348.587666988 0.380967 0.294675 0 0 0 0 0
1489239348.625503540 0.337809 0.380712 0 0 0 0 0
1489239348.655373096 0.342482 0.289363 0 0 0 0 0
1489239348.686408043 0.378363 0.270578 0 0 0 0 0
1489239348.724191189 0.319042 0.368845 0 0 0 0 0
1489239348.756329775 0.358684 0.302455 0 0 0 0 0
1489239348.785344601 0.355778 0.209081 0 0 0 0 0
1489239348.827551365 0.31816 0.297649 0 0 0 0 0
1489239348.854415178 0.392517 0.446922 0 0 0 0 0
1489239348.886926413 0.364579 0.216236 0 0 0 0 0
1489239348.934570312 0.307529 0.21352 0 0 0 0 0
1489239348.979776621 0.304284 0.317352 0 0 0 0 0
1489239349.005223036 0.399227 0.227958 0 0 0 0 0
1489239349.021781683 0.537384 0.39733 0 0 0 0 0
1489239349.054412365 0.374308 0.386094 0 0 0 0 0
1489239349.086006165 0.424589 0.222996 0 0 0 0 0
1489239349.121709108 0.383079 0.405919 0 0 0 0 0
1489239349.156194210 0.378864 0.303701 0 0 0 0 0
1489239349.186356306 0.36874 0.237887 0 0 0 0 0
1489239349.224536657 0.347509 0.321804 0 0 0 0 0
1489239349.254430771 0.382875 0.376682 0 0 0 0 0
1489239349.285087347 0.380541 0.236031 0 0 0 0 0
1489239349.324342728 0.339811 0.262506 0 0 0 0 0
1489239349.355714560 0.372259 0.333067 0 0 0 0 0
1489239349.387621403 0.370962 0.336619 0 0 0 0 0
1489239349.424672604 0.34523 0.297141 0 0 0 0 0
1489239349.455204010 0.400336 0.279273 0 0 0 0 0
1489239349.488222837 0.369559 0.37806 0 0 0 0 0
1489239349.525239944 0.349373 0.285707 0 0 0 0 0
1489239349.561052799 0.350403 0.240468 0 0 0 0 0
1489239349.589118958 0.393573 0.410152 0 0 0 0 0
1489239349.625591278 0.349455 0.33021 0 0 0 0 0
1489239349.657312393 0.37088 0.260544 0 0 0 0 0
1489239349.689007282 0.373072 0.34413 0 0 0 0 0
1489239349.726911783 0.34341 0.339653 0 0 0 0 0
1489239349.757349730 0.376634 0.310071 0 0 0 0 0
1489239349.786769629 0.386951 0.364504 0 0 0 0 0
1489239349.823372126 0.351059 0.293621 0 0 0 0 0
1489239349.855708361 0.368928 0.393507 0 0 0 0 0
1489239349.887140751 0.375155 0.317974 0 0 0 0 0
1489239349.923871279 0.348431 0.272382 0 0 0 0 0
1489239349.955487013 0.37048 0.393611 0 0 0 0 0
1489239349.986957073 0.373277 0.314156 0 0 0 0 0
1489239350.025322199 0.340464 0.341087 0 0 0 0 0
1489239350.056524038 0.37115 0.312655 0 0 0 0 0
1489239350.088145018 0.371195 0.402158 0 0 0 0 0
1489239350.124000549 0.350221 0.344614 0 0 0 0 0
1489239350.154142380 0.379231 0.326976 0 0 0 0 0
1489239350.184422731 0.382514 0.420813 0 0 0 0 0
1489239350.224163294 0.338184 0.3011 0 0 0 0 0
1489239350.255781174 0.37051 0.363183 0 0 0 0 0
1489239350.286539078 0.377419 0.42026 0 0 0 0 0
1489239350.324217796 0.343494 0.289283 0 0 0 0 0
1489239350.356052876 0.368037 0.360886 0 0 0 0 0
1489239350.385147095 0.387947 0.433737 0 0 0 0 0
1489239350.422918081 0.345115 0.349797 0 0 0 0 0
1489239350.460699797 0.340248 0.324636 0 0 0 0 0
1489239350.487392187 0.374006 0.403772 0 0 0 0 0
1489239350.523884535 0.344422 0.432934 0 0 0 0 0
1489239350.555068493 0.344884 0.365592 0 0 0 0 0
1489239350.587568760 0.359955 0.425614 0 0 0 0 0
1489239350.624297619 0.34048 0.244315 0 0 0 0 0
1489239350.654946804 0.369868 0.562742 0 0 0 0 0
1489239350.687186003 0.364685 0.326445 0 0 0 0 0
1489239350.724707842 0.340619 0.23542 0 0 0 0 0
1489239350.756181955 0.367768 0.450711 0 0 0 0 0
1489239350.785579443 0.409578 0.364962 0 0 0 0 0
1489239350.823211432 0.349065 0.419807 0 0 0 0 0
1489239350.855866194 0.369085 0.241518 0 0 0 0 0
1489239350.887034655 0.402426 0.338876 0 0 0 0 0
1489239350.931318521 0.326934 0.401522 0 -70.9421 0 0 0
1489239350.959701777 0.391835 0.334945 0 0 0 0 0
1489239350.989111900 0.390434 0.173181 0 0 0 0 0
1489239351.025231123 0.376849 0.34978 0 0 0 0 0
1489239351.056697845 0.38044 0.435742 0 0 0 0 0
1489239351.087539911 0.410449 0.173681 0 0 0 0 0
1489239351.124289751 0.359883 0.347975 0 0 0 0 0
1489239351.158361673 0.366803 0.354974 0 0 0 0 0
1489239351.185240269 0.438931 0.329895 0 0 0 0 0
1489239351.232482910 0.32652 0.242146 0 0 0 0 0
1489239351.259917021 0.432246 0.342325 0 0 0 0 0
1489239351.290551901 0.418341 0.351532 0 0 0 0 0
1489239351.324763060 0.378759 0.315942 0 0 0 0 0
1489239351.355032921 0.421396 0.211851 0 0 0 0 0
1489239351.395435810 0.371867 0.272073 0 0 0 0 0
1489239351.426781416 0.412053 0.326925 0 0 0 0 0
1489239351.460397005 0.400381 0.210163 0 0 0 0 0
1489239351.489974976 0.454104 0.230377 0 0 0 0 0
1489239351.524233580 0.386088 0.29917 0 0 0 0 0
1489239351.554815292 0.451601 0.131753 0 0 0 0 0
1489239351.584940195 0.43808 0.22935 0 0 0 0 0
1489239351.623093128 0.393866 0.225106 0 0 0 0 0
1489239351.655068398 0.42038 0.107558 0 0 0 0 0
1489239351.686775923 0.44645 0.226832 0 0 0 0 0
1489239351.722887993 0.380046 0.220187 0 0 0 0 0
1489239351.754631042 0.417685 0.0764277 0 0 0 0 0
1489239351.787987947 0.408881 0.166381 0 0 0 0 0
1489239351.823220491 0.396639 0.291137 0 0 0 0 0
1489239351.854860067 0.391363 0.149282 0 0 0 0 0
1489239351.888251781 0.379506 0.116464 0 0 0 0 0
1489239351.924535275 0.360336 0.207237 0 0 0 0 0
1489239351.955709457 0.380729 0.305095 0 0 0 0 0
1489239351.986584663 0.35802 0.159835 0 0 0 0 0
1489239352.023221493 0.347747 0.104278 0 0 0 0 0
1489239352.054833651 0.369439 0.27565 0 0 0 0 0
1489239352.090154171 0.351026 0.187012 0 0 0 0 0
1489239352.123384714 0.359135 0.0971695 0 0 0 0 0
1489239352.155912161 0.36356 0.218716 0 0 0 0 0
1489239352.187858343 0.368266 0.278764 0 0 0 0 0
1489239352.225149393 0.322656 0.127755 0 0 0 0 0
1489239352.257914066 0.334567 0.139912 0 0 0 0 0
1489239352.288061857 0.34473 0.260235 0 0 0 0 0
1489239352.323355675 0.318793 0.206081 0 0 0 0 0
1489239352.355074406 0.307151 0.147958 0 0 0 0 0
1489239352.387864590 0.297901 0.185084 0 0 0 0 0
1489239352.424885750 0.296801 0.234751 0 0 0 0 0
1489239352.453114271 0.310362 0.20617 0 0 0 0 0
1489239352.487702847 0.282044 0.124053 0 0 0 0 0
1489239352.522590399 0.255194 0.196037 0 0 0 0 0
1489239352.557351112 0.26888 0.198134 0 0 0 0 0
1489239352.591655970 0.223365 0.179265 0 0 0 0 0
1489239352.630843639 0.201301 0.0913794 0 0 0 0 0
1489239352.655616760 0.234701 0.25657 0 0 0 0 0
1489239352.689030409 0.20284 0.27256 0 0 0 0 0
1489239352.721363306 0.176769 0.0414563 0 0 0 0 0
1489239352.760449886 0.156969 0.156213 0 0 0 0 0
1489239352.786598921 0.147381 0.307177 0 0 0 0 0
1489239352.825331926 0.119628 0.122019 0 0 0 0 0
1489239352.854665041 0.121785 0.0881746 0 0 0 0 0
1489239352.888081074 0.109846 0.11939 0 0 0 0 0
1489239352.923019648 0.102568 0.172079 0 0 0 0 0
1489239352.954672813 0.0788817 0.0435301 0 0 0 0 0
1489239352.985120296 0.0729064 0.00156231 0 0 0 0 0
1489239353.025050879 0.0609746 0.105208 0 0 0 0 0
1489239353.056891680 0.0597389 0.0342329 0 0 0 0 0
1489239353.090107679 0.0323287 -0.0202334 0 0 0 0 0
1489239353.126022816 0.0251694 0.0116872 0 0 0 0 0
1489239353.157552004 0.0189058 0.0794038 0 0 0 0 0
1489239353.186897278 0.0137764 0.0173221 0 0 0 0 0
1489239353.226475716 0.00972452 -0.0223967 0 0 0 0 0
1489239353.257046700 0.00716041 0.0557478 0 0 0 0 0
1489239353.290889740 0.00521369 0.0134925 0 0 0 0 0
1489239353.324727297 0.00377807 -0.0346766 0 0 0 0 0
1489239353.356157064 0.00273993 -0.000456514 0 0 0 0 0
1489239353.391595840 0.00199409 0.0200235 0 0 0 0 0
1489239353.426522732 0.0014483 0.0226332 0 0 0 0 0
1489239353.456470728 0.00105167 -0.0193121 0 0 0 0 0
1489239353.488035440 0.000763984 0.00151208 0 0 0 0 0
1489239353.524691105 0.000555082 0.0416231 0 0 0 0 0
1489239353.557736874 0.000403196 0.0304652 0 0 0 0 0
1489239353.588533878 0.000292883 -0.0615935 0 0 0 0 0
1489239353.626631021 0.000212763 -0.0232127 0 0 0 0 0
1489239353.652290106 0.000154559 0.0497502 0 0 0 0 0
1489239353.687430382 0.000112274 0.00183204 0 0 0 0 0
1489239353.721653461 8.15592e-05 -0.019504 0 0 0 0 0
1489239353.753802299 5.92471e-05 0.000188386 0 0 0 0 0
1489239353.787772655 4.30387e-05 0.0439731 0 0 0 0 0
1489239353.820567608 3.12644e-05 0.00696408 0 0 0 0 0
1489239353.857184649 2.27114e-05 -0.0339638 0 0 0 0 0
1489239353.885094404 1.64982e-05 -0.00134142 0 0 0 0 0
1489239353.923495054 1.19847e-05 -0.00246779 0 0 0 0 0
1489239353.957010031 8.70602e-06 -0.00374295 0 0 0 0 0
1489239353.988597393 6.3243e-06 -0.0504752 0 0 0 0 0
1489239354.027883530 4.59414e-06 0.00813515 0 0 0 0 0
1489239354.056770325 3.33731e-06 0.0455251 0 0 0 0 0
1489239354.085963726 2.42431e-06 -0.02062 0 0 0 0 0
1489239354.123504400 1.76109e-06 -0.0389931 0 0 0 0 0
1489239354.157011032 1.2793e-06 0.0388696 0 0 0 0 0
1489239354.189423561 9.29321e-07 0.0484534 0 0 0 0 0
1489239354.225227594 6.75084e-07 -0.0313363 0 0 0 0 0
1489239354.256892920 4.904e-07 -0.0207655 0 0 0 0 0
1489239354.286843061 3.5624e-07 0.0480573 0 0 0 0 0
1489239354.322481632 2.58782e-07 0.00578567 0 0 0 0 0
1489239354.352487087 1.87987e-07 -0.0453072 0 0 0 0 0
1489239354.384984016 1.36559e-07 -0.00442615 0 0 0 0 0
1489239354.424994230 9.92e-08 0.0328196 0 0 0 0 0
1489239354.456755877 7.20616e-08 -0.0456048 0 0 0 0 0
1489239354.487369537 5.23475e-08 -0.0559416 0 0 0 0 0
1489239354.522334576 3.80267e-08 0.0279648 0 0 0 0 0
1489239354.556170940 2.76236e-08 -0.00571779 0 0 0 0 0
1489239354.586569548 2.00666e-08 -0.0542058 0 0 0 0 0
1489239354.624126673 1.45769e-08 -0.0116994 0 0 0 0 0
1489239354.657973051 1.05891e-08 0.0347079 0 0 0 0 0
1489239354.683259964 7.69218e-09 -0.0302024 0 0 0 0 0
1489239354.718962669 5.58781e-09 -0.0257376 0 0 0 0 0
1489239354.753586292 4.05914e-09 0.0148862 0 0 0 0 0
1489239354.784582376 2.94867e-09 -0.00216824 0 0 0 0 0
1489239354.832878590 2.142e-09 -0.00228459 0 0 0 0 0
1489239354.859465361 1.556e-09 -0.000580412 0 0 0 0 0
1489239354.890376091 1.13032e-09 6.87159e-05 0 0 0 0 0
1489239354.927127361 8.21099e-10 -0.00041019 0 0 0 0 0
1489239354.956877232 5.96469e-10 -0.000244001 0 0 0 0 0
1489239354.987647772 4.33291e-10 -0.000132478 0 0 0 0 0
1489239355.025210619 3.14755e-10 -0.000100679 0 0 0 0 0
1489239355.055636644 2.28646e-10 -8.49171e-05 0 0 0 0 0
1489239355.089562178 1.66095e-10 -5.75331e-05 0 0 0 0 0
1489239355.121745825 1.20656e-10 -4.0936e-05 0 0 0 0 0
1489239355.155795336 8.76478e-11 0.0220135 0 0 0 0 0
1489239355.186812162 6.36698e-11 0.00438655 0 0 0 0 0
1489239355.225235224 4.62515e-11 -0.0153623 0 0 0 0 0
1489239355.254302025 3.35984e-11 -0.000215174 0 0 0 0 0
1489239355.287991047 2.44068e-11 -0.000808048 0 0 0 0 0
1489239355.325204134 1.77297e-11 -0.00151079 0 0 0 0 0
1489239355.354739189 1.28794e-11 -0.001213 0 0 0 0 0
