1489239146.435505152 0 0 0 0 0 0 0
1489239146.459092379 0 0 0 0 0 0 0
1489239146.474458218 0 0 0 0 0 0 0
1489239146.498896599 0 0 0 0 0 0 0
1489239146.532073259 0 -0.0226237 0 0 0 0 0
1489239146.641950607 0 0.00230633 0 0 0 0 0
1489239146.667011499 0 -0.0029323 0 0 0 0 0
1489239146.767947674 0 -0.00250289 0 0 0 0 0
1489239146.802757740 0 -0.00184098 0 0 0 0 0
1489239146.908080339 0 -0.000921542 0 0 0 0 0
1489239146.930986166 0 -0.0991617 0 0 0 0 0
1489239147.038709879 0 0.0145584 0 0 0 0 0
1489239147.059942961 0 -0.153545 0 0 0 0 0
1489239147.093834162 0 0.0279528 0 0 0 0 0
1489239147.142123938 0 -0.0364867 0 0 0 0 0
1489239147.166019440 0 -0.0805529 0 0 0 0 0
1489239147.203332186 0 0.0137663 0 0 0 0 0
1489239147.230553150 0 -0.0115807 0 0 0 0 0
1489239147.262413979 0 -0.057247 0 0 0 0 0
1489239147.300498486 0 -0.0158375 0 0 0 0 0
1489239147.333144188 0 0.0337591 0 0 0 0 0
1489239147.363756657 0 -0.00192755 0 0 0 0 0
1489239147.400043249 0 -0.0411373 0 0 0 0 0
1489239147.433002472 0 0.0168404 0 0 0 0 0
1489239147.464943409 0 0.0691897 0 0 0 0 0
1489239147.498708248 0 0.0121539 0 0 0 0 0
1489239147.531855106 0 0.0124364 0 0 0 0 0
1489239147.565122843 0 0.057195 0 0 0 0 0
1489239147.607561111 0 0.0710385 0 0 0 0 0
1489239147.633845806 0.0285782 0.0531941 0 0 0 0 0
1489239147.664673567 0.0300823 0.100679 0 0 0 0 0
1489239147.707029819 0.0280378 0.126682 0 0 0 0 0
1489239147.733283520 0.0702017 0.106488 0 0 0 0 0
1489239147.766228676 0.0682844 0.098593 0 0 0 0 0
1489239147.802102089 0.070374 0.137086 0 0 0 0 0
1489239147.831727028 0.0834516 0.109861 0 0 0 0 0
1489239147.862885237 0.10991 0.0336296 0 0 0 0 0
1489239147.908508062 0.0943457 0.0253915 0 0 0 0 0
1489239147.936068058 0.156243 0.136901 0 0 0 0 0
1489239147.962711334 0.145145 0.0400449 0 0 0 0 0
1489239147.998039007 0.131184 -0.0947127 0 0 0 0 0
1489239148.029942274 0.162531 0.143184 0 0 0 0 0
1489239148.062626362 0.143459 0.0712089 0 0 0 0 0
1489239148.099129438 0.135182 -0.0128738 0 0 0 0 0
1489239148.131383657 0.141235 0.134043 0 0 0 0 0
1489239148.161383152 0.146115 0.164257 0 0 0 0 0
1489239148.197858334 0.153475 0.0963865 0 0 0 0 0
1489239148.230098248 0.143393 0.149801 0 0 0 0 0
1489239148.262969017 0.164782 0.136049 0 0 0 0 0
1489239148.299045324 0.160406 0.171558 0 0 0 0 0
1489239148.329735041 0.176717 0.14789 0 0 0 0 0
1489239148.363027096 0.173304 0.166588 0 0 0 0 0
1489239148.402768850 0.161053 0.155005 0 0 0 0 0
1489239148.431926250 0.186949 0.182326 0 0 0 0 0
1489239148.466187477 0.175413 0.237122 0 0 0 0 0
1489239148.500785112 0.174742 0.141992 0 0 0 0 0
1489239148.533969879 0.178552 0.225659 0 0 0 0 0
1489239148.563142300 0.191808 0.227905 0 0 0 0 0
1489239148.600096226 0.172698 0.227353 0 0 0 0 0
1489239148.631495476 0.185596 0.204939 0 0 0 0 0
1489239148.663730621 0.184344 0.225587 0 0 0 0 0
1489239148.706049919 0.162569 0.251878 0 0 0 0 0
1489239148.731951952 0.203362 0.231986 0 0 0 0 0
1489239148.763745070 0.187279 0.282242 0 0 0 0 0
1489239148.800480366 0.175227 0.229874 0 0 0 0 0
1489239148.829771757 0.219826 0.303476 0 0 0 0 0
1489239148.861436367 0.194036 0.300928 0 0 0 0 0
1489239148.907049179 0.18101 0.192173 0 0 0 0 0
1489239148.932260990 0.245023 0.423125 0 0 0 0 0
1489239148.965795279 0.196151 0.248247 0 0 0 0 0
1489239149.000897646 0.210784 0.254295 0 0 0 0 0
1489239149.032960176 0.198845 0.327296 0 0 0 0 0
1489239149.064215422 0.199387 0.293672 0 0 0 0 0
1489239149.101492405 0.201345 0.226212 0 0 0 0 0
1489239149.132866621 0.220312 0.302202 0 0 0 0 0
1489239149.162842035 0.229443 0.340423 0 0 0 0 0
1489239149.201494932 0.206208 0.189557 0 0 0 0 0
1489239149.230785608 0.235983 0.335507 0 0 0 0 0
1489239149.262513161 0.230466 0.28663 0 0 0 0 0
1489239149.297340870 0.221425 0.294488 0 0 0 0 0
1489239149.338281631 0.186155 0.181587 0 0 0 0 0
1489239149.366504669 0.238368 0.285497 0 0 0 0 0
1489239149.400306702 0.220376 0.305759 0 0 0 0 0
1489239149.432200670 0.203725 0.20746 0 0 0 0 0
1489239149.462278128 0.231819 0.249759 0 0 0 0 0
1489239149.498382568 0.1941 0.271446 0 0 0 0 0
1489239149.535737514 0.205529 0.167973 0 0 0 0 0
1489239149.562515497 0.243848 0.305869 0 0 0 0 0
1489239149.599536180 0.212053 0.207101 0 0 0 0 0
1489239149.630132437 0.232001 0.240329 0 0 0 0 0
1489239149.662171841 0.20665 0.211824 0 0 0 0 0
1489239149.698432684 0.213107 0.217915 0 0 0 0 0
1489239149.730344772 0.225115 0.391988 0 0 0 0 0
1489239149.763478041 0.199939 0.12163 0 0 0 0 0
1489239149.799515009 0.20962 0.177991 0 0 0 0 0
1489239149.829569340 0.230051 0.353678 0 0 0 0 0
1489239149.862633705 0.222295 0.197298 0 0 0 0 0
1489239149.906458139 0.195628 0.202027 0 0 0 0 0
1489239149.932121992 0.223034 0.231254 0 0 0 0 0
1489239149.968870401 0.209888 0.154818 0 0 0 0 0
1489239150.006045341 0.207142 0.317815 0 0 0 0 0
1489239150.053173065 0.168752 0.120012 0 0 0 0 0
1489239150.068371534 0.344083 0.246875 0 0 0 0 0
1489239150.102498293 0.235394 0.304844 0 0 0 0 0
1489239150.138055563 0.231552 0.231437 0 0 0 0 0
1489239150.168823957 0.246534 0.0983077 0 0 0 0 0
1489239150.276497602 0.159665 0.139031 0 0 0 0 0
1489239150.304699898 0.503364 0.453536 0 0 0 0 0
1489239150.371347427 0.228478 0.178012 0 0 0 0 0
1489239150.407288313 0.358495 0.414824 0 0 0 0 0
1489239150.439285278 0.281672 0.255803 0 0 0 0 0
1489239150.471342325 0.275286 0.341173 0 0 0 0 0
1489239150.508705378 0.265209 0.237344 0 0 0 0 0
1489239150.536485910 0.275624 0.307076 0 0 0 0 0
1489239150.566625118 0.286059 0.293347 0 0 0 0 0
1489239150.605326176 0.235888 0.300678 0 0 0 0 0
1489239150.634330988 0.2604 0.301979 0 0 0 0 0
1489239150.664683819 0.25359 0.273829 0 0 0 0 0
1489239150.706837893 0.216768 0.269437 0 0 0 0 0
1489239150.732854128 0.292465 0.313296 0 0 0 0 0
1489239150.765997648 0.265372 0.304081 0 0 0 0 0
1489239150.807498932 0.2399 0.293132 0 0 0 0 0
1489239150.836541891 0.283056 0.252415 0 0 0 0 0
1489239150.867960453 0.277208 0.259974 0 0 0 0 0
1489239150.902166605 0.266919 0.397689 0 0 0 0 0
1489239150.931850433 0.2871 0.284861 0 0 0 0 0
1489239150.964846373 0.275925 0.246234 0 0 0 0 0
1489239151.002942324 0.257109 0.302363 0 0 0 0 0
1489239151.031741858 0.291363 0.328214 0 0 0 0 0
1489239151.070375204 0.255448 0.266433 0 0 0 0 0
1489239151.098607302 0.293943 0.357755 0 0 0 0 0
1489239151.132662058 0.271444 0.291698 0 0 0 0 0
1489239151.163574696 0.284292 0.300741 0 0 0 0 0
1489239151.197884321 0.249211 0.306137 0 0 0 0 0
1489239151.231195927 0.269626 0.288589 0 0 0 0 0
1489239151.262511253 0.253245 0.340045 0 0 0 0 0
1489239151.300783157 0.228365 0.235395 0 0 0 0 0
1489239151.331694841 0.244586 0.336503 0 0 0 0 0
1489239151.359851837 0.228689 0.337643 0 0 0 0 0
1489239151.400701761 0.209867 0.232042 0 0 0 0 0
1489239151.430635452 0.212532 0.343073 0 0 0 0 0
1489239151.462916374 0.202164 0.247016 0 0 0 0 0
1489239151.500897884 0.183843 0.279283 0 0 0 0 0
1489239151.531146526 0.198172 0.287701 0 0 0 0 0
1489239151.564530611 0.188057 0.321153 0 0 0 0 0
1489239151.607502222 0.165752 0.217532 0 0 0 0 0
1489239151.636031151 0.195689 0.29227 0 0 0 0 0
1489239151.666445255 0.191507 0.310335 0 0 0 0 0
1489239151.701312780 0.201351 0.272878 0 0 0 0 0
1489239151.734135866 0.188394 0.278434 0 0 0 0 0
1489239151.764101267 0.197088 0.242459 0 0 0 0 0
1489239151.799146414 0.204559 0.282984 0 0 0 0 0
1489239151.832212448 0.212968 0.361447 0 0 0 0 0
1489239151.863911867 0.197193 0.223939 0 0 0 0 0
1489239151.898829222 0.209258 0.246906 0 0 0 0 0
1489239151.930786371 0.220483 0.368137 0 0 0 0 0
1489239151.963591337 0.197445 0.31129 0 0 0 0 0
1489239151.998172760 0.211956 0.196776 0 0 0 0 0
1489239152.032149792 0.21506 0.356116 0 0 0 0 0
1489239152.063636780 0.224857 0.293302 0 0 0 0 0
1489239152.100018263 0.211534 0.291736 0 0 0 0 0
1489239152.131547213 0.203438 0.290629 0 0 0 0 0
1489239152.162737608 0.226073 0.293409 0 0 0 0 0
1489239152.199952841 0.209049 0.36797 0 0 0 0 0
1489239152.233186722 0.197051 0.229009 0 0 0 0 0
1489239152.264933586 0.221853 0.23944 0 0 0 0 0
1489239152.301192522 0.209721 0.402814 0 0 0 0 0
1489239152.332047224 0.227107 0.27941 0 0 0 0 0
1489239152.363499880 0.22833 0.294882 0 0 0 0 0
1489239152.398838043 0.21808 0.301821 0 0 0 0 0
1489239152.432142973 0.223834 0.287898 0 0 0 0 0
1489239152.464770079 0.226782 0.33035 0 0 0 0 0
1489239152.500970840 0.215907 0.340785 0 0 0 0 0
1489239152.532748222 0.228679 0.27969 0 0 0 0 0
1489239152.562713623 0.262399 0.254679 0 0 0 0 0
1489239152.598860025 0.223618 0.392665 0 0 0 0 0
1489239152.631472826 0.232912 0.230788 0 0 0 0 0
1489239152.662101507 0.264949 0.291545 0 0 0 0 0
1489239152.706367254 0.208256 0.348402 0 0 0 0 0
1489239152.734170437 0.27797 0.264109 0 0 0 0 0
1489239152.763726234 0.277465 0.348939 0 0 0 0 0
1489239152.800779104 0.232626 0.341135 0 0 0 0 0
1489239152.832881689 0.266749 0.281302 0 0 0 0 0
1489239152.863400221 0.27757 0.376878 0 0 0 0 0
1489239152.898602486 0.239356 0.339707 0 0 0 0 0
1489239152.930667400 0.268372 0.263293 0 0 0 0 0
1489239152.963293552 0.268814 0.431433 0 0 0 0 0
1489239152.999788046 0.255331 0.301997 0 0 0 0 0
1489239153.029297590 0.282924 0.295605 0 0 0 0 0
1489239153.060961962 0.253799 0.421475 0 0 0 0 0
1489239153.099481583 0.249178 0.25835 0 0 0 0 0
1489239153.131510735 0.269681 0.347026 0 0 0 0 0
1489239153.163674831 0.270965 0.421781 0 0 0 0 0
1489239153.199884653 0.235978 0.349148 0 0 0 0 0
1489239153.231529474 0.245955 0.251874 0 0 0 0 0
1489239153.263738155 0.241778 0.325402 0 0 0 0 0
1489239153.298892498 0.250602 0.372375 0 0 0 0 0
1489239153.340335846 0.213408 0.365151 0 0 0 0 0
1489239153.372039080 0.25891 0.17402 0 0 0 0 0
1489239153.406063557 0.253406 0.363685 0 0 0 0 0
1489239153.434184313 0.283663 0.447578 0 0 0 0 0
1489239153.462929964 0.288095 0.310283 0 0 0 0 0
1489239153.504569769 0.228653 0.300442 0 0 0 0 0
1489239153.551942587 0.225121 0.31217 0 0 0 0 0
1489239153.612297297 0.19699 0.260397 0 0 0 0 0
1489239153.634560823 0.481576 0.616452 0 0 0 0 0
1489239153.666109085 0.278859 0.375129 0 0 0 0 0
1489239153.701017857 0.288072 0.402653 0 0 0 0 0
1489239153.732013941 0.278622 0.380972 0 0 0 0 0
1489239153.760694027 0.308048 0.388123 0 0 0 0 0
1489239153.798650503 0.245105 0.35199 0 0 0 0 0
1489239153.836640835 0.25613 0.364661 0 0 0 0 0
1489239153.868575335 0.250339 0.348118 0 0 0 0 0
1489239153.904706955 0.253139 0.324342 0 0 0 0 0
1489239153.932364464 0.261846 0.388259 0 0 0 0 0
1489239153.964037895 0.246761 0.321533 0 0 0 0 0
1489239153.999097586 0.233587 0.386472 0 0 0 0 0
1489239154.032127380 0.236284 0.294189 0 0 0 0 0
1489239154.063763380 0.238784 0.358179 0 0 0 0 0
1489239154.100284576 0.221737 0.334903 0 0 0 0 0
1489239154.130149364 0.241235 0.320246 0 0 0 0 0
1489239154.171873808 0.207216 0.308724 0 0 0 0 0
1489239154.203658581 0.229906 0.326482 0 0 0 0 0
1489239154.233886719 0.236524 0.334188 0 0 0 0 0
1489239154.264101505 0.238879 0.41111 0 0 0 0 0
1489239154.299346685 0.223169 0.265618 0 0 0 0 0
1489239154.330543280 0.236006 0.308891 0 0 0 0 0
1489239154.362682343 0.256626 0.32292 0 0 0 0 0
1489239154.400135994 0.241323 0.378478 0 0 0 0 0
1489239154.431997776 0.239397 0.38032 0 0 0 0 0
1489239154.461917639 0.247071 0.0802269 0 0 0 0 0
1489239154.499292850 0.242876 0.468486 0 0 0 0 0
1489239154.532497644 0.234753 0.388733 0 0 0 0 0
1489239154.560034990 0.25645 0.229572 0 0 0 0 0
1489239154.605318308 0.222674 0.254536 0 0 0 0 0
1489239154.631645679 0.289813 0.546774 0 0 0 0 0
1489239154.662447214 0.275071 0.384875 0 0 0 0 0
1489239154.699220181 0.235712 0.216334 0 0 0 0 0
1489239154.732006550 0.265984 0.351547 0 0 0 0 0
1489239154.764025211 0.271314 0.496773 0 0 0 0 0
1489239154.801977396 0.230448 0.311626 0 0 0 0 0
1489239154.832329512 0.273662 0.182813 0 0 0 0 0
1489239154.863673210 0.273524 0.390029 0 0 0 0 0
1489239154.901309967 0.252115 0.400742 0 0 0 0 0
1489239154.930357218 0.285502 0.172515 0 0 0 0 0
1489239154.962604761 0.275716 0.282411 0 0 0 0 0
1489239155.002220392 0.250625 0.369294 0 0 0 0 0
1489239155.037307978 0.261089 0.324642 0 0 0 0 0
1489239155.062576771 0.280294 0.186893 0 0 0 0 0
1489239155.099186897 0.257179 0.342145 0 0 0 0 0
1489239155.131763697 0.270471 0.400836 0 0 0 0 0
1489239155.163442135 0.252317 0.261185 0 0 0 0 0
1489239155.197667837 0.262452 0.243643 0 0 0 0 0
1489239155.232748032 0.258722 0.401851 0 0 0 0 0
1489239155.264067888 0.27377 0.378762 0 0 0 0 0
1489239155.295769930 0.250897 0.220806 0 0 0 0 0
1489239155.343033791 0.225598 0.296268 0 0 0 0 0
1489239155.365312099 0.291655 0.520945 0 0 0 0 0
1489239155.395638227 0.279567 0.288649 0 0 0 0 0
1489239155.441808462 0.216114 0.290336 0 0 0 0 0
1489239155.469906330 0.286008 0.381977 0 0 0 0 0
1489239155.507669210 0.231617 0.353743 0 0 0 0 0
1489239155.533458233 0.270452 0.28793 0 0 0 0 0
1489239155.562187672 0.258971 0.372369 0 0 0 0 0
1489239155.598177433 0.234183 0.338979 0 0 0 0 0
1489239155.629474878 0.244313 0.338006 0 0 0 0 0
1489239155.662535191 0.237016 0.329005 0 0 0 0 0
1489239155.699686050 0.241734 0.249833 0 0 0 0 0
1489239155.732835531 0.256 0.399132 0 0 0 0 0
1489239155.763262033 0.271506 0.339783 0 0 0 0 0
1489239155.799843073 0.251932 0.29237 0 0 0 0 0
1489239155.837552309 0.228399 0.261368 0 0 0 0 0
1489239155.871797562 0.276965 0.325406 0 0 0 0 0
1489239155.902473688 0.275344 0.493063 0 0 0 0 0
1489239155.932973862 0.279821 0.188179 0 0 0 0 0
1489239155.963708401 0.283026 0.206047 0 0 0 0 0
1489239156.000668049 0.282229 0.419326 0 0 0 0 0
1489239156.033228874 0.279068 0.296553 0 0 0 0 0
1489239156.065114260 0.305351 0.128683 0 0 0 0 0
1489239156.100434303 0.294177 0.398715 0 0 0 0 0
1489239156.131555796 0.315613 0.487316 0 0 0 0 0
1489239156.161761045 0.300951 0.0855691 0 0 0 0 0
1489239156.201706886 0.302655 0.249257 0 0 0 0 0
1489239156.233177423 0.319027 0.512958 0 0 0 0 0
1489239156.264863491 0.321026 0.291343 0 0 0 0 0
1489239156.297918797 0.29372 0.20983 0 0 0 0 0
1489239156.331390858 0.311025 0.351243 0 0 0 0 0
1489239156.363411427 0.31853 0.461233 0 0 0 0 0
1489239156.397949219 0.286279 0.180483 0 0 0 0 0
1489239156.432691813 0.323792 0.280522 0 0 0 0 0
1489239156.462290049 0.332757 0.577964 0 0 0 0 0
1489239156.499783278 0.299918 0.238819 0 0 0 0 0
1489239156.533391714 0.313045 0.372533 0 0 0 0 0
1489239156.564153433 0.303576 0.328551 0 0 0 0 0
1489239156.600959778 0.297163 0.317119 0 0 0 0 0
1489239156.632358074 0.294813 0.448762 0 0 0 0 0
1489239156.663548708 0.294046 0.333188 0 0 0 0 0
1489239156.700908661 0.28867 0.382996 0 0 0 0 0
1489239156.732587814 0.288451 0.447935 0 0 0 0 0
1489239156.761618614 0.300386 0.383776 0 0 0 0 0
1489239156.798403025 0.26944 0.423358 0 0 0 0 0
1489239156.830824614 0.281237 0.483989 0 0 0 0 0
1489239156.864196777 0.276178 0.468479 0 0 0 0 0
1489239156.905536652 0.248408 0.354913 0 0 0 0 0
1489239156.932322025 0.300968 0.547086 0 0 0 0 0
1489239156.960700750 0.297951 0.498188 0 0 0 0 0
1489239156.999090910 0.260786 0.397027 0 0 0 0 0
1489239157.028956890 0.290275 0.477904 0 0 0 0 0
1489239157.063121319 0.273938 0.495944 0 0 0 0 0
1489239157.097431421 0.270666 0.45425 0 0 0 0 0
1489239157.132587671 0.265491 0.360982 0 0 0 0 0
1489239157.164432287 0.277137 0.496665 0 0 0 0 0
1489239157.199354887 0.265072 0.438629 0 0 0 0 0
1489239157.230785847 0.278062 0.459839 0 0 0 0 0
1489239157.264320612 0.27076 0.404535 0 0 0 0 0
1489239157.305990934 0.262411 0.434727 0 0 0 0 0
1489239157.334141254 0.294262 0.535501 0 0 0 0 0
1489239157.363595724 0.317712 0.388651 0 0 0 0 0
1489239157.402979136 0.280974 0.450454 0 0 0 0 0
1489239157.427857161 0.357757 0.495209 0 0 0 0 0
1489239157.465380669 0.300312 0.432279 0 0 0 0 0
1489239157.500961542 0.284379 0.457261 0 0 0 0 0
1489239157.532155752 0.32031 0.444891 0 0 0 0 0
1489239157.563263416 0.299523 0.515097 0 0 0 0 0
1489239157.600630045 0.272021 0.337528 0 0 0 0 0
1489239157.630067825 0.324203 0.4161 0 0 0 0 0
1489239157.663408995 0.28679 0.567797 0 0 0 0 0
1489239157.699335337 0.273619 0.193698 0 0 0 0 0
1489239157.729878426 0.31592 0.42814 0 0 0 0 0
1489239157.761301041 0.292548 0.622227 0 0 0 0 0
1489239157.799766064 0.264771 0.236426 0 0 0 0 0
1489239157.832177877 0.281164 0.424694 0 0 0 0 0
1489239157.861206055 0.296263 0.514316 0 0 0 0 0
1489239157.899469376 0.279953 0.358635 0 0 0 0 0
1489239157.931093454 0.260551 0.345572 0 0 0 0 0
1489239157.962472200 0.281421 0.339096 0 0 0 0 0
1489239158.002181292 0.251676 0.445862 0 0 0 0 0
1489239158.031190872 0.287964 0.321893 0 0 0 0 0
1489239158.060974360 0.28784 0.232849 0 0 0 0 0
1489239158.101364613 0.270186 0.36081 0 0 0 0 0
1489239158.130837440 0.291515 0.441707 0 0 0 0 0
1489239158.163066864 0.281855 0.321575 0 0 0 0 0
1489239158.198557377 0.268501 0.262889 0 0 0 0 0
1489239158.230988503 0.277611 0.348176 0 0 0 0 0
1489239158.262386799 0.282102 0.450173 0 0 0 0 0
1489239158.296866179 0.269721 0.228167 0 0 0 0 0
1489239158.336625099 0.231911 0.255513 0 0 0 0 0
1489239158.363811731 0.294712 0.368621 0 0 0 0 0
1489239158.399662256 0.260523 0.36674 0 0 0 0 0
1489239158.431621552 0.250509 0.259543 0 0 0 0 0
1489239158.462155104 0.277856 0.205722 0 0 0 0 0
1489239158.498836279 0.236327 0.380728 0 0 0 0 0
1489239158.530364037 0.246149 0.317944 0 0 0 0 0
1489239158.562350750 0.218925 0.154247 0 0 0 0 0
1489239158.599852562 0.218384 0.246987 0 0 0 0 0
1489239158.630004168 0.262426 0.322514 0 0 0 0 0
1489239158.662109613 0.236428 0.249766 0 0 0 0 0
1489239158.698484421 0.222688 0.151376 0 0 0 0 0
1489239158.729790926 0.237134 0.256192 0 0 0 0 0
1489239158.764876127 0.246053 0.200619 0 0 0 0 0
1489239158.805000067 0.212477 0.181005 0 0 0 0 0
1489239158.835525751 0.261898 0.12407 0 0 0 0 0
1489239158.865960836 0.244119 0.232806 0 0 0 0 0
1489239158.900640726 0.229959 0.136589 0 0 0 0 0
1489239158.931164980 0.242468 0.108286 0 0 0 0 0
1489239158.962066174 0.242038 0.193078 0 0 0 0 0
1489239159.004508018 0.208474 0.150897 0 0 0 0 0
1489239159.033705950 0.216653 0.0767993 0 0 0 0 0
1489239159.065369606 0.229546 0.157536 0 0 0 0 0
1489239159.107435465 0.182784 0.103457 0 0 0 0 0
1489239159.135365963 0.210655 0.167039 0 0 0 0 0
1489239159.164789200 0.205455 0.170559 0 0 0 0 0
1489239159.203025341 0.181027 0.11665 0 0 0 0 0
1489239159.232360363 0.199655 0.14755 0 0 0 0 0
1489239159.261558294 0.201071 0.123829 0 0 0 0 0
1489239159.300537348 0.175622 0.124859 0 0 0 0 0
1489239159.331006527 0.192916 0.113402 0 0 0 0 0
1489239159.361375809 0.193954 0.135315 0 0 0 0 0
1489239159.398282051 0.176758 0.103426 0 0 0 0 0
1489239159.429439068 0.188954 0.0585655 0 0 0 0 0
1489239159.462435722 0.184406 0.160164 0 0 0 0 0
1489239159.501713753 0.149971 0.0961449 0 0 0 0 0
1489239159.533501387 0.156281 0.0542815 0 0 0 0 0
1489239159.561723232 0.16149 0.177201 0 0 0 0 0
1489239159.595046997 0.147582 0.128777 0 0 0 0 0
1489239159.640455723 0.109952 0.062571 0 0 0 0 0
1489239159.666637182 0.125473 0.0522649 0 0 0 0 0
1489239159.704332352 0.104275 0.0814001 0 0 0 0 0
1489239159.733817577 0.109002 0.13864 0 0 0 0 0
1489239159.764386892 0.104632 -0.000813674 0 0 0 0 0
1489239159.801445007 0.094518 0.0313866 0 0 0 0 0
1489239159.827456951 0.108468 0.13951 0 0 0 0 0
1489239159.863038540 0.0728959 0.018366 0 0 0 0 0
1489239159.898900032 0.0664792 0.00676773 0 0 0 0 0
1489239159.931216717 0.063047 0.0660804 0 0 0 0 0
1489239159.961457491 0.0601339 0.0230433 0 0 0 0 0
1489239159.998851061 0.0317766 -0.064174 0 0 0 0 0
1489239160.031575680 0.0250041 -0.0253681 0 0 0 0 0
1489239160.063643217 0.018933 0.0611273 0 0 0 0 0
1489239160.099202633 0.0137216 -0.0601683 0 0 0 0 0
1489239160.131895542 0.00967351 -0.0774856 0 0 0 0 0
1489239160.163875341 0.00713644 0.0272629 0 0 0 0 0
1489239160.199540377 0.00519712 0.0119145 0 0 0 0 0
1489239160.232221127 0.00376332 -0.0961528 0 0 0 0 0
1489239160.261329174 0.00272955 -0.0443774 0 0 0 0 0
1489239160.298531771 0.0221783 -0.000568325 0 0 0 0 0
1489239160.328823090 0.00548128 -0.0653473 0 0 0 0 0
1489239160.363430500 0.00488412 -0.109154 0 0 0 0 0
1489239160.400696516 0.00415332 -0.0339086 0 0 0 0 0
1489239160.429526091 0.00322032 -0.0297179 0 0 0 0 0
1489239160.460067511 0.00202954 -0.148092 0 0 0 0 0
1489239160.505085468 -0.0151375 -0.0429246 0 0 0 0 0
1489239160.533708572 -0.0284369 -0.114135 0 0 0 0 0
1489239160.564966679 -0.0316253 -0.0455607 0 0 0 0 0
1489239160.607205629 -0.0297867 -0.144549 0 0 0 0 0
1489239160.635730982 -0.0143017 -0.154554 0 0 0 0 0
1489239160.664633989 -0.0119127 -0.062856 0 0 0 0 0
1489239160.699606895 0.0123909 -0.288567 0 0 0 0 0
1489239160.731134415 -0.00222823 -0.185053 0 0 0 0 0
1489239160.761989355 0.0238519 -0.167287 0 0 0 0 0
1489239160.800887585 0.0243908 -0.266879 0 0 0 0 0
1489239160.833517551 0.0318735 -0.226416 0 0 0 0 0
1489239160.863986731 0.0123071 -0.209833 0 0 0 0 0
1489239160.900301456 0.0315591 -0.255663 0 0 0 0 0
1489239160.931340694 0.0367655 -0.287865 0 0 0 0 0
1489239160.962806225 0.0387842 -0.319059 0 0 0 0 0
1489239161.001104832 0.05627 -0.201844 0 0 0 0 0
1489239161.031730652 0.0223261 -0.374878 0 0 0 0 0
1489239161.058673382 0.0743829 -0.541568 0 0 0 0 0
1489239161.102749825 0.0598766 -0.25177 0 0 0 0 0
1489239161.131108284 0.0546673 -0.39091 0 0 0 0 0
1489239161.163158894 0.0753436 -0.540127 0 0 0 0 0
1489239161.197654009 0.0765279 -0.349472 0 0 0 0 0
1489239161.232830048 0.0777769 -0.373296 0 0 0 0 0
1489239161.261666298 0.0894013 -0.512987 0 0 0 0 0
1489239161.299295664 0.0609291 -0.360172 0 0 0 0 0
1489239161.332689285 0.0596945 -0.428553 0 0 0 0 0
1489239161.364704847 0.0573699 -0.420698 0 0 0 0 0
1489239161.399100065 0.0528305 -0.406489 0 0 0 0 0
1489239161.430211306 0.0523322 -0.422398 0 0 0 0 0
1489239161.461620331 0.0510285 -0.44792 0 0 0 0 0
1489239161.499465704 0.0460555 -0.353457 0 0 0 0 0
1489239161.530218601 0.0247401 -0.444512 0 0 0 0 0
1489239161.562781811 0.0195758 -0.484432 0 0 0 0 0
1489239161.601068735 0.0344027 -0.378138 0 0 0 0 0
1489239161.631576061 0.0145937 -0.358036 0 0 0 0 0
1489239161.662477732 0.0112737 -0.490468 0 0 0 0 0
1489239161.699651480 0.00886285 -0.49651 0 0 0 0 0
1489239161.730085611 0.00664313 -0.350895 0 0 0 0 0
1489239161.760948896 0.00451511 -0.40616 0 0 0 0 0
1489239161.800352573 0.00334946 -0.512817 0 0 0 0 0
1489239161.832064629 0.00245461 -0.412751 0 0 0 0 0
1489239161.863861322 0.00177701 -0.406478 0 0 0 0 0
1489239161.900078058 0.0012843 -0.422045 0 0 0 0 0
1489239161.932283878 0.000936345 -0.398743 0 0 0 0 0
1489239161.963304520 0.000680345 -0.567283 0 0 0 0 0
1489239161.998292923 0.000493801 -0.321605 0 0 0 0 0
1489239162.036097288 0.000358661 -0.428788 0 0 0 0 0
1489239162.062063932 0.000260654 -0.557531 0 0 0 0 0
1489239162.098436594 0.000189327 -0.483979 0 0 0 0 0
1489239162.131866932 0.00013752 -0.374097 0 0 0 0 0
1489239162.162100554 -0.0247456 -0.522521 0 0 0 0 0
1489239162.206062317 -0.00489653 -0.475922 0 0 0 0 0
1489239162.237258434 -0.00466793 -0.379532 0 0 0 0 0
1489239162.271565676 -0.00413575 -0.48079 0 0 0 0 0
1489239162.302367687 -0.00325428 -0.519221 0 0 0 0 0
1489239162.331942081 -0.0273822 -0.440747 0 0 0 0 0
1489239162.363460541 -0.00661155 -0.614112 0 0 0 0 0
1489239162.403420448 -0.00596185 -0.377596 0 0 0 0 0
1489239162.431492329 -0.0318439 -0.531788 0 0 0 0 0
1489239162.461958170 -0.00929331 -0.640634 0 0 0 0 0
1489239162.498416424 -0.007562 -0.441059 0 0 0 0 0
1489239162.529553413 -0.00638888 -0.545635 0 0 0 0 0
1489239162.560957432 -0.0049336 -0.552748 0 0 0 0 0
1489239162.598772049 -0.0230305 -0.447173 0 0 0 0 0
1489239162.631354332 -0.0294177 -0.59451 0 0 0 0 0
1489239162.661822557 -0.0101509 -0.465613 0 0 0 0 0
1489239162.699881077 -0.0287298 -0.451871 0 0 0 0 0
1489239162.730879784 -0.0113619 -0.556799 0 0 0 0 0
1489239162.760804892 -0.00906783 -0.506247 0 0 0 0 0
1489239162.800177097 -0.00689838 -0.367619 0 0 0 0 0
1489239162.830802679 -0.0298401 -0.619867 0 0 0 0 0
1489239162.863413572 -0.00847765 -0.51076 0 0 0 0 0
1489239162.897835255 -0.05096 -0.388039 0 0 0 0 0
1489239162.931067228 -0.0147926 -0.618553 0 0 0 0 0
1489239162.965241909 -0.0349226 -0.373801 0 0 0 0 0
1489239162.997545719 -0.0612299 -0.464235 0 0 0 0 0
1489239163.030364752 -0.0215116 -0.64184 0 0 0 0 0
1489239163.060971498 -0.066804 -0.266311 0 0 0 0 0
1489239163.099627495 -0.063321 -0.525322 0 0 0 0 0
1489239163.131327868 -0.0515934 -0.587567 0 0 0 0 0
1489239163.163682699 -0.0507895 -0.347828 0 0 0 0 0
1489239163.200885773 -0.0477603 -0.405126 0 0 0 0 0
1489239163.232723951 -0.0726826 -0.59542 0 0 0 0 0
1489239163.257795572 -0.0593202 -0.603263 0 0 0 0 0
1489239163.305526733 -0.0458195 -0.362221 0 0 0 0 0
1489239163.329399347 -0.059184 -0.745789 0 0 0 0 0
1489239163.359623909 -0.0531288 -0.541923 0 0 0 0 0
1489239163.398733854 -0.046258 -0.401787 0 0 0 0 0
1489239163.431417465 -0.0713965 -0.598811 0 0 0 0 0
1489239163.464512587 -0.0294901 -0.543666 0 0 0 0 0
1489239163.505086184 -0.0609173 -0.358326 0 0 0 0 0
1489239163.536032677 -0.0503327 -0.572743 0 0 0 0 0
1489239163.562595606 -0.0822808 -0.591685 0 0 0 0 0
1489239163.599548340 -0.0519002 -0.470383 0 0 0 0 0
1489239163.631427765 -0.0543641 -0.493464 0 0 0 0 0
1489239163.661579370 -0.0543157 -0.580672 0 0 0 0 0
1489239163.699090481 -0.0483471 -0.466872 0 0 0 0 0
1489239163.729425907 -0.0506103 -0.500768 0 0 0 0 0
1489239163.760853767 -0.0494253 -0.539516 0 0 0 0 0
1489239163.806657076 -0.041427 -0.455384 0 0 0 0 0
1489239163.833061695 -0.0231776 -0.529686 0 0 0 0 0
1489239163.863672256 -0.0183226 -0.522958 0 0 0 0 0
1489239163.899356127 -0.0137551 -0.551037 0 0 0 0 0
1489239163.931633472 -0.00988853 -0.520184 0 0 0 0 0
1489239163.964281797 -0.00703212 -0.518361 0 0 0 0 0
1489239164.002946377 -0.00518135 -0.495903 0 0 0 0 0
1489239164.030905008 -0.0037677 -0.471274 0 0 0 0 0
1489239164.062952280 -0.00272838 -0.504117 0 0 0 0 0
1489239164.099856138 -0.0223354 -0.572444 0 0 0 0 0
1489239164.131141424 -0.00551217 -0.477952 0 0 0 0 0
1489239164.164175272 -0.00491396 -0.300875 0 0 0 0 0
1489239164.205516577 -0.0223495 -0.595588 0 0 0 0 0
1489239164.232181787 -0.00687499 -0.465853 0 0 0 0 0
1489239164.262356281 -0.00549443 -0.435491 0 0 0 0 0
1489239164.306244373 -0.00461079 -0.471009 0 0 0 0 0
1489239164.331068277 -0.0035513 -0.538252 0 0 0 0 0
1489239164.364672422 -0.0246486 -0.423831 0 0 0 0 0
1489239164.399429083 -0.00619821 -0.536714 0 0 0 0 0
1489239164.432666540 -0.0055226 -0.428952 0 0 0 0 0
1489239164.464593649 -0.00467667 -0.447176 0 0 0 0 0
1489239164.502670527 -0.00361597 -0.504612 0 0 0 0 0
1489239164.534260988 -0.00228687 -0.427807 0 0 0 0 0
1489239164.563555717 -0.0273854 -0.509257 0 0 0 0 0
1489239164.601881504 -0.00641554 -0.473853 0 0 0 0 0
1489239164.629173040 -0.0333243 -0.459189 0 0 0 0 0
1489239164.661634922 -0.0104801 -0.535817 0 0 0 0 0
1489239164.704270601 -0.00910549 -0.372121 0 0 0 0 0
1489239164.731199026 -0.00704632 -0.558886 0 0 0 0 0
1489239164.763538122 -0.00548931 -0.545863 0 0 0 0 0
1489239164.798842430 -0.00358936 -0.427091 0 0 0 0 0
1489239164.832710505 -0.00270118 -0.441249 0 0 0 0 0
1489239164.863876820 -0.00197989 -0.523841 0 0 0 0 0
1489239164.900565863 -0.00143456 -0.445537 0 0 0 0 0
1489239164.930943489 -0.00103348 -0.406121 0 0 0 0 0
1489239164.964664698 -0.000754927 -0.467344 0 0 0 0 0
1489239165.002262354 -0.000548457 -0.464695 0 0 0 0 0
1489239165.033097506 -0.000398006 -0.420663 0 0 0 0 0
1489239165.062869310 -0.000289037 -0.447777 0 0 0 0 0
1489239165.099346399 -0.0002101 -0.469413 0 0 0 0 0
1489239165.134788752 -0.000152599 -0.416948 0 0 0 0 0
1489239165.161701202 -0.000110839 -0.47062 0 0 0 0 0
1489239165.199621916 -8.05195e-05 -0.42393 0 0 0 0 0
1489239165.232888937 -5.84947e-05 -0.491292 0 0 0 0 0
1489239165.263544321 -4.24907e-05 -0.474602 0 0 0 0 0
1489239165.300451279 -3.08662e-05 -0.376898 0 0 0 0 0
1489239165.330827236 -2.24223e-05 -0.538121 0 0 0 0 0
1489239165.362619400 -1.62882e-05 -0.519491 0 0 0 0 0
1489239165.399790049 -1.18321e-05 -0.407579 0 0 0 0 0
1489239165.431306124 -8.5952e-06 -0.422623 0 0 0 0 0
1489239165.463586092 -6.24379e-06 -0.503543 0 0 0 0 0
1489239165.506087065 -4.53566e-06 -0.442758 0 0 0 0 0
1489239165.532755375 -3.29483e-06 -0.451885 0 0 0 0 0
1489239165.564559698 -2.39345e-06 -0.511476 0 0 0 0 0
1489239165.600714445 -1.73867e-06 -0.447133 0 0 0 0 0
1489239165.636943817 -1.26302e-06 -0.440649 0 0 0 0 0
1489239165.664987803 -9.17491e-07 -0.496585 0 0 0 0 0
1489239165.701289654 -6.66491e-07 -0.483815 0 0 0 0 0
1489239165.732365131 -4.84157e-07 -0.527514 0 0 0 0 0
1489239165.762431622 -3.51705e-07 -0.474442 0 0 0 0 0
1489239165.798254251 -2.55488e-07 -0.519611 0 0 0 0 0
1489239165.829211473 -1.85594e-07 -0.494488 0 0 0 0 0
1489239165.860902071 -1.3482e-07 -0.582244 0 0 0 0 0
1489239165.897916317 -9.79372e-08 -0.509643 0 0 0 0 0
1489239165.929519653 -7.11443e-08 -0.407195 0 0 0 0 0
1489239165.960245609 -5.16812e-08 -0.680542 0 0 0 0 0
1489239166.003535271 0.0173522 -0.467988 0 0 0 0 0
1489239166.029747725 0.00347041 -0.490957 0 0 0 0 0
1489239166.062158585 0.0264734 -0.650495 0 0 0 0 0
1489239166.100352287 0.00755045 -0.481088 0 0 0 0 0
1489239166.138441086 0.0264173 -0.542172 0 0 0 0 0
1489239166.163938522 0.0386975 -0.594007 0 0 0 0 0
1489239166.200471640 0.0137808 -0.527303 0 0 0 0 0
1489239166.231593132 0.0598535 -0.658717 0 0 0 0 0
1489239166.261674643 0.0192284 -0.496961 0 0 0 0 0
1489239166.307953119 0.0323682 -0.507693 0 0 0 0 0
1489239166.336249352 0.042579 -0.613155 0 0 0 0 0
1489239166.363779068 0.0455723 -0.554061 0 0 0 0 0
1489239166.400027514 0.0404224 -0.589001 0 0 0 0 0
1489239166.429138899 0.0466 -0.493874 0 0 0 0 0
1489239166.461771727 0.0220695 -0.641201 0 0 0 0 0
1489239166.495465994 0.0623122 -0.66762 0 0 0 0 0
1489239166.529077530 0.0671512 -0.397866 0 0 0 0 0
1489239166.563615799 0.027314 -0.572776 0 0 0 0 0
1489239166.599674702 0.0645337 -0.689365 0 0 0 0 0
1489239166.634883404 0.0481694 -0.424865 0 0 0 0 0
1489239166.664860964 0.0254029 -0.616082 0 0 0 0 0
1489239166.701151609 0.0615225 -0.615441 0 0 0 0 0
1489239166.731874228 0.0486086 -0.512333 0 0 0 0 0
1489239166.758687735 0.0799281 -0.725516 0 0 0 0 0
1489239166.800327539 0.048739 -0.494557 0 0 0 0 0
1489239166.830465317 0.029674 -0.588604 0 0 0 0 0
1489239166.861872673 0.0715029 -0.624648 0 0 0 0 0
1489239166.899260283 0.0477134 -0.459557 0 0 0 0 0
1489239166.930193901 0.0499558 -0.63316 0 0 0 0 0
1489239166.960637569 0.0504563 -0.607972 0 0 0 0 0
1489239167.005099773 0.0428257 -0.445688 0 0 0 0 0
1489239167.028752327 0.0235148 -0.583963 0 0 0 0 0
1489239167.062737942 0.0407728 -0.563209 0 0 0 0 0
1489239167.102789164 0.0372424 -0.481349 0 0 0 0 0
1489239167.134101868 0.0420465 -0.573048 0 0 0 0 0
1489239167.162661552 0.0455505 -0.456299 0 0 0 0 0
1489239167.199436665 0.02118 -0.416792 0 0 0 0 0
1489239167.231412172 0.0406274 -0.561806 0 0 0 0 0
1489239167.264787197 0.0404668 -0.429077 0 0 0 0 0
1489239167.308094025 0.0359283 -0.390566 0 0 0 0 0
1489239167.333974838 0.0183774 -0.509509 0 0 0 0 0
1489239167.364686728 0.0396014 -0.475879 0 0 0 0 0
1489239167.400344610 0.0162931 -0.31631 0 0 0 0 0
1489239167.432985067 0.012833 -0.527059 0 0 0 0 0
1489239167.462690830 0.00988957 -0.428059 0 0 0 0 0
1489239167.498986006 0.00751224 -0.323495 0 0 0 0 0
1489239167.528505802 0.00508383 -0.40084 0 0 0 0 0
1489239167.562123060 0.00377421 -0.398796 0 0 0 0 0
1489239167.594833612 0.00276312 -0.377207 0 0 0 0 0
1489239167.634981394 0.0207129 -0.284997 0 0 0 0 0
1489239167.661290407 0.00518866 -0.401737 0 0 0 0 0
1489239167.702609777 0.00460969 -0.344245 0 0 0 0 0
1489239167.731513023 0.00390968 -0.332282 0 0 0 0 0
1489239167.762559891 0.0030279 -0.245044 0 0 0 0 0
1489239167.800261736 0.00191243 -0.352446 0 0 0 0 0
1489239167.829500437 0.00145812 -0.28604 0 0 0 0 0
1489239167.861392021 0.00107676 -0.151193 0 0 0 0 0
1489239167.898087740 -0.0196935 -0.345637 0 0 0 0 0
1489239167.927422047 -0.00353576 -0.291555 0 0 0 0 0
1489239167.968391895 -0.0034806 -0.102937 0 0 0 0 0
1489239168.003532171 -0.003142 -0.255961 0 0 0 0 0
1489239168.030166388 -0.00248874 -0.282157 0 0 0 0 0
1489239168.068171978 -0.0014939 -0.139446 0 0 0 0 0
1489239168.102275610 -0.00116032 -0.166982 0 0 0 0 0
1489239168.137242556 -0.000862123 -0.181189 0 0 0 0 0
1489239168.162599564 -0.000620299 -0.148539 0 0 0 0 0
1489239168.201032877 -0.000444105 -0.0805565 0 0 0 0 0
1489239168.232795000 -0.000326094 -0.0884914 0 0 0 0 0
1489239168.263414383 -0.000236971 -0.151748 0 0 0 0 0
1489239168.296498060 -0.000171734 -0.0817932 0 0 0 0 0
1489239168.330130339 -0.000124707 -0.0296806 0 0 0 0 0
1489239168.362228632 -9.07033e-05 -0.0845721 0 0 0 0 0
1489239168.399703026 -6.58686e-05 -0.0371332 0 0 0 0 0
1489239168.432038546 -4.78366e-05 0.0192543 0 0 0 0 0
1489239168.464546919 -0.0231417 0.0345173 0 0 0 0 0
1489239168.503996849 -0.0427289 0.00184969 0 0 0 0 0
1489239168.531855345 -0.0659527 0.00561631 0 0 0 0 0
1489239168.563614368 -0.0692208 0.0530824 0 0 0 0 0
1489239168.600580931 -0.0698076 0.0539784 0 0 0 0 0
1489239168.632545948 -0.103576 -0.00406916 0 0 0 0 0
1489239168.664328814 -0.112309 0.012872 0 0 0 0 0
1489239168.701756477 -0.0885799 0.0501243 0 0 0 0 0
1489239168.733908415 -0.1185 0.0142477 0 0 0 0 0
1489239168.762579679 -0.131995 0.0376308 0 0 0 0 0
1489239168.800705671 -0.117754 0.113754 0 0 0 0 0
1489239168.833365202 -0.128629 0.0782902 0 0 0 0 0
1489239168.861611128 -0.142295 0.0903426 0 0 0 0 0
1489239168.900381804 -0.143627 0.120507 0 0 0 0 0
1489239168.930649281 -0.143274 0.175161 0 0 0 0 0
1489239168.959294558 -0.175753 0.170867 0 0 0 0 0
1489239168.996258259 -0.159406 0.0770154 0 0 0 0 0
1489239169.028826714 -0.17201 0.248944 0 0 0 0 0
1489239169.061930180 -0.19651 0.223229 0 0 0 0 0
1489239169.098348618 -0.192962 0.0776224 0 0 0 0 0
1489239169.129874706 -0.188548 0.172987 0 0 0 0 0
1489239169.163880348 -0.183264 0.257589 0 0 0 0 0
1489239169.198420763 -0.202795 0.11812 0 0 0 0 0
1489239169.231038332 -0.2117 0.0834421 0 0 0 0 0
1489239169.261189461 -0.200167 0.218178 0 0 0 0 0
1489239169.299494982 -0.199281 0.218005 0 0 0 0 0
1489239169.332798719 -0.213967 0.135653 0 0 0 0 0
1489239169.364999294 -0.219926 0.0858213 0 0 0 0 0
1489239169.402047873 -0.207393 0.232297 0 0 0 0 0
1489239169.429827929 -0.241028 0.218891 0 0 0 0 0
1489239169.463373184 -0.246362 0.138738 0 0 0 0 0
1489239169.499352932 -0.22155 0.171547 0 0 0 0 0
1489239169.537189484 -0.215002 0.286998 0 0 0 0 0
1489239169.565005541 -0.27495 0.269852 0 0 0 0 0
1489239169.601062059 -0.246712 0.162745 0 0 0 0 0
1489239169.631863832 -0.269486 0.280881 0 0 0 0 0
1489239169.662072182 -0.278347 0.345544 0 0 0 0 0
1489239169.702676058 -0.245511 0.21495 0 0 0 0 0
1489239169.730085135 -0.294574 0.267969 0 0 0 0 0
1489239169.761586905 -0.280122 0.277394 0 0 0 0 0
1489239169.799413681 -0.257828 0.293187 0 0 0 0 0
1489239169.829740286 -0.283933 0.26154 0 0 0 0 0
1489239169.861921787 -0.278252 0.184071 0 0 0 0 0
1489239169.902618647 -0.248775 0.266779 0 0 0 0 0
1489239169.932221651 -0.285026 0.349974 0 0 0 0 0
1489239169.962314606 -0.311075 0.266206 0 0 0 0 0
1489239169.999249935 -0.265784 0.182262 0 0 0 0 0
1489239170.031390190 -0.280989 0.311546 0 0 0 0 0
1489239170.064179182 -0.27888 0.385571 0 0 0 0 0
1489239170.098963976 -0.269625 0.198538 0 0 0 0 0
1489239170.129623652 -0.284147 0.260216 0 0 0 0 0
1489239170.160566807 -0.284865 0.378526 0 0 0 0 0
1489239170.206933022 -0.237707 0.218622 0 0 0 0 0
1489239170.236091375 -0.312499 0.393867 0 0 0 0 0
1489239170.265442610 -0.319997 0.392581 0 0 0 0 0
1489239170.305948973 -0.297244 0.289564 0 0 0 0 0
1489239170.332127810 -0.35144 0.396488 0 0 0 0 0
1489239170.363453627 -0.354334 0.421288 0 0 0 0 0
1489239170.404961824 -0.295985 0.318895 0 0 0 0 0
1489239170.431479692 -0.388969 0.520756 0 0 0 0 0
1489239170.467821598 -0.340553 0.399818 0 0 0 0 0
1489239170.501877546 -0.350227 0.343269 0 0 0 0 0
1489239170.532845259 -0.368877 0.439022 0 0 0 0 0
1489239170.562869787 -0.379962 0.505301 0 0 0 0 0
1489239170.603559971 -0.349521 0.368801 0 0 0 0 0
1489239170.631062746 -0.399798 0.42895 0 0 0 0 0
1489239170.661321878 -0.387424 0.560863 0 0 0 0 0
1489239170.702501535 -0.355576 0.366249 0 0 0 0 0
1489239170.731210709 -0.396003 0.532445 0 0 0 0 0
1489239170.762146473 -0.409804 0.554373 0 0 0 0 0
1489239170.798604012 -0.381726 0.337761 0 0 0 0 0
1489239170.832259655 -0.373749 0.53449 0 0 0 0 0
1489239170.861898184 -0.395544 0.518191 0 0 0 0 0
1489239170.899227858 -0.374938 0.406161 0 0 0 0 0
1489239170.931391478 -0.377618 0.462661 0 0 0 0 0
1489239170.964429140 -0.394637 0.481908 0 0 0 0 0
1489239171.001056910 -0.377415 0.437228 0 0 0 0 0
1489239171.032552242 -0.405839 0.512284 0 0 0 0 0
1489239171.062388659 -0.447888 0.465773 0 0 0 0 0
1489239171.099432230 -0.390429 0.420174 0 0 0 0 0
1489239171.132906437 -0.429126 0.585753 0 0 0 0 0
1489239171.163483858 -0.455132 0.375103 0 0 0 0 0
1489239171.199989080 -0.402026 0.45436 0 0 0 0 0
1489239171.230502129 -0.457289 0.718695 0 0 0 0 0
1489239171.262058020 -0.48058 0.350048 0 0 0 0 0
1489239171.299349070 -0.429103 0.443281 0 0 0 0 0
1489239171.330744982 -0.462995 0.618262 0 0 0 0 0
1489239171.361842155 -0.469443 0.550723 0 0 0 0 0
1489239171.399163961 -0.431546 0.304937 0 0 0 0 0
1489239171.429976940 -0.468264 0.714771 0 0 0 0 0
1489239171.460664988 -0.473255 0.445889 0 0 0 0 0
1489239171.497246027 -0.416327 0.398051 0 0 0 0 0
1489239171.531270027 -0.421356 0.542062 0 0 0 0 0
1489239171.562441587 -0.458438 0.585554 0 0 0 0 0
1489239171.599972486 -0.420334 0.320517 0 0 0 0 0
1489239171.629448652 -0.44514 0.506149 0 0 0 0 0
1489239171.661214828 -0.431812 0.660275 0 -98.8974 0 0 0
1489239171.698399305 -0.420101 0.269307 0 0 0 0 0
1489239171.732456923 -0.434881 0.26362 0 0 0 0 0
1489239171.763173580 -0.435523 0.722039 0 0 0 0 0
1489239171.798572063 -0.428142 0.413525 0 0 0 0 0
1489239171.831240892 -0.445385 0.230838 0 0 0 0 0
1489239171.862426758 -0.435377 0.530533 0 0 0 0 0
1489239171.902918339 -0.385435 0.533311 0 0 0 0 0
1489239171.932914019 -0.458765 0.280048 0 0 0 0 0
1489239171.963436365 -0.46148 0.446513 0 0 0 0 0
1489239172.007045507 -0.393674 0.520975 0 0 0 0 0
1489239172.034588814 -0.485828 0.334846 0 0 0 0 0
1489239172.064429760 -0.477028 0.404991 0 0 0 0 0
1489239172.104996443 -0.397374 0.538691 0 0 0 0 0
1489239172.132709503 -0.517454 0.49886 0 0 0 0 0
1489239172.163106680 -0.482209 0.237817 0 0 0 0 0
1489239172.200216055 -0.440069 0.601034 0 0 0 0 0
1489239172.232519627 -0.464494 0.372111 0 0 0 0 0
1489239172.264184237 -0.47023 0.450343 0 0 0 0 0
1489239172.299466848 -0.444739 0.47316 0 0 0 0 0
1489239172.331359625 -0.487018 0.394188 0 0 0 0 0
1489239172.364323139 -0.462241 0.486692 0 0 0 0 0
1489239172.401312113 -0.436566 0.53068 0 0 0 0 0
1489239172.431087017 -0.5051 0.242217 0 0 0 0 0
1489239172.460911512 -0.438571 0.498423 0 0 0 0 0
1489239172.499293089 -0.425959 0.682757 0 0 0 0 0
1489239172.531493425 -0.479924 0.215451 0 0 0 0 0
1489239172.561393499 -0.480218 0.207457 0 0 0 0 0
1489239172.598706007 -0.413743 0.589443 0 0 0 0 0
1489239172.628882885 -0.472994 0.503163 0 0 0 0 0
1489239172.662273645 -0.476138 0.265525 0 0 0 0 0
1489239172.698409557 -0.439436 0.322523 0 0 0 0 0
1489239172.730381489 -0.438747 0.653646 0 0 0 0 0
1489239172.763756752 -0.449996 0.410731 0 0 0 0 0
1489239172.800815582 -0.446528 0.306737 0 0 0 0 0
1489239172.830720425 -0.473838 0.405239 0 0 0 0 0
1489239172.860035419 -0.459301 0.610477 0 0 0 0 0
1489239172.907812119 -0.387314 0.359773 0 0 0 0 0
1489239172.933422089 -0.50938 0.395236 0 0 0 0 0
1489239172.962788582 -0.485387 0.469914 0 0 0 0 0
1489239172.997980833 -0.427284 0.497033 0 0 0 0 0
1489239173.029347658 -0.468048 0.466697 0 0 0 0 0
1489239173.060985088 -0.469141 0.376994 0 0 0 0 0
1489239173.106961250 -0.378077 0.398182 0 0 0 0 0
1489239173.134773493 -0.457233 0.531556 0 0 0 0 0
1489239173.166860104 -0.452582 0.390819 0 0 0 0 0
1489239173.200222731 -0.445519 0.351551 0 0 0 0 0
1489239173.231704473 -0.436363 0.559624 0 0 0 0 0
1489239173.263021231 -0.462082 0.326187 0 0 0 0 0
1489239173.299477577 -0.389889 0.368585 0 0 0 0 0
1489239173.328571320 -0.471392 0.712159 0 0 0 0 0
1489239173.363086939 -0.43842 0.36705 0 0 0 0 0
1489239173.398571730 -0.453343 0.296858 0 0 0 0 0
1489239173.430407524 -0.435422 0.628453 0 0 0 0 0
1489239173.463025093 -0.475823 0.610717 0 0 0 0 0
1489239173.500079155 -0.430456 0.26445 0 0 0 0 0
1489239173.529401779 -0.531083 0.580548 0 0 0 0 0
1489239173.560034037 -0.460838 0.517804 0 0 0 0 0
1489239173.604312658 -0.408313 0.620553 0 0 0 0 0
1489239173.631395102 -0.558257 0.1622 0 0 0 0 0
1489239173.664017916 -0.475796 0.344378 0 0 0 0 0
1489239173.700779438 -0.447107 0.712007 0 0 0 0 0
1489239173.731491804 -0.506073 0.363501 0 0 0 0 0
1489239173.763235092 -0.504076 0.363921 0 0 0 0 0
1489239173.798017263 -0.461191 0.431524 0 0 0 0 0
1489239173.829936504 -0.476147 0.730173 0 0 0 0 0
1489239173.860306501 -0.512193 0.26533 0 0 0 0 0
1489239173.897319317 -0.448132 0.386172 0 0 0 0 0
1489239173.929317951 -0.47188 0.586934 0 0 0 0 0
1489239173.964343309 -0.451087 0.47408 0 0 0 0 0
1489239174.002156019 -0.430078 0.31414 0 0 0 0 0
1489239174.030038118 -0.465742 0.534979 0 0 0 0 0
1489239174.061558485 -0.464676 0.564247 0 0 0 0 0
1489239174.101655722 -0.396962 0.32309 0 0 0 0 0
1489239174.133600235 -0.428806 0.453424 0 0 0 0 0
1489239174.164326191 -0.435087 0.466604 0 0 0 0 0
1489239174.205004454 -0.361997 0.424824 0 0 0 0 0
1489239174.232839584 -0.470255 0.351278 0 0 0 0 0
1489239174.263670206 -0.408215 0.349383 0 0 0 0 0
1489239174.300207376 -0.374608 0.496525 0 0 0 0 0
1489239174.332172871 -0.412774 0.372448 0 0 0 0 0
1489239174.363965750 -0.415723 0.343121 0 0 0 0 0
1489239174.400688887 -0.366572 0.355124 0 0 0 0 0
1489239174.432571650 -0.384164 0.467067 0 0 0 0 0
1489239174.463163853 -0.390464 0.371362 0 0 0 0 0
1489239174.500221729 -0.375593 0.278018 0 0 0 0 0
1489239174.532534122 -0.37641 0.431288 0 0 0 0 0
1489239174.563556910 -0.383584 0.454589 0 0 0 0 0
1489239174.598694563 -0.361284 0.201981 0 0 0 0 0
1489239174.630199432 -0.376959 0.451506 0 0 0 0 0
1489239174.663108826 -0.369367 0.506926 0 0 0 0 0
1489239174.701585770 -0.341906 0.27056 0 0 0 0 0
1489239174.733066320 -0.370438 0.304614 0 0 0 0 0
1489239174.763319254 -0.379795 0.348446 0 0 0 0 0
1489239174.799802542 -0.32831 0.517529 0 0 0 0 0
1489239174.831380367 -0.390861 0.199762 0 0 0 0 0
1489239174.863118172 -0.373264 0.167657 0 0 0 0 0
1489239174.901040792 -0.323759 0.469142 0 0 0 0 0
1489239174.930990219 -0.376893 0.415446 0 0 0 0 0
1489239174.961261988 -0.379326 0.10583 0 0 0 0 0
1489239174.999576330 -0.340282 0.373861 0 0 0 0 0
1489239175.031205177 -0.368829 0.511612 0 0 0 0 0
1489239175.062223673 -0.37532 0.189757 0 0 0 0 0
1489239175.099023581 -0.346681 0.279748 0 0 0 0 0
1489239175.130303383 -0.347633 0.442216 0 0 0 0 0
1489239175.162351131 -0.365015 0.315486 0 0 0 0 0
1489239175.200140476 -0.317727 0.266203 0 0 0 0 0
1489239175.232378483 -0.356801 0.345032 0 0 0 0 0
1489239175.265045404 -0.333866 0.369387 0 0 0 0 0
1489239175.306782722 -0.314297 0.293911 0 0 0 0 0
1489239175.335802317 -0.371585 0.317191 0 0 0 0 0
1489239175.365474939 -0.375211 0.364078 0 0 0 0 0
1489239175.403141975 -0.3185 0.347595 0 0 0 0 0
1489239175.432875633 -0.374961 0.372493 0 0 0 0 0
1489239175.464465380 -0.369099 0.273946 0 0 0 0 0
1489239175.499039173 -0.332761 0.380722 0 0 0 0 0
1489239175.531910896 -0.335299 0.423035 0 0 0 0 0
1489239175.562083960 -0.371795 0.187735 0 0 0 0 0
1489239175.597262859 -0.325855 0.302124 0 0 0 0 0
1489239175.630323172 -0.330157 0.467772 0 0 0 0 0
1489239175.663222313 -0.351514 0.270057 0 0 0 0 0
1489239175.700035095 -0.313838 0.204555 0 0 0 0 0
1489239175.732195854 -0.3283 0.446702 0 0 0 0 0
1489239175.763358593 -0.333128 0.363104 0 0 0 0 0
1489239175.800193310 -0.307581 0.255092 0 0 0 0 0
1489239175.829985619 -0.311289 0.261157 0 0 0 0 0
1489239175.861257553 -0.302246 0.437162 0 0 0 0 0
1489239175.903237820 -0.261918 0.331185 0 0 0 0 0
1489239175.930582762 -0.309049 0.0608871 0 0 0 0 0
1489239175.964428663 -0.257856 0.251688 0 0 0 0 0
1489239175.998627901 -0.227091 0.355867 0 0 0 0 0
1489239176.029899359 -0.248202 0.251585 0 0 0 0 0
1489239176.061131001 -0.269252 0.0838448 0 0 0 0 0
1489239176.100918293 -0.202201 0.178137 0 0 0 0 0
1489239176.130439520 -0.218783 0.294557 0 0 0 0 0
1489239176.161468029 -0.210258 0.251736 0 0 0 0 0
1489239176.196821690 -0.214788 0.0740754 0 0 0 0 0
1489239176.228527308 -0.201253 0.138285 0 0 0 0 0
1489239176.269955158 -0.15883 0.24173 0 0 0 0 0
1489239176.299667358 -0.195072 0.19013 0 0 0 0 0
1489239176.332440853 -0.185384 0.0460135 0 0 0 0 0
1489239176.363901377 -0.163913 0.116525 0 0 0 0 0
1489239176.399358749 -0.130409 0.188318 0 0 0 0 0
1489239176.431303024 -0.125991 0.0927467 0 0 0 0 0
1489239176.462700367 -0.118269 0.0129385 0 0 0 0 0
1489239176.498024464 -0.0850542 0.0411577 0 0 0 0 0
1489239176.531271458 -0.0764644 0.0514388 0 0 0 0 0
1489239176.562132597 -0.0461775 0.0223926 0 0 0 0 0
1489239176.597529173 -0.035124 -0.0254527 0 0 0 0 0
1489239176.631707191 -0.0258506 0.0054701 0 0 0 0 0
1489239176.662306309 -0.0188797 -0.0224422 0 0 0 0 0
1489239176.697862625 -0.0134748 -0.0262032 0 0 0 0 0
1489239176.729195833 -0.00986817 0.038577 0 0 0 0 0
1489239176.762095928 -0.00717535 -0.0438136 0 0 0 0 0
1489239176.803252220 -0.0234584 -0.0249559 0 0 0 0 0
1489239176.833898783 -0.0319393 -0.00901569 0 0 0 0 0
1489239176.863853693 -0.0361943 -0.00799904 0 0 0 0 0
1489239176.898962021 -0.0361301 -0.0717754 0 0 0 0 0
1489239176.931084633 -0.017022 -0.0644365 0 0 0 0 0
1489239176.961917639 -0.0384029 -0.0979345 0 0 0 0 0
1489239176.999127626 -0.0156566 -0.117516 0 0 0 0 0
1489239177.030422449 -0.0124005 -0.0961941 0 0 0 0 0
1489239177.064931393 -0.0312874 -0.158633 0 0 0 0 0
1489239177.099357128 -0.0116033 -0.10641 0 0 0 0 0
1489239177.131627083 -0.0323144 -0.13035 0 0 0 0 0
1489239177.161163092 -0.0628169 -0.164354 0 0 0 0 0
1489239177.204397678 -0.0548838 -0.105717 0 0 0 0 0
1489239177.231952667 -0.0787325 -0.118631 0 0 0 0 0
1489239177.265471697 -0.0991073 -0.0849294 0 0 0 0 0
1489239177.300416708 -0.0832521 -0.160964 0 0 0 0 0
1489239177.332353354 -0.112696 -0.0385791 0 0 0 0 0
1489239177.363324642 -0.0973819 -0.191693 0 0 0 0 0
1489239177.399341822 -0.0913731 -0.147826 0 0 0 0 0
1489239177.430144072 -0.0970878 -0.192064 0 0 0 0 0
1489239177.462364674 -0.0951232 -0.29134 0 0 0 0 0
1489239177.499750376 -0.0877791 -0.251982 0 0 0 0 0
1489239177.530448914 -0.0950403 -0.267395 0 0 0 0 0
1489239177.562326670 -0.0936698 -0.318378 0 0 0 0 0
1489239177.598857880 -0.0876489 -0.246282 0 0 0 0 0
1489239177.630185843 -0.0934285 -0.37594 0 0 0 0 0
1489239177.661334276 -0.0700679 -0.350113 0 0 0 0 0
1489239177.700170279 -0.0608184 -0.244268 0 0 0 0 0
1489239177.731973648 -0.0600184 -0.528889 0 0 0 0 0
1489239177.761214972 -0.0584933 -0.375906 0 0 0 0 0
1489239177.798369646 -0.050504 -0.418664 0 0 0 0 0
1489239177.829873085 -0.0517616 -0.443474 0 0 0 0 0
1489239177.862804174 -0.0495886 -0.420662 0 0 0 0 0
1489239177.897416830 -0.0473592 -0.449852 0 0 0 0 0
1489239177.924952269 -0.0518916 -0.463679 0 0 0 0 0
1489239177.966019392 -0.0616117 -0.407223 0 0 0 0 0
1489239177.995561600 -0.0527485 -0.521899 0 0 0 0 0
1489239178.028210878 -0.0733631 -0.395248 0 0 0 0 0
1489239178.070637226 -0.0490459 -0.451228 0 0 0 0 0
1489239178.101747036 -0.0533149 -0.463352 0 0 0 0 0
1489239178.132731438 -0.0764806 -0.468219 0 0 0 0 0
1489239178.170444489 -0.0517841 -0.506666 0 0 0 0 0
1489239178.201630592 -0.0536994 -0.360802 0 0 0 0 0
1489239178.232104540 -0.0781205 -0.513712 0 0 0 0 0
1489239178.259171486 -0.0604338 -0.646898 0 0 0 0 0
1489239178.303759098 -0.048611 -0.385687 0 0 0 0 0
1489239178.329229832 -0.0882673 -0.538267 0 0 0 0 0
1489239178.361932755 -0.057864 -0.646057 0 0 0 0 0
1489239178.399982691 -0.0524374 -0.438675 0 0 0 0 0
1489239178.432173491 -0.0537593 -0.467604 0 0 0 0 0
1489239178.463223934 -0.0530092 -0.540916 0 0 0 0 0
1489239178.500053644 -0.0675942 -0.478671 0 0 0 0 0
1489239178.531148434 -0.0536255 -0.511089 0 0 0 0 0
1489239178.562907696 -0.0525051 -0.440558 0 0 0 0 0
1489239178.598868847 -0.0697315 -0.531896 0 0 0 0 0
1489239178.635728836 -0.0509433 -0.471498 0 0 0 0 0
1489239178.668625355 -0.0742489 -0.380593 0 0 0 0 0
1489239178.703100204 -0.0538786 -0.548638 0 0 0 0 0
1489239178.732511520 -0.0560341 -0.470242 0 0 0 0 0
1489239178.763090134 -0.0783911 -0.532529 0 0 0 0 0
1489239178.799107075 -0.0331837 -0.501011 0 0 0 0 0
1489239178.831954718 -0.0724294 -0.36879 0 0 0 0 0
1489239178.867339849 -0.0513327 -0.671121 0 0 0 0 0
1489239178.906466007 -0.0283689 -0.419739 0 0 0 0 0
1489239178.955236912 -0.0530798 -0.369665 0 0 0 0 0
1489239178.993383169 -0.0630097 -0.497915 0 0 0 0 0
1489239179.012202263 -0.105798 -0.828822 0 0 0 0 0
1489239179.028478384 -0.0834892 -0.897906 0 0 0 0 0
1489239179.061758280 -0.0866651 -0.507501 0 0 0 0 0
1489239179.098519802 -0.0844539 -0.650227 0 0 0 0 0
1489239179.127897739 -0.0946678 -0.720639 0 0 0 0 0
1489239179.158922672 -0.0686544 -0.53085 0 0 0 0 0
1489239179.194259882 -0.0832241 -0.517069 0 0 0 0 0
1489239179.238000154 -0.0749793 -0.596495 0 0 0 0 0
1489239179.264720201 -0.0953036 -0.510701 0 0 0 0 0
1489239179.299665451 -0.0635584 -0.463173 0 0 0 0 0
1489239179.329101324 -0.0641852 -0.637225 0 0 0 0 0
1489239179.361536503 -0.0819684 -0.578648 0 0 0 0 0
1489239179.398242474 -0.057607 -0.48765 0 0 0 0 0
1489239179.432471037 -0.0773045 -0.446636 0 0 0 0 0
1489239179.462395191 -0.085713 -0.678608 0 0 0 0 0
1489239179.496247292 -0.082977 -0.457793 0 0 0 0 0
1489239179.535835505 -0.0780123 -0.451993 0 0 0 0 0
1489239179.561934471 -0.0980488 -0.680645 0 0 0 0 0
1489239179.595013380 -0.0893118 -0.465163 0 0 0 0 0
1489239179.627416611 -0.0908837 -0.541183 0 0 0 0 0
1489239179.658433199 -0.0937157 -0.534868 0 0 0 0 0
1489239179.704292297 -0.0789692 -0.432371 0 0 0 0 0
1489239179.731036901 -0.0995788 -0.524728 0 0 0 0 0
1489239179.762238979 -0.0938256 -0.418735 0 0 0 0 0
1489239179.795737267 -0.113557 -0.434096 0 0 0 0 0
1489239179.829040766 -0.0958022 -0.539247 0 0 0 0 0
1489239179.859010696 -0.100684 -0.416385 0 0 0 0 0
1489239179.896844625 -0.110117 -0.367382 0 0 0 0 0
1489239179.927729845 -0.101027 -0.576097 0 0 0 0 0
1489239179.960417747 -0.0975416 -0.307814 0 0 0 0 0
1489239179.997551918 -0.0911654 -0.488512 0 0 0 0 0
1489239180.030267239 -0.0714337 -0.541052 0 0 0 0 0
1489239180.063665152 -0.0877501 -0.398391 0 0 0 0 0
1489239180.101383209 -0.0621741 -0.463875 0 0 0 0 0
1489239180.129495382 -0.0907399 -0.498059 0 0 0 0 0
1489239180.159570694 -0.0647971 -0.535565 0 0 0 0 0
1489239180.197865725 -0.0567907 -0.522528 0 0 0 0 0
1489239180.230248213 -0.0564572 -0.42009 0 0 0 0 0
1489239180.262915611 -0.0538212 -0.585503 0 0 0 0 0
1489239180.300390244 -0.0481965 -0.479465 0 0 0 0 0
1489239180.335864067 -0.0685484 -0.421124 0 0 0 0 0
1489239180.371706009 -0.050102 -0.612644 0 0 0 0 0
1489239180.404479742 -0.0507333 -0.51484 0 0 0 0 0
1489239180.431473970 -0.0825808 -0.539002 0 0 0 0 0
1489239180.507608652 -0.0424301 -0.38565 0 0 0 0 0
1489239180.535843372 -0.0816606 -0.93127 0 0 0 0 0
1489239180.564281464 -0.0334914 -0.693253 0 0 0 0 0
1489239180.599148750 -0.0488631 -0.429963 0 0 0 0 0
1489239180.630628109 -0.0728085 -0.6362 0 0 0 0 0
1489239180.662968636 -0.0525502 -0.725379 0 0 0 0 0
1489239180.698081255 -0.0493854 -0.446423 0 0 0 0 0
1489239180.732312202 -0.0494278 -0.634041 0 0 0 0 0
1489239180.764253855 -0.0497058 -0.486107 0 0 0 0 0
1489239180.801096201 -0.0656989 -0.497339 0 0 0 0 0
1489239180.831338644 -0.0280077 -0.680028 0 0 0 0 0
1489239180.862604618 -0.0228983 -0.290919 0 0 0 0 0
1489239180.897394419 -0.104203 -0.79517 0 0 0 0 0
1489239180.928895950 -0.030361 -0.819731 0 0 0 0 0
1489239180.961641073 -0.0253928 -0.0941743 0 0 0 0 0
1489239180.996195793 -0.0211979 -0.235858 0 0 0 0 0
1489239181.032846689 -0.0162947 -0.592613 0 0 0 0 0
1489239181.062742233 -0.010496 -0.0787714 0 0 0 0 0
1489239181.099887848 -0.0483775 -0.496657 0 0 0 0 0
1489239181.131257534 -0.0139393 -0.612886 0 0 0 0 0
1489239181.169083118 -0.0119088 -0.353643 0 0 0 0 0
1489239181.204906940 -0.0308037 -0.488642 0 0 0 0 0
1489239181.234287500 -0.0117599 -0.517911 0 0 0 0 0
1489239181.264582157 -0.0336558 -0.564975 0 0 0 0 0
1489239181.300987005 -0.0328048 -0.58711 0 0 0 0 0
1489239181.331608295 -0.0143255 -0.498997 0 0 0 0 0
1489239181.361926079 -0.036516 -0.567344 0 0 0 0 0
1489239181.398740053 -0.0348198 -0.560717 0 0 0 0 0
1489239181.432880402 -0.0155141 -0.540322 0 0 0 0 0
1489239181.463638067 -0.0371159 -0.639902 0 0 0 0 0
1489239181.499324083 -0.0150581 -0.524829 0 0 0 0 0
1489239181.531855822 -0.0118714 -0.606031 0 0 0 0 0
1489239181.562289715 -0.0338023 -0.562226 0 0 0 0 0
1489239181.598136187 -0.0119028 -0.560032 0 0 0 0 0
1489239181.631492138 -0.0319108 -0.575713 0 0 0 0 0
1489239181.664149523 -0.0351429 -0.561473 0 0 0 0 0
1489239181.699819565 -0.0146956 -0.535274 0 0 0 0 0
1489239181.730863810 -0.0361935 -0.494448 0 0 0 0 0
1489239181.762393713 -0.0383769 -0.644999 0 0 0 0 0
1489239181.800276995 -0.0361597 -0.522524 0 0 0 0 0
1489239181.832153320 -0.0409078 -0.465836 0 0 0 0 0
1489239181.862182617 -0.0442675 -0.610697 0 0 0 0 0
1489239181.900501490 -0.0401276 -0.452807 0 0 0 0 0
1489239181.930073500 -0.0205644 -0.559453 0 0 0 0 0
1489239181.963573456 -0.0390272 -0.421011 0 0 0 0 0
1489239182.002362728 -0.0364816 -0.572889 0 0 0 0 0
1489239182.032346249 -0.042266 -0.406514 0 0 0 0 0
1489239182.063243866 -0.0674796 -0.43165 0 0 0 0 0
1489239182.100803614 -0.0454347 -0.485434 0 0 0 0 0
1489239182.132015944 -0.049326 -0.399463 0 0 0 0 0
1489239182.161012173 -0.0773533 -0.578595 0 0 0 0 0
1489239182.196837664 -0.030787 -0.455274 0 0 0 0 0
1489239182.229836464 -0.0477283 -0.378536 0 0 0 0 0
1489239182.262307405 -0.0706326 -0.522332 0 0 0 0 0
1489239182.300820112 -0.0477366 -0.450085 0 0 0 0 0
1489239182.329153538 -0.0529662 -0.38793 0 0 0 0 0
1489239182.361466408 -0.0504502 -0.471773 0 0 0 0 0
1489239182.398375750 -0.046692 -0.406691 0 0 0 0 0
1489239182.431787968 -0.0695532 -0.348187 0 0 0 0 0
1489239182.462861061 -0.0286078 -0.438768 0 0 0 0 0
1489239182.497324705 -0.0451423 -0.334913 0 0 0 0 0
1489239182.531639099 -0.0445004 -0.36294 0 0 0 0 0
1489239182.563748837 -0.0454037 -0.39449 0 0 0 0 0
1489239182.600559711 -0.0217004 -0.29072 0 0 0 0 0
1489239182.630492449 -0.0178578 -0.320811 0 0 0 0 0
1489239182.663417339 -0.0364067 -0.370537 0 0 0 0 0
1489239182.700180292 -0.0144002 -0.293526 0 0 0 0 0
1489239182.730857611 -0.0112118 -0.209837 0 0 0 0 0
1489239182.764312506 -0.00893596 -0.363446 0 0 0 0 0
1489239182.797578096 -0.00672933 -0.33255 0 0 0 0 0
1489239182.829312325 -0.00452746 -0.156687 0 0 0 0 0
1489239182.860486984 -0.00336908 -0.24844 0 0 0 0 0
1489239182.897335768 -0.00247266 -0.287572 0 0 0 0 0
1489239182.931241274 -0.00178911 -0.171351 0 0 0 0 0
1489239182.963371515 -0.001292 -0.156805 0 0 0 0 0
1489239183.000346184 -0.000942487 -0.240342 0 0 0 0 0
1489239183.031275511 -0.000684842 -0.151638 0 0 0 0 0
1489239183.061709166 -0.000496997 -0.139953 0 0 0 0 0
1489239183.095338345 -0.000360974 -0.171888 0 0 0 0 0
1489239183.128872156 -0.000262353 -0.127317 0 0 0 0 0
1489239183.163477182 -0.000190558 -0.116204 0 0 0 0 0
1489239183.201191902 -0.000138412 -0.126229 0 0 0 0 0
1489239183.231249809 -0.00010055 -0.0889737 0 0 0 0 0
1489239183.262063265 -7.30453e-05 -0.0547153 0 0 0 0 0
1489239183.297861099 -5.30607e-05 -0.105624 0 0 0 0 0
1489239183.328418493 -3.85445e-05 -0.0936668 0 0 0 0 0
1489239183.363291264 -2.80001e-05 -0.0229738 0 0 0 0 0
1489239183.400727987 -2.034e-05 -0.0319429 0 0 0 0 0
1489239183.433577538 -1.47755e-05 -0.0244825 0 0 0 0 0
1489239183.466681480 -1.07333e-05 -0.0166687 0 0 0 0 0
1489239183.502124786 -7.797e-06 -0.0113491 0 0 0 0 0
1489239183.531481504 -5.66395e-06 0.0934548 0 0 0 0 0
1489239183.562378645 -4.11445e-06 0.0140976 0 0 0 0 0
1489239183.598784447 -2.98885e-06 -0.0263647 0 0 0 0 0
1489239183.628866434 -2.17118e-06 0.055522 0 0 0 0 0
1489239183.662319422 -1.57721e-06 0.0132322 0 0 0 0 0
1489239183.698336363 -1.14573e-06 -0.0117965 0 0 0 0 0
1489239183.730271101 -8.32287e-07 0.0038595 0 0 0 0 0
1489239183.763285875 -6.04596e-07 0.0485711 0 0 0 0 0
1489239183.799237490 -4.39195e-07 -0.0111024 0 0 0 0 0
1489239183.829265833 -3.19043e-07 0.00486131 0 0 0 0 0
1489239183.860460997 -2.31762e-07 0.0524786 0 0 0 0 0
1489239183.897161484 -1.68358e-07 0.0125432 0 0 0 0 0
1489239183.930649996 -1.223e-07 0.0103114 0 0 0 0 0
1489239183.960145473 -8.88421e-08 0.0094347 0 0 0 0 0
1489239183.995872736 -6.45374e-08 0.00731191 0 0 0 0 0
1489239184.028216839 -4.68817e-08 0.00453589 0 0 0 0 0
1489239184.057755470 -3.40562e-08 0.00346301 0 0 0 0 0
1489239184.102343321 -2.47393e-08 0.00257591 0 0 0 0 0
1489239184.129625320 -1.79713e-08 0.00185382 0 0 0 0 0
1489239184.160229206 -1.30549e-08 0.00133025 0 0 0 0 0
1489239184.199279785 -9.48341e-09 0.000974863 0 0 0 0 0
1489239184.228452206 -6.88901e-09 0.000708687 0 0 0 0 0
1489239184.263265848 -5.00437e-09 0.000513682 0 0 0 0 0
1489239184.298033476 -3.63531e-09 0.000373038 0 0 0 0 0
1489239184.330504894 -2.64079e-09 0.000271272 0 0 0 0 0
1489239184.361743212 -1.91834e-09 0.000197013 0 0 0 0 0
1489239184.396520615 -1.39354e-09 0.000143081 0 0 0 0 0
1489239184.429398775 -1.0123e-09 0.000103947 0 0 0 0 0
1489239184.463474274 -7.35365e-10 7.55165e-05 0 0 0 0 0
1489239184.499205828 -5.34189e-10 5.48541e-05 0 0 0 0 0
1489239184.532099962 -3.8805e-10 3.98471e-05 0 0 0 0 0
1489239184.563796282 -2.8189e-10 2.89465e-05 0 0 0 0 0
1489239184.598752499 -2.04773e-10 2.10276e-05 0 0 0 0 0
1489239184.629695415 -1.48752e-10 1.52749e-05 0 0 0 0 0
1489239184.659463882 -1.08058e-10 1.10961e-05 0 0 0 0 0
1489239184.693754673 -7.84962e-11 8.06055e-06 0 0 0 0 0
1489239184.730669498 -5.70218e-11 5.8554e-06 0 0 0 0 0
1489239184.761796236 -4.14222e-11 4.25352e-06 0 0 0 0 0
1489239184.802342892 -3.00902e-11 3.08988e-06 0 0 0 0 0
1489239184.835679770 -2.18584e-11 2.24457e-06 0 0 0 0 0
1489239184.860231876 -1.58785e-11 1.63052e-06 0 0 0 0 0
1489239184.903483629 -1.15346e-11 1.18445e-06 0 0 0 0 0
1489239184.931194067 -8.37904e-12 8.6042e-07 0 0 0 0 0
1489239184.961234093 -6.08677e-12 6.25032e-07 0 0 0 0 0
1489239184.997866631 -4.4216e-12 4.54041e-07 0 0 0 0 0
1489239185.030462027 -3.21197e-12 3.29828e-07 0 0 0 0 0
1489239185.061167240 -2.33326e-12 2.39596e-07 0 0 0 0 0
1489239185.098097801 -1.69495e-12 1.74049e-07 0 0 0 0 0
1489239185.131158829 -1.23125e-12 1.26434e-07 0 0 0 0 0
