1489656701.317978382 -0.000727791 -0.000144705 0 0 0 0 0
1489656701.349961519 -0.000528698 -0.00010512 0 0 0 0 0
1489656701.385967016 -0.000384061 -7.63621e-05 0 0 0 0 0
1489656701.417955160 -0.00027899 -5.54711e-05 0 0 0 0 0
1489656701.451493025 -0.000202667 -4.02958e-05 0 0 0 0 0
1489656701.483499050 -0.000147223 -2.9272e-05 0 0 0 0 0
1489656701.519506216 -0.000106947 -2.1264e-05 0 0 0 0 0
1489656701.551480293 -7.76889e-05 -1.54467e-05 0 0 0 0 0
1489656701.589686155 -5.64354e-05 -1.12209e-05 0 0 0 0 0
1489656701.621724129 -4.09962e-05 -8.1512e-06 0 0 0 0 0
1489656701.653794527 -2.97808e-05 -5.92125e-06 0 0 0 0 0
1489656701.685762167 -2.16336e-05 -4.30136e-06 0 0 0 0 0
1489656701.721843958 -1.57152e-05 -3.12463e-06 0 0 0 0 0
1489656701.749534607 -1.1416e-05 -2.26982e-06 0 0 0 0 0
1489656701.785097122 -8.29288e-06 -1.64886e-06 0 0 0 0 0
1489656701.827846766 -6.02417e-06 -1.19777e-06 0 0 0 0 0
1489656701.861204863 -4.37612e-06 -8.70096e-07 0 0 0 0 0
1489656701.883364201 -3.17894e-06 -6.32062e-07 0 0 0 0 0
1489656701.919322491 -2.30927e-06 -4.59147e-07 0 0 0 0 0
1489656701.951361418 -1.67752e-06 -3.33537e-07 0 0 0 0 0
1489656701.992670774 -1.21859e-06 -2.4229e-07 0 0 0 0 0
1489656702.024744749 -8.85219e-07 -1.76006e-07 0 0 0 0 0
1489656702.056683302 -6.43048e-07 -1.27856e-07 0 0 0 0 0
1489656702.084529877 -4.67128e-07 -9.2878e-08 0 0 0 0 0
1489656702.120561838 -3.39334e-07 -6.74692e-08 0 0 0 0 0
1489656702.152607918 -2.46502e-07 -4.90115e-08 0 0 0 0 0
1489656702.183127165 -1.79066e-07 -3.56033e-08 0 0 0 0 0
1489656702.217548609 -1.30078e-07 -2.58632e-08 0 0 0 0 0
1489656702.253342390 -9.44924e-08 -1.87877e-08 0 0 0 0 0
1489656702.285366058 -6.86419e-08 -1.36479e-08 0 0 0 0 0
1489656702.321350336 -4.98633e-08 -9.91423e-09 0 0 0 0 0
1489656702.353699207 -3.62221e-08 -7.20197e-09 0 0 0 0 0
1489656702.389811277 -2.63127e-08 -5.23171e-09 0 0 0 0 0
1489656702.421826363 -0.0459001 -3.80046e-09 0 0 0 0 0
1489656702.450855732 -0.059801 0.0503244 0 0 0 0 0
1489656702.484076500 -0.0630795 0.0540399 0 0 0 0 0
1489656702.527950525 -0.0596696 0.0516539 0 0 0 0 0
1489656702.560153484 -0.0753033 0.0688341 0 0 0 0 0
1489656702.596311331 -0.0739502 0.0698381 0 0 0 0 0
1489656702.622347832 -0.0916463 0.0882692 0 0 0 0 0
1489656702.651385307 -0.0905425 0.087906 0 0 0 0 0
1489656702.679224968 -0.0957999 0.093722 0 0 0 0 0
1489656702.720921993 -0.116088 0.0792848 0 0 0 0 0
1489656702.753443003 -0.141596 0.0880406 0 0 0 0 0
1489656702.783267021 -0.158384 0.0922518 0 0 0 0 0
1489656702.816002846 -0.159094 0.0888975 0 0 0 0 0
1489656702.852613449 -0.155817 0.0842889 0 0 0 0 0
1489656702.889239311 -0.158189 0.0837063 0 0 0 0 0
1489656702.918319702 -0.230436 0.143359 0 0 0 0 0
1489656702.949450970 -0.234962 0.147955 0 0 0 0 0
1489656702.994609118 -0.202791 0.128381 0 0 0 0 0
1489656703.026517391 -0.244917 0.157958 0 0 0 0 0
1489656703.049429417 -0.306829 0.200333 0 0 0 0 0
1489656703.081304550 -0.268435 0.175659 0 0 0 0 0
1489656703.118911028 -0.251569 0.16509 0 0 0 0 0
1489656703.156574965 -0.250556 0.164873 0 0 0 0 0
1489656703.192592144 -0.252431 0.166442 0 0 0 0 0
1489656703.224535704 -0.264657 0.174778 0 0 0 0 0
1489656703.252709866 -0.284903 0.188368 0 0 0 0 0
1489656703.292266130 -0.245899 0.162642 0 0 0 0 0
1489656703.328123808 -0.253946 0.168066 0 0 0 0 0
1489656703.354800701 -0.294652 0.195109 0 0 0 0 0
1489656703.387374878 -0.316307 0.17961 0 0 0 0 0
1489656703.421432257 -0.317739 0.175917 0 0 0 0 0
1489656703.453718662 -0.335214 0.225782 0 0 0 0 0
1489656703.485487223 -0.346092 0.237216 0 0 0 0 0
1489656703.521547318 -0.330095 0.22942 0 0 0 0 0
1489656703.554131985 -0.347732 0.247341 0 0 0 0 0
1489656703.592674255 -0.322938 0.232602 0 0 0 0 0
1489656703.624927044 -0.349309 0.254309 0 0 0 0 0
1489656703.657238483 -0.351497 0.257595 0 0 0 0 0
1489656703.684797287 -0.385665 0.284322 0 0 0 0 0
1489656703.720555782 -0.345315 0.255127 0 0 0 0 0
1489656703.755386829 -0.348285 0.257975 0 0 0 0 0
1489656703.791538477 -0.340188 0.252406 0 0 0 0 0
1489656703.816499710 -0.468451 0.304485 0 0 0 0 0
1489656703.848472357 -0.426618 0.320078 0 0 0 0 0
1489656703.884057999 -0.413497 0.312038 0 0 0 0 0
1489656703.928147554 -0.377196 0.286026 0 0 0 0 0
1489656703.959936857 -0.434679 0.335064 0 0 0 0 0
1489656703.995970726 -0.4101 0.27875 0 0 0 0 0
1489656704.026033401 -0.450022 0.344593 0 0 0 0 0
1489656704.051279783 -0.504878 0.389999 0 0 0 0 0
1489656704.083263636 -0.460947 0.311344 0 0 0 0 0
1489656704.121415138 -0.426015 0.28404 0 0 0 0 0
1489656704.153374434 -0.457235 0.342582 0 0 0 0 0
1489656704.192585945 -0.414069 0.310783 0 0 0 0 0
1489656704.224710464 -0.49151 0.339418 0 0 0 0 0
1489656704.252598286 -0.543595 0.424883 0 0 0 0 0
1489656704.279053211 -0.52445 0.460205 0 0 0 0 0
1489656704.317522764 -0.447278 0.39513 0 0 0 0 0
1489656704.351322889 -0.507914 0.423622 0 0 0 0 0
1489656704.389347076 -0.480177 0.403358 0 0 0 0 0
1489656704.421337366 -0.518787 0.435071 0 0 0 0 0
1489656704.453364134 -0.52424 0.437709 0 0 0 0 0
1489656704.485387087 -0.531412 0.442419 0 0 0 0 0
1489656704.521389961 -0.505702 0.380123 0 0 0 0 0
1489656704.553436518 -0.534346 0.390257 0 0 0 0 0
1489656704.589356422 -0.54845 0.40455 0 0 0 0 0
1489656704.621417999 -0.587818 0.427407 0 0 0 0 0
1489656704.653465271 -0.599529 0.432122 0 0 0 0 0
1489656704.685758591 -0.608173 0.436693 0 0 0 0 0
1489656704.721351624 -0.586771 0.420346 0 0 0 0 0
1489656704.753367424 -0.619217 0.442306 0 0 0 0 0
1489656704.789494991 -0.587379 0.45941 0 0 0 0 0
1489656704.821332455 -0.622537 0.451526 0 0 0 0 0
1489656704.853420973 -0.62444 0.497625 0 0 0 0 0
1489656704.884680510 -0.637034 0.515714 0 0 0 0 0
1489656704.916177750 -0.639279 0.524198 0 0 0 0 0
1489656704.951886415 -0.605048 0.500003 0 0 0 0 0
1489656704.990313768 -0.579513 0.445167 0 0 0 0 0
1489656705.022348404 -0.623544 0.470256 0 0 0 0 0
1489656705.054340839 -0.625633 0.511017 0 0 0 0 0
1489656705.086733103 -0.624421 0.512857 0 0 0 0 0
1489656705.122288704 -0.599366 0.495032 0 0 0 0 0
1489656705.154374361 -0.627871 0.523734 0 0 0 0 0
1489656705.183450460 -0.66298 0.507056 0 0 0 0 0
1489656705.215916395 -0.634773 0.480105 0 0 0 0 0
1489656705.249849319 -0.622298 0.464465 0 0 0 0 0
1489656705.283297062 -0.624906 0.460184 0 0 0 0 0
1489656705.319290161 -0.600742 0.438009 0 0 0 0 0
1489656705.353442430 -0.609047 0.440959 0 0 0 0 0
1489656705.389785290 -0.588566 0.424121 0 0 0 0 0
1489656705.421336889 -0.62641 0.449285 0 0 0 0 0
1489656705.453453779 -0.624791 0.401418 0 0 0 0 0
1489656705.485453844 -0.62968 0.440399 0 0 0 0 0
1489656705.521360636 -0.598201 0.377169 0 0 0 0 0
1489656705.553462029 -0.628329 0.386133 0 0 0 0 0
1489656705.589354038 -0.596198 0.401424 0 0 0 0 0
1489656705.621603251 -0.623761 0.424441 0 0 0 0 0
1489656705.653415442 -0.584082 0.386262 0 0 0 0 0
1489656705.685410023 -0.576994 0.383009 0 0 0 0 0
1489656705.721348524 -0.540532 0.400304 0 0 0 0 0
1489656705.753377438 -0.513653 0.379806 0 0 0 0 0
1489656705.789394140 -0.433916 0.355866 0 0 0 0 0
1489656705.821353197 -0.430656 0.37017 0 0 0 0 0
1489656705.853414059 -0.458783 0.367674 0 0 0 0 0
1489656705.885415316 -0.409109 0.36624 0 0 0 0 0
1489656705.914860010 -0.415029 0.332053 0 0 0 0 0
1489656705.948879480 -0.384566 0.30545 0 0 0 0 0
1489656705.987381458 -0.355685 0.279735 0 0 0 0 0
1489656706.019302845 -0.374919 0.290577 0 0 0 0 0
1489656706.051423788 -0.324791 0.283666 0 0 0 0 0
1489656706.079302549 -0.334124 0.30077 0 0 0 0 0
1489656706.117533684 -0.286131 0.222172 0 0 0 0 0
1489656706.153358221 -0.281628 0.214003 0 0 0 0 0
1489656706.189402103 -0.230436 0.201448 0 0 0 0 0
1489656706.221418381 -0.225447 0.200905 0 0 0 0 0
1489656706.250766993 -0.222265 0.202461 0 0 0 0 0
1489656706.282763243 -0.207249 0.147131 0 0 0 0 0
1489656706.320576906 -0.147718 0.128592 0 0 0 0 0
1489656706.355426550 -0.136297 0.119999 0 0 0 0 0
1489656706.391362906 -0.122147 0.0681247 0 0 0 0 0
1489656706.423365116 -0.115927 0.0518405 0 0 0 0 0
1489656706.455454111 -0.0625229 0.0390163 0 0 0 0 0
1489656706.487473249 -0.0489231 0.0283918 0 0 0 0 0
1489656706.523373604 -0.0368631 0.0201211 0 0 0 0 0
1489656706.555409431 0.0191107 0.0147766 0 0 0 0 0
1489656706.588011742 0.0353476 0.0107635 0 0 0 0 0
1489656706.619870901 0.0499284 0.00780089 0 0 0 0 0
1489656706.651919603 0.0612077 0.00565842 0 0 0 0 0
1489656706.686361790 0.0668867 0.004117 0 0 0 0 0
1489656706.722276688 0.0702348 -0.0376859 0 0 0 0 0
1489656706.754298925 0.078587 -0.0515847 0 0 0 0 0
1489656706.790464401 0.0766342 -0.0556696 0 0 0 0 0
1489656706.822458029 0.0834136 -0.0680961 0 0 0 0 0
1489656706.854248524 0.131997 -0.0749659 0 0 0 0 0
1489656706.886331320 0.142111 -0.0788886 0 0 0 0 0
1489656706.922375441 0.141933 -0.0771462 0 0 0 0 0
1489656706.954315186 0.15909 -0.0839027 0 0 0 0 0
1489656706.994121790 0.147751 -0.0766892 0 0 0 0 0
1489656707.024893761 0.170221 -0.0870568 0 0 0 0 0
1489656707.050773144 0.192778 -0.0976121 0 0 0 0 0
1489656707.082760572 0.178698 -0.0901156 0 0 0 0 0
1489656707.116483688 0.176217 -0.088525 0 0 0 0 0
1489656707.152539015 0.17135 -0.0858542 0 0 0 0 0
1489656707.195954323 0.155906 -0.0779908 0 0 0 0 0
1489656707.226560116 0.179468 -0.0895669 0 0 0 0 0
1489656707.249437332 0.213693 -0.106481 0 0 0 0 0
1489656707.279303789 0.241424 -0.095737 0 0 0 0 0
1489656707.317552328 0.22134 -0.0861703 0 0 0 0 0
1489656707.353637457 0.232993 -0.0872055 0 0 0 0 0
1489656707.392618179 0.227721 -0.0827415 0 0 0 0 0
1489656707.424777746 0.25178 -0.0884591 0 0 0 0 0
1489656707.453208685 0.27394 -0.0945157 0 0 0 0 0
1489656707.484599113 0.267417 -0.0913456 0 0 0 0 0
1489656707.523367643 0.244851 -0.0831117 0 0 0 0 0
1489656707.551997900 0.283046 -0.0952246 0 0 0 0 0
1489656707.584447145 0.269634 -0.0903926 0 0 0 0 0
1489656707.620179176 0.257616 -0.0861251 0 0 0 0 0
1489656707.655509710 0.257294 -0.085811 0 0 0 0 0
1489656707.681212187 0.35991 -0.157558 0 0 0 0 0
1489656707.715784788 0.319838 -0.142027 0 0 0 0 0
1489656707.748569489 0.335855 -0.154046 0 0 0 0 0
1489656707.787002563 0.316943 -0.148182 0 0 0 0 0
1489656707.819092751 0.346917 -0.165873 0 0 0 0 0
1489656707.851051092 0.350429 -0.169332 0 0 0 0 0
1489656707.880353451 0.371208 -0.180979 0 0 0 0 0
1489656707.918277740 0.332337 -0.124113 0 0 0 0 0
1489656707.950466633 0.357146 -0.167966 0 0 0 0 0
1489656707.986483574 0.339123 -0.159897 0 0 0 0 0
1489656708.018462658 0.356998 -0.169999 0 0 0 0 0
1489656708.052281141 0.348409 -0.167382 0 0 0 0 0
1489656708.084207058 0.359114 -0.174881 0 0 0 0 0
1489656708.120185852 0.340114 -0.166286 0 0 0 0 0
1489656708.152189493 0.404163 -0.130375 0 0 0 0 0
1489656708.188158512 0.348599 -0.158105 0 0 0 0 0
1489656708.220180273 0.365874 -0.167793 0 0 0 0 0
1489656708.252199888 0.412355 -0.169876 0 0 0 0 0
1489656708.284206629 0.42198 -0.172759 0 0 0 0 0
1489656708.320164204 0.404604 -0.125346 0 0 0 0 0
1489656708.352205038 0.433063 -0.121955 0 0 0 0 0
1489656708.388224840 0.414103 -0.10952 0 0 0 0 0
1489656708.420180798 0.439265 -0.107085 0 0 0 0 0
1489656708.452384472 0.441661 -0.0563079 0 0 0 0 0
1489656708.484245300 0.447897 -0.0902262 0 0 0 0 0
1489656708.520187378 0.22046 -0.042676 0 0 0 0 0
1489656708.552215099 0.406816 -0.0330542 0 0 0 0 0
1489656708.588474274 0.383943 -0.0248503 0 0 0 0 0
1489656708.619982719 0.182252 -0.0187071 0 0 0 0 0
1489656708.658447266 0.336766 -0.0888682 0 0 0 0 0
1489656708.690139532 0.385264 -0.116909 0 0 0 0 0
1489656708.726210833 0.368683 -0.120825 0 0 0 0 0
1489656708.753540993 0.443157 -0.15843 0 0 0 0 0
1489656708.789361715 0.404417 -0.147511 0 0 0 0 0
1489656708.821503878 0.432082 -0.207547 0 0 0 0 0
1489656708.849070787 0.476361 -0.244503 0 0 0 0 0
1489656708.881104469 0.497925 -0.239519 0 0 0 0 0
1489656708.918261051 0.432212 -0.23066 0 0 0 0 0
1489656708.950321674 0.505381 -0.253586 0 0 0 0 0
1489656708.990282536 0.460159 -0.231167 0 0 0 0 0
1489656709.022373676 0.510704 -0.255882 0 0 0 0 0
1489656709.051573038 0.545271 -0.272837 0 0 0 0 0
1489656709.083541870 0.532744 -0.265837 0 0 0 0 0
1489656709.119582891 0.507055 -0.252841 0 0 0 0 0
1489656709.151569128 0.537034 -0.267539 0 0 0 0 0
1489656709.187557459 0.508998 -0.253439 0 0 0 0 0
1489656709.219551802 0.535277 -0.266377 0 0 0 0 0
1489656709.247162819 0.581789 -0.289416 0 0 0 0 0
1489656709.280049086 0.542506 -0.269827 0 0 0 0 0
1489656709.319151163 0.500233 -0.24877 0 0 0 0 0
1489656709.351259470 0.540966 -0.268984 0 0 0 0 0
1489656709.384002447 0.580726 -0.311033 0 0 0 0 0
1489656709.416863918 0.587464 -0.318746 0 0 0 0 0
1489656709.451529980 0.53805 -0.276166 0 0 0 0 0
1489656709.483522892 0.602374 -0.330249 0 0 0 0 0
1489656709.518124342 0.586249 -0.323782 0 0 0 0 0
1489656709.548551798 0.580554 -0.301884 0 0 0 0 0
1489656709.586991549 0.558788 -0.269791 0 0 0 0 0
1489656709.618950605 0.563468 -0.285265 0 0 0 0 0
1489656709.650981903 0.559141 -0.280723 0 0 0 0 0
1489656709.681231976 0.572724 -0.285888 0 0 0 0 0
1489656709.718159437 0.561261 -0.259985 0 0 0 0 0
1489656709.754746914 0.523232 -0.257001 0 0 0 0 0
1489656709.790766478 0.518848 -0.254697 0 0 0 0 0
1489656709.822889566 0.587237 -0.311693 0 0 0 0 0
1489656709.851571083 0.634305 -0.342981 0 0 0 0 0
1489656709.883555889 0.568654 -0.290693 0 0 0 0 0
1489656709.919555187 0.538463 -0.275233 0 0 0 0 0
1489656709.951543093 0.561418 -0.285543 0 0 0 0 0
1489656709.983352423 0.605013 -0.282391 0 0 0 0 0
1489656710.016660690 0.552203 -0.141368 0 0 0 0 0
1489656710.052807331 0.568833 -0.112948 0 0 0 0 0
1489656710.091577291 0.512587 -0.086311 0 0 0 0 0
1489656710.129050732 0.547814 -0.179414 0 0 0 0 0
1489656710.155338049 0.662253 -0.289488 0 0 0 0 0
1489656710.183540821 0.606951 -0.254486 0 0 0 0 0
1489656710.215497732 0.623025 -0.299434 0 0 0 0 0
1489656710.251878738 0.592006 -0.256445 0 0 0 0 0
1489656710.289237261 0.581007 -0.25344 0 0 0 0 0
1489656710.328102827 0.56232 -0.244587 0 0 0 0 0
1489656710.359129667 0.621502 -0.315888 0 0 0 0 0
1489656710.387348175 0.660879 -0.345114 0 0 0 0 0
1489656710.419398069 0.631635 -0.335863 0 0 0 0 0
1489656710.453430653 0.617979 -0.334462 0 0 0 0 0
1489656710.485411882 0.637145 -0.350295 0 0 0 0 0
1489656710.521417618 0.602023 -0.333365 0 0 0 0 0
1489656710.553515434 0.629828 -0.305997 0 -32.6252 0 0 0
1489656710.589467764 0.596997 -0.325493 0 -29.1274 0 0 0
1489656710.621457338 0.62749 -0.344519 0 -32.7356 0 0 0
1489656710.656636715 0.600532 -0.331103 0 -29.7674 0 0 0
1489656710.688628674 0.626954 -0.348404 0 0 0 0 0
1489656710.724729300 0.593008 -0.331941 0 0 0 0 0
1489656710.752995491 0.667987 -0.375717 0 0 0 0 0
1489656710.796084404 0.553997 -0.311946 0 0 0 0 0
1489656710.826355696 0.641455 -0.3624 0 0 0 0 0
1489656710.847478151 0.794832 -0.450091 0 0 0 0 0
1489656710.879207850 0.668174 -0.378525 0 0 0 0 0
1489656710.916790009 0.618411 -0.350543 0 0 0 0 0
1489656710.949197531 0.698219 -0.370331 0 0 0 0 0
1489656710.987889290 0.642801 -0.338033 0 0 0 0 0
1489656711.019892216 0.649966 -0.359731 0 0 0 0 0
1489656711.047131538 0.704789 -0.391737 0 0 0 0 0
1489656711.080797434 0.686839 -0.358201 0 0 0 0 0
1489656711.124025106 0.612177 -0.318456 0 0 0 0 0
1489656711.156876564 0.686291 -0.352459 0 0 0 0 0
1489656711.183465481 0.775146 -0.393441 0 0 0 0 0
