1489656886.015569210 3.85522 1.80359 0 40.4018 0 0 0
1489656886.050981283 0.771045 0.360718 0 0 0 0 0
1489656886.084563017 0.732493 0.342682 0 0 0 0 0
1489656886.122094631 0.647678 0.303003 0 0 0 0 0
1489656886.154200792 0.509275 0.238254 0 0 0 0 0
1489656886.190302849 0.310808 0.145406 0 0 0 0 0
1489656886.222845078 0.239945 0.112254 0 0 0 0 0
1489656886.258583307 0.177922 0.0832372 0 0 0 0 0
1489656886.287146568 0.128121 0.0599388 0 0 0 0 0
1489656886.325400114 0.0918473 0.042969 0 0 0 0 0
1489656886.357647181 0.067377 0.031521 0 0 0 0 0
1489656886.389556408 0.0489607 0.0229053 0 0 0 0 0
1489656886.425300121 0.0354895 0.0166031 0 0 0 0 0
1489656886.456872702 0.0257721 0.012057 0 0 0 0 0
1489656886.484334946 0.0187427 0.00876843 0 0 0 0 0
1489656886.520376682 0.0136113 0.0063678 0 0 0 0 0
1489656886.552439213 0.00988536 0.00462467 0 0 0 0 0
1489656886.584353685 0.00718165 0.0033598 0 0 0 0 0
1489656886.617509127 0.0052174 0.00244086 0 0 0 0 0
1489656886.653521299 0.00378983 0.001773 0 0 0 0 0
1489656886.685539722 0.00275301 0.00128794 0 0 0 0 0
1489656886.725484848 0.0019999 0.000935614 0 0 0 0 0
1489656886.757625103 0.00145278 0.000679657 0 0 0 0 0
1489656886.789586306 0.00105533 0.000493718 0 0 0 0 0
1489656886.821521044 0.000766625 0.000358651 0 0 0 0 0
1489656886.854566097 0.000556899 0.000260534 0 0 0 0 0
1489656886.888697863 0.000404546 0.000189259 0 0 0 0 0
1489656886.927773237 0.000293873 0.000137483 0 0 0 0 0
1489656886.959946394 0.000213478 9.98714e-05 0 0 0 0 0
1489656886.987819672 0.000155076 7.25493e-05 0 0 0 0 0
1489656887.022602320 0.000112652 5.27018e-05 0 0 0 0 0
1489656887.058563709 8.18332e-05 3.82841e-05 0 0 0 0 0
1489656887.093308926 0.0423529 0.0420734 0 0 0 0 0
1489656887.121073008 0.0614298 0.0610471 0 0 0 0 0
1489656887.153075457 0.0645709 0.064176 0 0 0 0 0
1489656887.186528206 0.0702955 0.0698716 0 0 0 0 0
1489656887.218524933 0.0779318 0.0774664 0 0 0 0 0
1489656887.253849983 0.0772585 0.0767995 0 0 0 0 0
1489656887.284127951 0.0859331 0.0854249 0 0 0 0 0
1489656887.325410366 0.0756795 0.0752327 0 0 0 0 0
1489656887.357997656 0.0847424 0.0842434 0 0 0 0 0
1489656887.389712572 0.0870912 0.0865791 0 0 0 0 0
1489656887.425585747 0.0829578 0.123194 0 0 0 0 0
1489656887.461463451 0.0828719 0.131249 0 0 0 0 0
1489656887.493476391 0.0878675 0.148867 0 0 0 0 0
1489656887.522034883 0.0941103 0.168417 0 0 0 0 0
1489656887.558693886 0.0845228 0.154999 0 0 0 0 0
1489656887.590651035 0.0899348 0.169139 0 0 0 0 0
1489656887.623996973 0.088538 0.168983 0 0 0 0 0
1489656887.658750772 0.0866386 0.167159 0 0 0 0 0
1489656887.690717697 0.0897973 0.174843 0 0 0 0 0
1489656887.726712465 0.085131 0.16657 0 0 0 0 0
1489656887.758603096 0.0896658 0.176324 0 0 0 0 0
1489656887.790634632 0.135768 0.222916 0 0 0 0 0
1489656887.822652102 0.1454 0.233314 0 0 0 0 0
1489656887.858605623 0.144412 0.227959 0 0 0 0 0
1489656887.890589237 0.160643 0.248725 0 0 0 0 0
1489656887.931227446 0.14744 0.226262 0 0 0 0 0
1489656887.963245869 0.167086 0.253902 0 0 0 0 0
1489656887.988140345 0.196876 0.297039 0 0 0 0 0
1489656888.015441656 0.194864 0.293085 0 0 0 0 0
1489656888.052282333 0.172361 0.258838 0 0 0 0 0
1489656888.084326506 0.183461 0.274898 0 0 0 0 0
1489656888.119938135 0.174405 0.261034 0 0 0 0 0
1489656888.153832197 0.176091 0.263284 0 0 0 0 0
1489656888.185699940 0.180568 0.26977 0 0 0 0 0
1489656888.217706442 0.180965 0.270225 0 0 0 0 0
1489656888.253708363 0.171242 0.255624 0 0 0 0 0
1489656888.285703421 0.180112 0.268779 0 0 0 0 0
1489656888.319506645 0.175778 0.262262 0 0 0 0 0
1489656888.350775003 0.182337 0.272006 0 0 0 0 0
1489656888.382781029 0.181234 0.270332 0 0 0 0 0
1489656888.416442633 0.177491 0.26473 0 0 0 0 0
1489656888.458019495 0.160394 0.23922 0 0 0 0 0
1489656888.490022421 0.0859426 0.265132 0 0 0 0 0
1489656888.522014380 0.159925 0.311556 0 0 0 0 0
1489656888.557981968 0.151503 0.301706 0 0 0 0 0
1489656888.590032339 0.162602 0.282292 0 0 0 0 0
1489656888.621976614 0.213541 0.329056 0 0 0 0 0
1489656888.654773235 0.224664 0.332078 0 0 0 0 0
1489656888.686806917 0.192546 0.295902 0 0 0 0 0
1489656888.718770266 0.239616 0.338832 0 0 0 0 0
1489656888.754779816 0.191566 0.32409 0 0 0 0 0
1489656888.782584190 0.263297 0.372003 0 0 0 0 0
1489656888.815510035 0.248875 0.349168 0 0 0 0 0
1489656888.852448940 0.19997 0.333179 0 0 0 0 0
1489656888.884463549 0.205035 0.354943 0 0 0 0 0
1489656888.916443586 0.246906 0.357207 0 0 0 0 0
1489656888.953697443 0.230914 0.332316 0 0 0 0 0
1489656888.987488747 0.244183 0.345128 0 0 0 0 0
1489656889.019435406 0.256411 0.355256 0 0 0 0 0
1489656889.055026531 0.247211 0.338098 0 0 0 0 0
1489656889.082780123 0.282712 0.435225 0 0 0 0 0
1489656889.114792824 0.269185 0.37308 0 0 0 0 0
1489656889.152819395 0.249717 0.345142 0 0 0 0 0
1489656889.187911987 0.256577 0.393565 0 0 0 0 0
1489656889.219845295 0.26788 0.418293 0 0 0 0 0
1489656889.250811338 0.272859 0.431747 0 0 0 0 0
1489656889.284317493 0.26447 0.423709 0 0 0 0 0
1489656889.318572283 0.262137 0.381602 0 0 0 0 0
1489656889.363371849 0.231182 0.367013 0 0 0 0 0
1489656889.394716024 0.266295 0.42764 0 0 0 0 0
1489656889.418527842 0.312512 0.506682 0 0 0 0 0
1489656889.452675104 0.267774 0.435173 0 0 0 0 0
1489656889.484756947 0.276034 0.451832 0 0 0 0 0
1489656889.514210701 0.289614 0.475689 0 0 0 0 0
1489656889.553566694 0.253746 0.417363 0 0 0 0 0
1489656889.585505486 0.273213 0.450468 0 0 0 0 0
1489656889.621541023 0.257805 0.425559 0 0 0 0 0
1489656889.657626867 0.254565 0.420621 0 0 0 0 0
1489656889.682717800 0.305293 0.446767 0 0 0 0 0
1489656889.718293190 0.262604 0.381784 0 0 0 0 0
1489656889.765571356 0.229907 0.330311 0 0 0 0 0
1489656889.794701099 0.279969 0.389641 0 0 0 0 0
1489656889.814726353 0.352151 0.4798 0 0 0 0 0
1489656889.855149984 0.257604 0.387223 0 0 0 0 0
1489656889.888175011 0.277325 0.426073 0 0 0 0 0
1489656889.922710657 0.27097 0.422264 0 0 0 0 0
1489656889.958866835 0.26109 0.372695 0 0 0 0 0
1489656889.990860462 0.271269 0.428156 0 0 0 0 0
1489656890.022704124 0.272822 0.434449 0 0 0 0 0
1489656890.055239677 0.27041 0.434002 0 0 0 0 0
1489656890.087422609 0.272169 0.440384 0 0 0 0 0
1489656890.119199276 0.274574 0.401924 0 0 0 0 0
1489656890.153126478 0.266362 0.426862 0 0 0 0 0
1489656890.188360691 0.260315 0.41871 0 0 0 0 0
1489656890.220710039 0.269361 0.435781 0 0 0 0 0
1489656890.256608009 0.25609 0.416222 0 0 0 0 0
1489656890.288612843 0.268716 0.440054 0 0 0 0 0
1489656890.320653677 0.269698 0.397336 0 0 0 0 0
1489656890.356755257 0.255438 0.37075 0 0 0 0 0
1489656890.388642311 0.269472 0.427639 0 0 0 0 0
1489656890.415546417 0.296475 0.474375 0 0 0 0 0
1489656890.452955961 0.256588 0.372167 0 0 0 0 0
1489656890.492982388 0.245647 0.352883 0 0 0 0 0
1489656890.520676374 0.289924 0.406225 0 0 0 0 0
1489656890.562489271 0.240748 0.334867 0 0 0 0 0
1489656890.593089819 0.273098 0.372766 0 0 0 0 0
1489656890.615459204 0.329083 0.444279 0 0 0 0 0
1489656890.650792837 0.27012 0.36395 0 0 0 0 0
1489656890.682745695 0.280702 0.376332 0 0 0 0 0
1489656890.715739727 0.232298 0.325757 0 0 0 0 0
1489656890.754038811 0.208769 0.294642 0 0 0 0 0
1489656890.786000490 0.210128 0.300745 0 0 0 0 0
1489656890.818001747 0.202446 0.29269 0 0 0 0 0
1489656890.854234457 0.185615 0.230041 0 0 0 0 0
1489656890.890729189 0.179473 0.214778 0 0 0 0 0
1489656890.923128128 0.1852 0.211949 0 0 0 0 0
1489656890.958696365 0.175274 0.153318 0 0 0 0 0
1489656890.990564585 0.182286 0.141277 0 0 0 0 0
1489656891.022612333 0.181949 0.128772 0 0 0 0 0
1489656891.058649302 0.131298 0.0728751 0 0 0 0 0
1489656891.090708494 0.126381 0.101253 0 0 0 0 0
1489656891.122674227 0.164222 0.0968244 0 0 0 0 0
1489656891.155221462 0.164328 0.0482789 0 0 0 0 0
1489656891.187192917 0.168627 0.0379485 0 0 0 0 0
1489656891.224139929 0.160662 0.0295766 0 0 0 0 0
1489656891.263268232 0.157182 0.0212767 0 0 0 0 0
1489656891.294719219 0.174062 0.0149006 0 0 0 0 0
1489656891.318639040 0.205756 0.0110267 0 0 0 0 0
1489656891.351415396 0.18068 0.00804694 0 0 0 0 0
1489656891.385348797 0.22218 -0.0372342 0 0 0 0 0
1489656891.419159412 0.231204 -0.0476 0 0 0 0 0
1489656891.461491108 0.212065 -0.0482595 0 0 0 0 0
1489656891.494171619 0.243242 -0.064815 0 0 0 0 0
1489656891.525542021 0.255218 -0.0733925 0 0 0 0 0
1489656891.561403513 0.243228 -0.0723436 0 0 0 0 0
1489656891.594245195 0.25609 -0.0788547 0 0 0 0 0
1489656891.620435476 0.293711 -0.148762 0 0 0 0 0
1489656891.651379824 0.324193 -0.146905 0 0 0 0 0
1489656891.683257580 0.331057 -0.154853 0 0 0 0 0
1489656891.717274427 0.329812 -0.157717 0 0 0 0 0
1489656891.754779339 0.319452 -0.154804 0 0 0 0 0
1489656891.786789656 0.346305 -0.168725 0 0 0 0 0
1489656891.818779945 0.350456 -0.171813 0 0 0 0 0
1489656891.854793787 0.333687 -0.164167 0 0 0 0 0
1489656891.886870146 0.353159 -0.174306 0 0 0 0 0
1489656891.918781519 0.357243 -0.176663 0 0 0 0 0
1489656891.950816631 0.358799 -0.177691 0 0 0 0 0
1489656891.984647036 0.394532 -0.217224 0 0 0 0 0
1489656892.016828775 0.368758 -0.232664 0 0 0 0 0
1489656892.056303501 0.335579 -0.216743 0 0 0 0 0
1489656892.088179588 0.410324 -0.246346 0 0 0 0 0
1489656892.120159864 0.372804 -0.252951 0 0 0 0 0
1489656892.156172752 0.392129 -0.283112 0 0 0 0 0
1489656892.188166618 0.42181 -0.312682 0 0 0 0 0
1489656892.220158577 0.384711 -0.279608 0 0 0 0 0
1489656892.254850149 0.367502 -0.270115 0 0 0 0 0
1489656892.282782078 0.403434 -0.350594 0 0 0 0 0
1489656892.316454411 0.369938 -0.284387 0 0 0 0 0
1489656892.351264715 0.359346 -0.276359 0 0 0 0 0
1489656892.387061596 0.350282 -0.268926 0 0 0 0 0
1489656892.427307129 0.327177 -0.250105 0 0 0 0 0
1489656892.464314461 0.331242 -0.250642 0 0 0 0 0
1489656892.495449066 0.357113 -0.26912 0 0 0 0 0
1489656892.527359247 0.355545 -0.26722 0 0 0 0 0
1489656892.563456297 0.336997 -0.252795 0 0 0 0 0
1489656892.596246004 0.352268 -0.263745 0 0 0 0 0
1489656892.622097492 0.401788 -0.300378 0 0 0 0 0
1489656892.657667398 0.308613 -0.26149 0 0 0 0 0
1489656892.689632177 0.311985 -0.273478 0 0 0 0 0
1489656892.721772671 0.303644 -0.273503 0 0 0 0 0
1489656892.757616520 0.281469 -0.259161 0 0 0 0 0
1489656892.791614771 0.278138 -0.262188 0 0 0 0 0
1489656892.825454473 0.274087 -0.261848 0 0 0 0 0
1489656892.861421824 0.262436 -0.25314 0 0 0 0 0
1489656892.888792992 0.296551 -0.289201 0 0 0 0 0
1489656892.920634508 0.278442 -0.272745 0 0 0 0 0
1489656892.957177639 0.260757 -0.256267 0 0 0 0 0
1489656892.989029169 0.275102 -0.271339 0 0 0 0 0
1489656893.021005392 0.274673 -0.271502 0 0 0 0 0
1489656893.057045937 0.258518 -0.255869 0 0 0 0 0
1489656893.088997364 0.271427 -0.269012 0 0 0 0 0
1489656893.121155024 0.271375 -0.314615 0 0 0 0 0
1489656893.157140493 0.257082 -0.264226 0 0 0 0 0
1489656893.189028502 0.27044 -0.322984 0 0 0 0 0
1489656893.221101522 0.270811 -0.331338 0 0 0 0 0
1489656893.257083416 0.256525 -0.319271 0 0 0 0 0
1489656893.288986683 0.270008 -0.342229 0 0 0 0 0
1489656893.321055174 0.270554 -0.34784 0 0 0 0 0
1489656893.357045650 0.256295 -0.33176 0 0 0 0 0
1489656893.389038324 0.269466 -0.351367 0 0 0 0 0
1489656893.414581537 0.132893 -0.171933 0 0 0 0 0
1489656893.452455521 0.106156 -0.13766 0 0 0 0 0
1489656893.489654064 0.0809265 -0.105046 0 0 0 0 0
1489656893.522012711 0.0588713 -0.0764198 0 0 0 0 0
1489656893.558014154 0.0411735 -0.0534035 0 0 0 0 0
1489656893.582812071 0.0304658 -0.0395313 0 0 0 0 0
1489656893.615534306 0.0222027 -0.0288111 0 0 0 0 0
1489656893.653715372 0.0160713 -0.0208533 0 0 0 0 0
1489656893.687599897 0.0116499 -0.0151156 0 0 0 0 0
1489656893.719439745 0.00848424 -0.0110088 0 0 0 0 0
1489656893.755518913 0.0061616 -0.00799498 0 0 0 0 0
1489656893.787657738 0.00447351 -0.00580454 0 0 0 0 0
1489656893.819457769 0.00324986 -0.00421682 0 0 0 0 0
1489656893.854041576 0.00236137 -0.00306398 0 0 0 0 0
1489656893.882809162 0.00171519 -0.00222552 0 0 0 0 0
1489656893.914812565 0.00124591 -0.00161661 0 0 0 0 0
1489656893.950877190 0.000905089 -0.00117439 0 0 0 0 0
1489656893.985479355 0.000657491 -0.000853121 0 0 0 0 0
1489656894.017596245 0.000477611 -0.00061972 0 0 0 0 0
1489656894.051603556 0.00034695 -0.000450182 0 0 0 0 0
1489656894.085484028 0.000252035 -0.000327026 0 0 0 0 0
1489656894.118018150 0.000183085 -0.00023756 0 0 0 0 0
1489656894.153757095 0.000132998 -0.00017257 0 0 0 0 0
1489656894.185803652 9.66134e-05 -0.00012536 0 0 0 0 0
1489656894.217759609 7.01827e-05 -9.10648e-05 0 0 0 0 0
1489656894.253762960 5.09826e-05 -6.61519e-05 0 0 0 0 0
1489656894.285732508 3.70352e-05 -4.80546e-05 0 0 0 0 0
1489656894.317739964 2.69034e-05 -3.49082e-05 0 0 0 0 0
1489656894.353718519 1.95433e-05 -0.203047 0 0 0 0 0
1489656894.385724783 1.41968e-05 -0.314485 0 0 0 0 0
1489656894.417729855 1.0313e-05 -0.321587 0 0 0 0 0
1489656894.453765631 7.49162e-06 -0.375036 0 0 0 0 0
1489656894.482791662 5.44212e-06 -0.466827 0 0 0 0 0
1489656894.516477585 3.9533e-06 -0.45771 0 0 0 0 0
1489656894.555469036 2.87179e-06 -0.43995 0 0 0 0 0
1489656894.587614298 2.08615e-06 -0.403866 0 0 0 0 0
1489656894.619453192 1.51543e-06 -0.215878 0 0 0 0 0
1489656894.653216362 1.10085e-06 -0.170636 0 0 0 0 0
1489656894.684234142 7.99689e-07 -0.128893 0 0 0 0 0
1489656894.726907015 5.80916e-07 -0.0931552 0 0 0 0 0
1489656894.750898123 4.21994e-07 -0.0658225 0 0 0 0 0
1489656894.783894539 3.06548e-07 -0.0485589 0 0 0 0 0
1489656894.820920706 2.22685e-07 -0.0353453 0 0 0 0 0
1489656894.860031843 1.61764e-07 -0.0255929 0 0 0 0 0
1489656894.891895771 1.1751e-07 -0.0185674 0 0 0 0 0
1489656894.924466848 8.53625e-08 -0.0135149 0 0 0 0 0
1489656894.960364103 6.20097e-08 -0.00981464 0 0 0 0 0
1489656894.992010117 4.50455e-08 -0.00712655 0 0 0 0 0
1489656895.019934416 3.27223e-08 -0.00517736 0 0 0 0 0
1489656895.050891638 2.37704e-08 -0.00376166 0 0 0 0 0
1489656895.084525347 1.72675e-08 -0.00273232 0 0 0 0 0
1489656895.119896173 1.25436e-08 -0.00198478 0 0 0 0 0
1489656895.156169891 9.11198e-09 -0.00144184 0 0 0 0 0
1489656895.188000202 6.61919e-09 -0.0010474 0 0 0 0 0
1489656895.214750528 4.80837e-09 -0.00076085 0 0 0 0 0
1489656895.254495621 3.49293e-09 -0.000552703 0 0 0 0 0
1489656895.295226097 2.53736e-09 -0.0004015 0 0 0 0 0
1489656895.326256037 1.84321e-09 -0.00029166 0 0 0 0 0
1489656895.354794025 1.33896e-09 -0.00021187 0 0 0 0 0
1489656895.382920504 9.72655e-10 -0.000153908 0 0 0 0 0
1489656895.418248177 7.06563e-10 -0.000111803 0 0 0 0 0
1489656895.463345528 5.13267e-10 -8.12169e-05 0 0 0 0 0
1489656895.494938374 3.72851e-10 -5.89982e-05 0 0 0 0 0
1489656895.518754005 2.70849e-10 -4.28579e-05 0 0 0 0 0
1489656895.555899858 1.96752e-10 -3.11331e-05 0 0 0 0 0
1489656895.588645458 1.42926e-10 -2.2616e-05 0 0 0 0 0
1489656895.620697975 1.03826e-10 -1.64289e-05 0 0 0 0 0
1489656895.656625271 7.54218e-11 -1.19344e-05 0 0 0 0 0
1489656895.688707113 5.47885e-11 -8.66946e-06 0 0 0 0 0
1489656895.720720291 3.97998e-11 -6.29773e-06 0 0 0 0 0
1489656895.756725311 2.89117e-11 -4.57485e-06 0 0 0 0 0
1489656895.788678646 2.10022e-11 -0.2286 0 0 0 0 0
1489656895.820799351 1.52566e-11 -0.273127 0 0 0 0 0
1489656895.856695414 -0.0409375 -0.292404 0 0 0 0 0
1489656895.889027596 -0.0536374 -0.303045 0 0 0 0 0
1489656895.921107054 -0.0626761 -0.32537 0 0 0 0 0
1489656895.951040506 -0.0737667 -0.348645 0 0 0 0 0
1489656895.982816219 -0.124057 -0.347359 0 0 0 0 0
1489656896.016478539 -0.0884799 -0.299652 0 0 0 0 0
1489656896.053746223 -0.125677 -0.319966 0 0 0 0 0
1489656896.085812330 -0.146156 -0.343343 0 0 0 0 0
1489656896.117747784 -0.155163 -0.346976 0 0 0 0 0
1489656896.153823614 -0.151415 -0.289361 0 0 0 0 0
1489656896.185725689 -0.166582 -0.29763 0 0 0 0 0
1489656896.217730761 -0.170682 -0.337376 0 0 0 0 0
1489656896.253779173 -0.163552 -0.279981 0 0 0 0 0
1489656896.285746813 -0.220446 -0.333629 0 0 0 0 0
1489656896.317746401 -0.231786 -0.339955 0 0 0 0 0
1489656896.353817225 -0.226531 -0.324904 0 0 0 0 0
1489656896.385740995 -0.248391 -0.346383 0 0 0 0 0
1489656896.417745590 -0.255604 -0.305627 0 0 0 0 0
1489656896.453741789 -0.245093 -0.284324 0 0 0 0 0
1489656896.485762835 -0.261199 -0.29046 0 0 0 0 0
1489656896.517746687 -0.264818 -0.28565 0 0 0 0 0
1489656896.558270216 -0.238221 -0.252564 0 0 0 0 0
1489656896.582826853 -0.305265 -0.315094 0 0 0 0 0
1489656896.616457701 -0.311108 -0.274308 0 0 0 0 0
1489656896.655410767 -0.295973 -0.254176 0 0 0 0 0
1489656896.687478304 -0.331598 -0.227232 0 0 0 0 0
1489656896.719480753 -0.340763 -0.263706 0 0 0 0 0
1489656896.755436897 -0.326521 -0.207218 0 0 0 0 0
1489656896.787446737 -0.348008 -0.207709 0 0 0 0 0
1489656896.819448948 -0.35291 -0.201656 0 0 0 0 0
1489656896.855495691 -0.335539 -0.186449 0 0 0 0 0
1489656896.887439728 -0.35518 -0.190135 0 0 0 0 0
1489656896.919489622 -0.357459 -0.187709 0 0 0 0 0
1489656896.955461979 -0.339371 -0.176012 0 0 0 0 0
1489656896.987469673 -0.403342 -0.182978 0 0 0 0 0
1489656897.014969349 -0.452263 -0.197522 0 0 0 0 0
1489656897.052489042 -0.398594 -0.171811 0 0 0 0 0
1489656897.087269068 -0.416117 -0.175096 0 0 0 0 0
1489656897.119486570 -0.436464 -0.180381 0 0 0 0 0
1489656897.157994270 -0.402988 -0.165273 0 0 0 0 0
1489656897.190074921 -0.482446 -0.177288 0 0 0 0 0
1489656897.218642473 -0.478586 -0.138179 0 0 0 0 0
1489656897.254577875 -0.475562 -0.120428 0 0 0 0 0
1489656897.287277937 -0.504926 -0.11548 0 0 0 0 0
1489656897.327505827 -0.463476 -0.100158 0 0 0 0 0
1489656897.363408327 -0.485501 -0.0969957 0 0 0 0 0
1489656897.386835575 -0.617248 -0.114351 0 0 0 0 0
1489656897.418832302 -0.543427 -0.0988666 0 0 0 0 0
1489656897.454820395 -0.517993 -0.0922269 0 0 0 0 0
1489656897.486806154 -0.546766 -0.140906 0 0 0 0 0
1489656897.518801451 -0.593757 -0.148938 0 0 0 0 0
1489656897.554850340 -0.565085 -0.14614 0 0 0 0 0
1489656897.586796284 -0.558653 -0.16173 0 0 0 0 0
1489656897.618835211 -0.558403 -0.167401 0 0 0 0 0
1489656897.654874563 -0.526323 -0.160872 0 0 0 0 0
1489656897.686828852 -0.549069 -0.1722 0 0 0 0 0
1489656897.718827248 -0.54808 -0.129052 0 0 0 0 0
1489656897.751700878 -0.540737 -0.120537 0 0 0 0 0
1489656897.783554554 -0.548379 -0.114591 0 0 0 0 0
1489656897.817753553 -0.530861 -0.105231 0 0 0 0 0
1489656897.855501652 -0.503481 -0.0954422 0 0 0 0 0
1489656897.887484550 -0.583824 -0.0980362 0 0 0 0 0
1489656897.919556618 -0.593522 -0.0957263 0 0 0 0 0
1489656897.955497503 -0.569374 -0.0893033 0 0 0 0 0
1489656897.987466335 -0.608225 -0.0924925 0 0 0 0 0
1489656898.019472837 -0.616981 -0.0920118 0 0 0 0 0
1489656898.057689190 -0.570408 -0.0842196 0 0 0 0 0
1489656898.089686871 -0.617395 -0.090016 0 0 0 0 0
1489656898.122117519 -0.618333 -0.0895084 0 0 0 0 0
1489656898.157860994 -0.591952 -0.085298 0 0 0 0 0
1489656898.190645218 -0.615163 -0.088259 0 0 0 0 0
1489656898.215325832 -0.721312 -0.10309 0 0 0 0 0
1489656898.251382351 -0.611936 -0.0873785 0 0 0 0 0
1489656898.286401987 -0.615432 -0.0877461 0 0 0 0 0
1489656898.320745945 -0.617279 -0.0879148 0 0 0 0 0
1489656898.359941959 -0.575467 -0.0819085 0 0 0 0 0
1489656898.391903162 -0.667645 -0.0884205 0 0 0 0 0
1489656898.424013615 -0.678459 -0.0886448 0 0 0 0 0
1489656898.459544659 -0.655114 -0.12581 0 0 0 0 0
1489656898.487872839 -0.743321 -0.154536 0 0 0 0 0
1489656898.519948959 -0.668849 -0.108609 0 0 0 0 0
1489656898.558715820 -0.610044 -0.0995992 0 0 0 0 0
1489656898.590675831 -0.651278 -0.103665 0 0 0 0 0
1489656898.622711182 -0.646911 -0.0542606 0 0 0 0 0
1489656898.658646345 -0.607772 -0.0417922 0 0 0 0 0
1489656898.690664768 -0.635488 -0.031844 0 0 0 0 0
1489656898.722705364 -0.636563 -0.0232469 0 0 0 0 0
1489656898.758818150 -0.600601 -0.0163182 0 0 0 0 0
1489656898.790621996 -0.632977 -0.0120247 0 0 0 0 0
1489656898.818592072 -0.679883 -0.00876957 0 0 0 0 0
1489656898.851475000 -0.322812 -0.00635179 0 0 0 0 0
1489656898.886889458 -0.259873 -0.00460417 0 0 0 0 0
1489656898.919173717 -0.200033 -0.0033518 0 0 0 0 0
1489656898.957544804 -0.145263 -0.00243464 0 0 0 0 0
1489656898.989515543 -0.101185 -0.0017677 0 0 0 0 0
1489656899.021550179 -0.442 -0.00128413 0 0 0 0 0
1489656899.057555199 -0.454615 -0.000933035 0 0 0 0 0
1489656899.090016127 -0.536762 -0.000677728 0 0 0 0 0
1489656899.121993780 -0.592435 -0.000492299 0 0 0 0 0
1489656899.158037424 -0.592722 -0.000357629 0 0 0 0 0
1489656899.190128088 -0.650153 -0.000259795 0 0 0 0 0
1489656899.215518713 -0.768024 -0.00018872 0 0 0 0 0
1489656899.253051758 -0.653238 -0.000137091 0 0 0 0 0
1489656899.285369873 -0.70426 -9.95871e-05 0 0 0 0 0
1489656899.321604252 -0.348148 -7.23428e-05 0 0 0 0 0
1489656899.361399651 -0.278994 -5.25517e-05 0 0 0 0 0
1489656899.393419027 -0.624154 -3.8175e-05 0 0 0 0 0
1489656899.420718908 -0.721159 -2.77314e-05 0 0 0 0 0
1489656899.456632614 -0.610501 -2.01448e-05 0 0 0 0 0
1489656899.488663197 -0.673662 -1.46338e-05 0 0 0 0 0
1489656899.520643950 -0.697226 -0.0456907 0 0 0 0 0
1489656899.556720495 -0.663464 -0.0496378 0 0 0 0 0
1489656899.588702440 -0.702749 -0.062462 0 0 0 0 0
1489656899.620731115 -0.756401 -0.0245079 0 0 0 0 0
1489656899.656743765 -0.725145 -0.0215192 0 0 0 0 0
1489656899.688754559 -0.775094 -0.0167081 0 0 0 0 0
1489656899.720799923 -0.787279 -0.0121434 0 0 0 0 0
1489656899.756698132 -0.75247 -0.00831221 0 0 0 0 0
1489656899.788775206 -0.794655 -0.00623072 0 0 0 0 0
1489656899.820706844 -0.803464 -0.00454272 0 0 0 0 0
1489656899.857161522 -0.757294 -0.00328154 0 0 0 0 0
1489656899.888754845 -0.807683 -0.0023764 0 0 0 0 0
1489656899.920763254 -0.808397 -0.00173332 0 0 0 0 0
1489656899.960158110 -0.73445 -0.00125841 0 0 0 0 0
1489656899.992008209 -0.802023 -0.000913398 0 0 0 0 0
1489656900.023857355 -0.807049 -0.000663594 0 0 0 0 0
1489656900.053588629 -0.840411 -0.000482236 0 0 0 0 0
1489656900.085638762 -0.818714 0.045231 0 0 0 0 0
1489656900.119337559 -0.803071 0.00886183 0 0 0 0 0
1489656900.161466599 -0.721742 0.043152 0 0 0 0 0
1489656900.192467213 -0.81532 0.061583 0 0 0 0 0
1489656900.214965582 -0.915093 0.0868701 0 0 0 0 0
1489656900.253461599 -0.723026 0.0693187 0 0 0 0 0
1489656900.290467978 -0.399488 0.0352102 0 0 0 0 0
1489656900.322891235 -0.320627 0.029206 0 0 0 0 0
1489656900.358879089 -0.242106 0.0223981 0 0 0 0 0
1489656900.387281895 -0.172615 0.067282 0 0 0 0 0
1489656900.419434786 -0.122876 0.0669328 0 0 0 0 0
1489656900.454890966 -0.0907095 0.027179 0 0 0 0 0
1489656900.482799292 -0.0659401 0.0233238 0 0 0 0 0
1489656900.515790939 -0.0477128 0.018799 0 0 0 0 0
1489656900.552847862 -0.0346483 0.0133229 0 0 0 0 0
1489656900.587663889 -0.0252161 0.00917576 0 0 0 0 0
1489656900.620031834 -0.0183088 0.00687968 0 0 0 0 0
1489656900.655931234 -0.0132946 0.00502454 0 0 0 0 0
1489656900.687982321 -0.00965927 0.00362058 0 0 0 0 0
1489656900.719969988 -0.00701773 0.00262455 0 0 0 0 0
1489656900.755980253 -0.00509734 0.00191444 0 0 0 0 0
1489656900.787939310 -0.371547 0.00138985 0 0 0 0 0
1489656900.819961071 -0.0762588 0.00100862 0 0 0 0 0
1489656900.855966806 -0.0718445 0.000732873 0 0 0 0 0
1489656900.887980700 -0.430432 0.0461654 0 0 0 0 0
1489656900.914993525 -0.558266 0.0635945 0 0 0 0 0
1489656900.952961206 -0.496846 0.0582445 0 0 0 0 0
1489656900.987674236 -0.568406 0.0679259 0 0 0 0 0
1489656901.022932291 -0.598983 0.0724236 0 0 0 0 0
1489656901.058770895 -0.61068 0.0744407 0 0 0 0 0
1489656901.090754271 -0.661231 0.0811329 0 0 0 0 0
1489656901.122781515 -0.679228 0.0836451 0 0 0 0 0
1489656901.159057379 -0.650119 0.0802357 0 0 0 0 0
1489656901.190681458 -0.700306 0.0866246 0 0 0 0 0
1489656901.223183632 -0.655049 0.0867287 0 0 0 0 0
1489656901.258888721 -0.623124 0.0834606 0 0 0 0 0
1489656901.290763855 -0.64813 0.0882071 0 0 0 0 0
1489656901.322683334 -0.645878 0.0889324 0 0 0 0 0
1489656901.353177309 -0.658788 0.0916074 0 0 0 0 0
1489656901.385142803 -0.646408 0.090357 0 0 0 0 0
1489656901.418657780 -0.58817 0.0887051 0 0 0 0 0
1489656901.456849098 -0.582108 0.0831537 0 0 0 0 0
1489656901.488754511 -0.578575 0.0893405 0 0 0 0 0
1489656901.520753384 -0.569709 0.0893838 0 0 0 0 0
1489656901.556895733 -0.532299 0.0844488 0 0 0 0 0
1489656901.588794708 -0.555282 0.0891863 0 0 0 0 0
1489656901.620818377 -0.552128 0.0895289 0 0 0 0 0
1489656901.656741619 -0.520872 0.0848646 0 0 0 0 0
1489656901.688766956 -0.544449 0.0891598 0 0 0 0 0
1489656901.720783710 -0.499486 0.0896026 0 0 0 0 0
1489656901.756907701 -0.464654 0.0846982 0 0 0 0 0
1489656901.788867235 -0.478242 0.0892497 0 0 0 0 0
1489656901.820798397 -0.472621 0.089724 0 0 0 0 0
1489656901.856719732 -0.442244 0.0849512 0 0 0 0 0
1489656901.888766527 -0.413818 0.0891947 0 0 0 0 0
1489656901.921063185 -0.402274 0.0440165 0 0 0 0 0
1489656901.956676483 -0.375433 0.0761846 0 0 0 0 0
1489656901.982778311 -0.424116 0.0909751 0 0 0 0 0
1489656902.016325235 -0.377273 0.0820316 0 0 0 0 0
1489656902.060332298 -0.296906 0.0398719 0 0 0 0 0
1489656902.093469620 -0.310192 0.0331859 0 0 0 0 0
1489656902.121108532 -0.32501 0.0782259 0 0 0 0 0
1489656902.156732798 -0.283835 0.0287118 0 0 0 0 0
1489656902.188711405 -0.28924 0.0227884 0 0 0 0 0
1489656902.220661879 -0.24042 0.0183464 0 0 0 0 0
1489656902.256695509 -0.217666 0.01387 0 0 0 0 0
1489656902.288687229 -0.214579 0.00924039 0 0 0 0 0
1489656902.320753098 -0.205725 0.00690264 0 0 0 0 0
1489656902.356719494 -0.188834 0.00507091 0 0 0 0 0
1489656902.388754606 -0.146838 0.00366712 0 0 0 0 0
1489656902.421042204 -0.134507 0.00264634 0 0 0 0 0
1489656902.456705332 -0.119302 0.00193156 0 0 0 0 0
1489656902.488715410 -0.114069 0.00140352 0 0 0 0 0
1489656902.520719051 -0.107418 0.00101843 0 0 0 0 0
1489656902.557121038 -0.0976181 0.000739687 0 0 0 0 0
1489656902.588702202 -0.0995391 0.000537631 0 0 0 0 0
1489656902.620707989 -0.0969093 0.000390498 0 0 0 0 0
1489656902.656706810 -0.0902661 0.000283634 0 0 0 0 0
1489656902.689099073 -0.0927901 0.000206049 0 0 0 0 0
1489656902.720713615 -0.0932474 0.000149686 0 0 0 0 0
1489656902.756687641 -0.0872889 0.000108733 0 0 0 0 0
1489656902.788719416 -0.0911134 7.89862e-05 0 0 0 0 0
1489656902.820750237 -0.0911578 5.73783e-05 0 0 0 0 0
1489656902.859946251 -0.0827808 4.16812e-05 0 0 0 0 0
1489656902.892598391 -0.0887102 3.02782e-05 0 0 0 0 0
1489656902.923927784 -0.0907353 2.1995e-05 0 0 0 0 0
1489656902.959893942 -0.0442896 1.59778e-05 0 0 0 0 0
1489656902.991887331 -0.0354783 1.16067e-05 0 0 0 0 0
1489656903.017600775 -0.0272481 8.43141e-06 0 0 0 0 0
1489656903.053548813 -0.0197371 6.12481e-06 0 0 0 0 0
1489656903.089224339 -0.0137969 4.44923e-06 0 0 0 0 0
1489656903.125510931 -0.0102187 3.23204e-06 0 0 0 0 0
1489656903.161470413 -0.00744939 2.34784e-06 0 0 0 0 0
1489656903.188704014 -0.00538923 1.70554e-06 0 0 0 0 0
1489656903.220826864 -0.00390697 1.23895e-06 0 0 0 0 0
1489656903.256697178 -0.00284565 9.00007e-07 0 0 0 0 0
1489656903.289139986 -0.00206657 6.5379e-07 0 0 0 0 0
1489656903.321091890 -0.00150032 4.74931e-07 0 0 0 0 0
1489656903.357068062 -0.00108996 3.45003e-07 0 0 0 0 0
1489656903.389043093 -0.00079198 2.5062e-07 0 0 0 0 0
1489656903.421240330 -0.000575251 1.82057e-07 0 0 0 0 0
1489656903.452247381 -0.000417859 1.32251e-07 0 0 0 0 0
1489656903.483064890 -0.000303556 9.60709e-08 0 0 0 0 0
1489656903.516874075 -0.000220514 6.97886e-08 0 0 0 0 0
1489656903.556206465 -0.000160185 5.06963e-08 0 0 0 0 0
1489656903.588197947 -0.000116363 3.68272e-08 0 0 0 0 0
1489656903.620304585 -8.45294e-05 2.67523e-08 0 0 0 0 0
1489656903.656187057 -6.14045e-05 1.94336e-08 0 0 0 0 0
1489656903.688203096 -4.46058e-05 1.41171e-08 0 0 0 0 0
1489656903.720196247 -3.24029e-05 1.0255e-08 0 0 0 0 0
1489656903.756239653 -2.35384e-05 7.44955e-09 0 0 0 0 0
1489656903.787836552 -1.70989e-05 5.41156e-09 0 0 0 0 0
1489656903.822726488 -1.24211e-05 3.9311e-09 0 0 0 0 0
1489656903.858812094 -9.02304e-06 2.85566e-09 0 0 0 0 0
1489656903.890723944 -6.55459e-06 2.07443e-09 0 0 0 0 0
1489656903.922694683 -4.76143e-06 1.50692e-09 0 0 0 0 0
1489656903.963341951 -3.45883e-06 1.09467e-09 0 0 0 0 0
1489656903.986636877 -2.51259e-06 7.95199e-10 0 0 0 0 0
1489656904.015498638 -1.82522e-06 5.77654e-10 0 0 0 0 0
1489656904.052362204 -1.32589e-06 4.19624e-10 0 0 0 0 0
1489656904.089238167 -9.63161e-07 3.04826e-10 0 0 0 0 0
1489656904.121573687 -6.99666e-07 2.21434e-10 0 0 0 0 0
1489656904.157569885 -5.08257e-07 1.60856e-10 0 0 0 0 0
1489656904.189597368 -3.69212e-07 1.1685e-10 0 0 0 0 0
1489656904.221598387 -2.68206e-07 8.48832e-11 0 0 0 0 0
1489656904.257574081 -1.94832e-07 6.16615e-11 0 0 0 0 0
1489656904.289633512 -1.41531e-07 4.47926e-11 0 0 0 0 0
1489656904.321606398 -1.02812e-07 3.25386e-11 0 0 0 0 0
1489656904.357936382 -7.46856e-08 2.36369e-11 0 0 0 0 0
1489656904.389574528 -5.42537e-08 1.71705e-11 0 0 0 0 0
1489656904.421578169 -3.94114e-08 1.24731e-11 0 0 0 0 0
1489656904.457573175 -2.86295e-08 9.06082e-12 0 0 0 0 0
1489656904.489598513 -2.07973e-08 6.58203e-12 0 0 0 0 0
1489656904.521678448 -1.51077e-08 4.78137e-12 0 0 0 0 0
1489656904.557648897 -1.09746e-08 3.47332e-12 0 0 0 0 0
1489656904.590676069 -7.97228e-09 2.52311e-12 0 0 0 0 0
1489656904.615723848 -5.79129e-09 1.83286e-12 0 0 0 0 0
1489656904.650776625 -4.20695e-09 1.33144e-12 0 0 0 0 0
1489656904.682852745 -3.05604e-09 9.67193e-13 0 0 0 0 0
1489656904.715065241 -2.21999e-09 7.02596e-13 0 0 0 0 0
1489656904.752469540 -1.61266e-09 5.10385e-13 0 0 0 0 0
1489656904.784451485 -1.17148e-09 3.70758e-13 0 0 0 0 0
1489656904.816970348 -8.50998e-10 2.69328e-13 0 0 0 0 0
1489656904.852396250 -6.18188e-10 1.95648e-13 0 0 0 0 0
1489656904.884492874 -4.49069e-10 1.42124e-13 0 0 0 0 0
1489656904.916507006 -3.26216e-10 1.03243e-13 0 0 0 0 0
1489656904.952405691 -2.36972e-10 7.49983e-14 0 0 0 0 0
1489656904.985503674 -1.72143e-10 5.44808e-14 0 0 0 0 0
1489656905.016594887 -1.2505e-10 3.95764e-14 0 0 0 0 0
1489656905.053666830 -9.08394e-11 2.87493e-14 0 0 0 0 0
1489656905.085833549 -6.59882e-11 2.08843e-14 0 0 0 0 0
1489656905.119498730 -4.79357e-11 1.51709e-14 0 0 0 0 0
1489656905.155329466 -3.48218e-11 1.10206e-14 0 0 0 0 0
1489656905.187394381 -2.52955e-11 8.00566e-15 0 0 0 0 0
1489656905.219342470 -1.83753e-11 5.81553e-15 0 0 0 0 0
1489656905.255223751 -1.33484e-11 4.22456e-15 0 0 0 0 0
