1489656786.667791605 0.00809246 0 0 0 0 0 0
1489656786.703767300 0.00587722 0 0 0 0 0 0
1489656786.737430573 0.00426977 0 0 0 0 0 0
1489656786.770227432 0.00310195 0 0 0 0 0 0
1489656786.806321621 0.0022532 0 0 0 0 0 0
1489656786.838264704 0.00163677 0 0 0 0 0 0
1489656786.870269299 0.00118902 0 0 0 0 0 0
1489656786.903237820 0.000863736 0 0 0 0 0 0
1489656786.931225777 0.000627437 0 0 0 0 0 0
1489656786.965237379 0.000455788 0 0 0 0 0 0
1489656787.006627321 0.000331098 0 0 0 0 0 0
1489656787.039270639 0.000240518 0 0 0 0 0 0
1489656787.064371347 0.000174719 0 0 0 0 0 0
1489656787.100409746 0.000126921 0 0 0 0 0 0
1489656787.135878801 9.21987e-05 0 0 0 0 0 0
1489656787.168558121 6.69756e-05 0 0 0 0 0 0
1489656787.204663515 4.86529e-05 0 0 0 0 0 0
1489656787.236500978 3.53428e-05 0 0 0 0 0 0
1489656787.268469572 2.5674e-05 0 0 0 0 0 0
1489656787.304522038 1.86503e-05 0 0 0 0 0 0
1489656787.336524487 1.35481e-05 0 0 0 0 0 0
1489656787.368472815 9.84171e-06 0 0 0 0 0 0
1489656787.400299788 7.14929e-06 0 0 0 0 0 0
1489656787.434849739 5.19344e-06 0 0 0 0 0 0
1489656787.470856190 3.77266e-06 0 0 0 0 0 0
1489656787.511985064 2.74056e-06 0 0 0 0 0 0
1489656787.540861130 1.99082e-06 0 0 0 0 0 0
1489656787.565399170 1.44619e-06 0 0 0 0 0 0
1489656787.602564812 1.05055e-06 0 0 0 0 0 0
1489656787.634705305 7.63147e-07 0 0 0 0 0 0
1489656787.664452791 5.54371e-07 0 0 0 0 0 0
1489656787.701288223 4.0271e-07 0 0 0 0 0 0
1489656787.736483574 2.9254e-07 0 0 0 0 0 0
1489656787.768511772 2.12509e-07 0 0 0 0 0 0
1489656787.804483414 1.54372e-07 0 0 0 0 0 0
1489656787.836470366 1.1214e-07 0 0 0 0 0 0
1489656787.868496656 8.14618e-08 0 0 0 0 0 0
1489656787.904628992 5.91761e-08 0 0 0 0 0 0
1489656787.936512709 4.29872e-08 0 0 0 0 0 0
1489656787.968460798 3.12271e-08 0 0 0 0 0 0
1489656788.004392385 2.26842e-08 0 0 0 0 0 0
1489656788.036490440 1.64784e-08 0 0 0 0 0 0
1489656788.068490744 1.19704e-08 0 0 0 0 0 0
1489656788.104462385 8.69561e-09 0 0 0 0 0 0
1489656788.131186962 6.31673e-09 0 0 0 0 0 0
1489656788.165979147 4.58865e-09 0 0 0 0 0 0
1489656788.209932804 3.33332e-09 0 0 0 0 0 0
1489656788.242152929 2.42141e-09 0 0 0 0 0 0
1489656788.272933960 1.75898e-09 0 0 0 0 0 0
1489656788.300979853 1.27777e-09 0 0 0 0 0 0
1489656788.333141327 9.28209e-10 0 0 0 0 0 0
1489656788.367576361 6.74277e-10 0 0 0 0 0 0
1489656788.406039953 4.89813e-10 0 0 0 0 0 0
1489656788.442157745 3.55814e-10 0 0 0 0 0 0
1489656788.464077950 0.0670384 0.0666456 0 0 0 0 0
1489656788.500108242 0.0541927 0.0538751 0 0 0 0 0
1489656788.535126686 0.0628578 0.0624894 0 0 0 0 0
1489656788.568153381 0.0718985 0.0714772 0 0 0 0 0
1489656788.606082916 0.0713223 0.0709044 0 0 0 0 0
1489656788.638191700 0.0798108 0.0793431 0 0 0 0 0
1489656788.670601368 0.0823345 0.081852 0 0 0 0 0
1489656788.706672907 0.120642 0.119935 0 0 0 0 0
1489656788.732049704 0.16384 0.16288 0 0 0 0 0
1489656788.763444901 0.156701 0.155783 0 0 0 0 0
1489656788.802287579 0.147761 0.146895 0 0 0 0 0
1489656788.838650227 0.156298 0.155382 0 0 0 0 0
1489656788.870651960 0.169124 0.168133 0 0 0 0 0
1489656788.906700134 0.16141 0.160464 0 0 0 0 0
1489656788.938670874 0.172596 0.217279 0 0 0 0 0
1489656788.970612049 0.175471 0.229318 0 0 0 0 0
1489656789.003340960 0.175379 0.236816 0 0 0 0 0
1489656789.037389755 0.173044 0.240229 0 0 0 0 0
1489656789.069299698 0.179195 0.254708 0 0 0 0 0
1489656789.105350733 0.16963 0.243692 0 0 0 0 0
1489656789.137401819 0.178576 0.259548 0 0 0 0 0
1489656789.169402122 0.179574 0.262902 0 0 0 0 0
1489656789.205386162 0.170299 0.250412 0 0 0 0 0
1489656789.237272024 0.179507 0.265105 0 0 0 0 0
1489656789.269318819 0.225896 0.266608 0 0 0 0 0
1489656789.305400133 0.220296 0.25274 0 0 0 0 0
1489656789.337318659 0.242526 0.266878 0 0 0 0 0
1489656789.369390965 0.250569 0.131203 0 0 0 0 0
1489656789.405664921 0.24135 0.225698 0 0 0 0 0
1489656789.437363148 0.2602 0.242406 0 0 0 0 0
1489656789.468142986 0.268652 0.29865 0 0 0 0 0
1489656789.500320911 0.266427 0.306822 0 -97.6319 0 0 0
1489656789.534704685 0.259885 0.26915 0 0 0 0 0
1489656789.570904493 0.253598 0.262907 0 0 0 0 0
1489656789.607395411 0.250588 0.258671 0 0 0 0 0
1489656789.639333963 0.265498 0.270648 0 0 0 0 0
1489656789.665779829 0.29574 0.2984 0 0 0 0 0
1489656789.703155041 0.254664 0.256551 0 0 0 0 0
1489656789.735210896 0.271898 0.272788 0 0 0 0 0
1489656789.762943506 0.294392 0.294445 0 0 0 0 0
1489656789.803148270 0.249567 0.249391 0 0 0 0 0
1489656789.837352514 0.262882 0.304994 0 0 0 0 0
1489656789.869266510 0.271182 0.324594 0 0 0 0 0
1489656789.908382177 0.246049 0.29972 0 0 0 0 0
1489656789.931229591 0.321607 0.407366 0 0 0 0 0
1489656789.963598251 0.277687 0.354671 0 0 0 0 0
1489656790.002581358 0.25503 0.32814 0 0 0 0 0
1489656790.036573172 0.266815 0.346461 0 0 0 0 0
1489656790.068558455 0.273295 0.357043 0 0 0 0 0
1489656790.104508162 0.297574 0.336473 0 0 0 0 0
1489656790.136989117 0.320909 0.351811 0 0 0 0 0
1489656790.168543100 0.335772 0.359052 0 0 0 0 0
1489656790.207335234 0.310238 0.326719 0 0 0 0 0
1489656790.239683867 0.34109 0.351849 0 0 0 0 0
1489656790.271328449 0.350126 0.357535 0 0 0 0 0
1489656790.303752422 0.350286 0.355132 0 0 0 0 0
1489656790.335790873 0.355664 0.358569 0 0 0 0 0
1489656790.367555618 0.36079 0.362292 0 0 0 0 0
1489656790.400087833 0.358724 0.359257 0 0 0 0 0
1489656790.435249090 0.346116 0.346001 0 0 0 0 0
1489656790.468692064 0.352655 0.395661 0 0 0 0 0
1489656790.503889799 0.343359 0.392598 0 0 0 0 0
1489656790.535892487 0.35779 0.373027 0 0 0 0 0
1489656790.567909956 0.405117 0.4185 0 0 0 0 0
1489656790.604014158 0.390168 0.401012 0 0 0 0 0
1489656790.635877609 0.422341 0.429151 0 0 0 0 0
1489656790.667812586 0.385455 0.389466 0 0 0 0 0
1489656790.705287695 0.356565 0.359223 0 0 0 0 0
1489656790.740901470 0.355922 0.357311 0 0 0 0 0
1489656790.774089813 0.361442 0.361822 0 0 0 0 0
1489656790.810065508 0.343993 0.343787 0 0 0 0 0
1489656790.831225395 0.523672 0.452884 0 0 0 0 0
1489656790.865663290 0.380957 0.365876 0 0 0 0 0
1489656790.909036160 0.342736 0.328305 0 0 0 0 0
1489656790.940717220 0.380794 0.367469 0 0 0 0 0
1489656790.964679718 0.437148 0.425833 0 0 0 0 0
1489656790.999674082 0.365839 0.358396 0 0 0 0 0
1489656791.031692266 0.377539 0.371223 0 0 0 0 0
1489656791.066591978 0.403669 0.398258 0 0 0 0 0
1489656791.107871294 0.3738 0.369418 0 0 0 0 0
1489656791.139292240 0.425196 0.421134 0 0 0 0 0
1489656791.171414852 0.429085 0.425418 0 0 0 0 0
1489656791.207900047 0.408542 0.405311 0 0 0 0 0
1489656791.239259720 0.394719 0.391798 0 0 0 0 0
1489656791.269939661 0.443881 0.44084 0 0 0 0 0
1489656791.300937176 0.39992 0.397256 0 0 0 0 0
1489656791.341042042 0.353031 0.350729 0 0 0 0 0
1489656791.374138355 0.372321 0.36997 0 0 0 0 0
1489656791.399351835 0.481016 0.478074 0 0 0 0 0
1489656791.433947563 0.419731 0.417182 0 0 0 0 0
1489656791.467889071 0.384162 0.381846 0 0 0 0 0
1489656791.506146669 0.360152 0.357994 0 0 0 0 0
1489656791.538263083 0.424455 0.376446 0 0 0 0 0
1489656791.570216179 0.428262 0.41663 0 0 0 0 0
1489656791.606230021 0.408562 0.356943 0 0 0 0 0
1489656791.638240337 0.43594 0.417617 0 0 0 0 0
1489656791.670282364 0.441829 0.425514 0 0 0 0 0
1489656791.706210136 0.420533 0.40758 0 0 0 0 0
1489656791.738195658 0.444116 0.433318 0 0 0 0 0
1489656791.770251036 0.447095 0.393528 0 0 0 0 0
1489656791.806235313 0.424367 0.408726 0 0 0 0 0
1489656791.838234186 0.446993 0.432757 0 0 0 0 0
1489656791.870244026 0.449507 0.391433 0 0 0 0 0
1489656791.906241417 0.425853 0.406664 0 0 0 0 0
1489656791.938246489 0.448087 0.386342 0 0 0 0 0
1489656791.970268726 0.450245 0.427154 0 0 0 0 0
1489656792.006384373 0.425766 0.405871 0 0 0 0 0
1489656792.038193703 0.449776 0.433846 0 0 0 0 0
1489656792.070690155 0.44735 0.434458 0 0 0 0 0
1489656792.106618404 0.426529 0.417219 0 0 0 0 0
1489656792.135476828 0.473279 0.465403 0 0 0 0 0
1489656792.167459726 0.45559 0.449187 0 0 0 0 0
1489656792.199236631 0.458351 0.452958 0 0 0 0 0
1489656792.231314898 0.457712 0.453077 0 0 0 0 0
1489656792.264621735 0.450118 0.446055 0 0 0 0 0
1489656792.305724859 0.406052 0.402637 0 0 0 0 0
1489656792.337304831 0.450079 0.446691 0 0 0 0 0
1489656792.372215509 0.429286 0.426225 0 0 0 0 0
1489656792.400626421 0.475095 0.420494 0 0 0 0 0
1489656792.431604862 0.461903 0.401466 0 0 0 0 0
1489656792.465435982 0.446258 0.381051 0 0 0 0 0
1489656792.504412889 0.416019 0.349714 0 0 0 0 0
1489656792.539529800 0.429317 0.354674 0 0 0 0 0
1489656792.571783543 0.44379 0.362744 0 0 0 0 0
1489656792.603909731 0.445777 0.361667 0 0 0 0 0
1489656792.640936375 0.417894 0.337518 0 0 0 0 0
1489656792.674016953 0.393977 0.352407 0 0 0 0 0
1489656792.710147858 0.370932 0.337146 0 0 0 0 0
1489656792.741244078 0.386387 0.360043 0 0 0 0 0
1489656792.766692638 0.424185 0.404319 0 0 0 0 0
1489656792.802777290 0.321758 0.30766 0 0 0 0 0
1489656792.836532593 0.315766 0.304877 0 0 0 0 0
1489656792.868545055 0.310866 0.302463 0 0 0 0 0
1489656792.904707670 0.28483 0.278399 0 0 0 0 0
1489656792.936554909 0.289687 0.238663 0 0 0 0 0
1489656792.968537569 0.285377 0.226337 0 0 0 0 0
1489656793.004556656 0.22615 0.205147 0 0 0 0 0
1489656793.036583662 0.223013 0.203995 0 0 0 0 0
1489656793.068544388 0.213503 0.197555 0 0 0 0 0
1489656793.106000662 0.152269 0.140944 0 0 0 0 0
1489656793.139467478 0.139997 0.132131 0 0 0 0 0
1489656793.171293497 0.129513 0.123425 0 0 0 0 0
1489656793.207348108 0.0728043 0.0684769 0 0 0 0 0
1489656793.239300251 0.055601 0.0524695 0 0 0 0 0
1489656793.267845392 0.0419921 0.0397145 0 0 0 0 0
1489656793.306149960 0.0304947 0.0288323 0 0 0 0 0
1489656793.338326216 -0.0240721 -0.0250081 0 0 0 0 0
1489656793.370596170 -0.0387985 -0.0393526 0 0 0 0 0
1489656793.406288624 -0.0473925 -0.0476826 0 0 0 0 0
1489656793.438282490 -0.0621113 -0.06216 0 0 0 0 0
1489656793.470385313 -0.0703893 -0.0702765 0 0 0 0 0
1489656793.506271839 -0.0710221 -0.0708236 0 0 0 0 0
1489656793.538452148 -0.124672 -0.0787032 0 0 0 0 0
1489656793.570324659 -0.137943 -0.0823351 0 0 0 0 0
1489656793.606283188 -0.138644 -0.120123 0 0 0 0 0
1489656793.638316631 -0.156186 -0.138996 0 0 0 0 0
1489656793.670749426 -0.16268 -0.148073 0 0 0 0 0
1489656793.706313610 -0.159364 -0.148748 0 0 0 0 0
1489656793.738294363 -0.170724 -0.163227 0 0 0 0 0
1489656793.770317316 -0.173904 -0.167954 0 0 0 0 0
1489656793.811994553 -0.154978 -0.150458 0 0 0 0 0
1489656793.844191074 -0.173405 -0.169793 0 0 0 0 0
1489656793.875539064 -0.177608 -0.174688 0 0 0 0 0
1489656793.903234243 -0.191845 -0.189348 0 0 0 0 0
1489656793.937330246 -0.176297 -0.174267 0 0 0 0 0
1489656793.969397068 -0.182119 -0.180329 0 0 0 0 0
1489656794.005320072 -0.213654 -0.171209 0 0 0 0 0
1489656794.037330627 -0.23499 -0.225098 0 0 0 0 0
1489656794.066776991 -0.255785 -0.246282 0 0 0 0 0
1489656794.102687359 -0.239641 -0.231203 0 0 0 0 0
1489656794.134692430 -0.258221 -0.251189 0 0 0 0 0
1489656794.166752100 -0.262427 -0.211937 0 0 0 0 0
1489656794.207147837 -0.237104 -0.187829 0 0 0 0 0
1489656794.239189625 -0.262175 -0.197222 0 0 0 0 0
1489656794.271333933 -0.264301 -0.192267 0 0 0 0 0
1489656794.307309628 -0.251559 -0.178631 0 0 0 0 0
1489656794.339315414 -0.311683 -0.230613 0 0 0 0 0
1489656794.371267557 -0.323571 -0.239168 0 0 0 0 0
1489656794.407320976 -0.312873 -0.231462 0 0 0 0 0
1489656794.435814619 -0.361148 -0.216702 0 0 0 0 0
1489656794.467823029 -0.35074 -0.250429 0 0 0 0 0
1489656794.503855228 -0.334917 -0.198783 0 0 0 0 0
1489656794.535829544 -0.355187 -0.247632 0 0 0 0 0
1489656794.563168049 -0.389414 -0.275533 0 0 0 0 0
1489656794.602146626 -0.33299 -0.237089 0 0 0 0 0
1489656794.635829926 -0.351782 -0.210192 0 0 0 0 0
1489656794.667862892 -0.360504 -0.208748 0 0 0 0 0
1489656794.703905582 -0.340722 -0.191828 0 0 0 0 0
1489656794.735845566 -0.35808 -0.194028 0 0 0 0 0
1489656794.767853737 -0.360004 -0.190246 0 0 0 0 0
1489656794.803856373 -0.341075 -0.177928 0 0 0 0 0
1489656794.835799456 -0.359074 -0.184585 0 0 0 0 0
1489656794.867894888 -0.360021 -0.183366 0 0 0 0 0
1489656794.906128645 -0.370146 -0.206294 0 0 0 0 0
1489656794.938247919 -0.40975 -0.232568 0 0 0 0 0
1489656794.970247030 -0.37512 -0.196331 0 0 0 0 0
1489656795.008361578 -0.345721 -0.180607 0 0 0 0 0
1489656795.042819262 -0.398126 -0.226332 0 0 0 0 0
1489656795.073085308 -0.383693 -0.200155 0 0 0 0 0
1489656795.102635622 -0.3887 -0.200732 0 0 0 0 0
1489656795.139391422 -0.352313 -0.181325 0 0 0 0 0
1489656795.171278000 -0.371383 -0.189337 0 0 0 0 0
1489656795.207282782 -0.389248 -0.216871 0 0 0 0 0
1489656795.239796162 -0.414207 -0.189807 0 0 0 0 0
1489656795.271786928 -0.425657 -0.23549 0 0 0 0 0
1489656795.307807446 -0.408737 -0.187837 0 0 0 0 0
1489656795.336155653 -0.413828 -0.205782 0 0 0 0 0
1489656795.368122339 -0.4372 -0.193772 0 0 0 0 0
1489656795.404116631 -0.4158 -0.22194 0 0 0 0 0
