1489656833.285650492 3.68823 0 0 20.3746 0 0 0
1489656833.321501493 0.737645 0 0 0 0 0 0
1489656833.354255676 0.700763 0 0 0 0 0 0
1489656833.391242981 0.619622 0 0 0 0 0 0
1489656833.423318624 0.487215 0 0 0 0 0 0
1489656833.455239534 0.297345 0 0 0 0 0 0
1489656833.487265587 0.229551 0 0 0 0 0 0
1489656833.526172876 0.170215 0 0 0 0 0 0
1489656833.558600187 0.122571 0 0 0 0 0 0
1489656833.597194433 0.0878687 0 0 0 0 0 0
1489656833.629783869 0.0644584 0 0 0 0 0 0
1489656833.661157608 0.0468398 0 0 0 0 0 0
1489656833.693160534 0.0339521 0 0 0 0 0 0
1489656833.720886230 0.0246557 0 0 0 0 0 0
1489656833.753313065 0.0179309 0 0 0 0 0 0
1489656833.792554140 0.0130217 0 0 0 0 0 0
1489656833.826274872 0.00945715 0 0 0 0 0 0
1489656833.861686468 0.00687056 0 0 0 0 0 0
1489656833.893210173 0.0049914 0 0 0 0 0 0
1489656833.929254293 0.00362567 0 0 0 0 0 0
1489656833.961322546 0.00263376 0 0 0 0 0 0
1489656833.997161865 0.00191327 0 0 0 0 0 0
1489656834.029241085 0.00138985 0 0 0 0 0 0
1489656834.061195612 0.00100962 0 0 0 0 0 0
1489656834.093230247 0.000733417 0 0 0 0 0 0
1489656834.129189491 0.000532775 0 0 0 0 0 0
1489656834.157645702 0.000387022 0 0 0 0 0 0
1489656834.189995527 0.000281143 0 0 0 0 0 0
1489656834.225401640 0.00020423 0 0 0 0 0 0
1489656834.260145903 0.000148359 0 0 0 0 0 0
1489656834.292160273 0.0460089 0 0 0 0 0 0
1489656834.328156471 0.0500821 -0.0405844 0 0 0 0 0
1489656834.360128164 0.0629052 -0.0538099 0 0 0 0 0
1489656834.396200895 0.0654387 -0.057348 0 0 0 0 0
1489656834.428166866 0.0758028 -0.0693008 0 0 0 0 0
1489656834.460142612 0.0797276 -0.0755598 0 0 0 0 0
1489656834.487355232 0.0910056 -0.0876164 0 0 0 0 0
1489656834.521537066 0.084003 -0.0813934 0 0 0 0 0
1489656834.555334091 0.0856944 -0.0836674 0 0 0 0 0
1489656834.592593193 0.0822662 -0.0806909 0 0 0 0 0
1489656834.629276752 0.0823167 -0.0810324 0 0 0 0 0
1489656834.661197662 0.133644 -0.132278 0 0 0 0 0
1489656834.689757109 0.154495 -0.153168 0 0 0 0 0
1489656834.725765705 0.14491 -0.143754 0 0 0 0 0
1489656834.757789135 0.161413 -0.160244 0 0 0 0 0
1489656834.789750576 0.168105 -0.166958 0 0 0 0 0
1489656834.832089663 0.149464 -0.148471 0 0 0 0 0
1489656834.863482237 0.172116 -0.171022 0 0 0 0 0
1489656834.888560295 0.198918 -0.19769 0 0 0 0 0
1489656834.921314240 0.178682 -0.17759 0 0 0 0 0
1489656834.956861019 0.172938 -0.171892 0 0 0 0 0
1489656834.997578144 0.162068 -0.161095 0 0 0 0 0
1489656835.034722567 0.165292 -0.164306 0 0 0 0 0
1489656835.060188532 0.199005 -0.197826 0 0 0 0 0
1489656835.092163086 0.181365 -0.180293 0 0 0 0 0
1489656835.128161907 0.172398 -0.171381 0 0 0 0 0
1489656835.160694838 0.180188 -0.179128 0 0 0 0 0
1489656835.192060471 0.183685 -0.182605 0 0 0 0 0
1489656835.228110552 0.171599 -0.17059 0 0 0 0 0
1489656835.260113001 0.180348 -0.179289 0 0 0 0 0
1489656835.292134285 0.18097 -0.179908 0 0 0 0 0
1489656835.328127384 0.212072 -0.17024 0 0 0 0 0
1489656835.360090017 0.234101 -0.178905 0 0 0 0 0
1489656835.392101288 0.243462 -0.179545 0 0 0 0 0
1489656835.428118229 0.236464 -0.169886 0 0 0 0 0
1489656835.460128069 0.255549 -0.178589 0 0 0 0 0
1489656835.492104769 0.260496 -0.179472 0 0 0 0 0
1489656835.528122187 0.24865 -0.16977 0 0 0 0 0
1489656835.560269594 0.263316 -0.178115 0 0 0 0 0
1489656835.592196226 0.266869 -0.17948 0 0 0 0 0
1489656835.625089407 0.264785 -0.17739 0 0 0 0 0
1489656835.657090425 0.269512 -0.180002 0 0 0 0 0
1489656835.685672760 0.287711 -0.191686 0 0 0 0 0
1489656835.733824968 0.229344 -0.152728 0 0 0 0 0
1489656835.766992569 0.262132 -0.174259 0 0 0 0 0
1489656835.785413742 0.368391 -0.244539 0 0 0 0 0
1489656835.821505308 0.272465 -0.180858 0 0 0 0 0
1489656835.855284452 0.277941 -0.184411 0 0 0 0 0
1489656835.890393734 0.146404 -0.0971778 0 0 0 0 0
1489656835.929182291 0.116638 -0.07741 0 0 0 0 0
1489656835.961179733 0.0867055 -0.0575427 0 0 0 0 0
1489656835.993166685 0.247136 -0.0420584 0 0 0 0 0
1489656836.025769711 0.261707 -0.119259 0 0 0 0 0
1489656836.055649519 0.103914 -0.0397854 0 0 0 0 0
1489656836.089140654 0.0890877 -0.032929 0 0 0 0 0
1489656836.125072479 0.235519 -0.0265825 0 0 0 0 0
1489656836.159181833 0.256271 -0.0201974 0 0 0 0 0
1489656836.191196918 0.100687 -0.013309 0 0 0 0 0
1489656836.227505445 0.0865843 -0.0099961 0 0 0 0 0
1489656836.259283543 0.254793 -0.00734443 0 0 0 0 0
1489656836.291271210 0.270586 -0.00530907 0 0 0 0 0
1489656836.327539444 0.268099 -0.00382854 0 0 0 0 0
1489656836.359493732 0.307966 -0.00279632 0 0 0 0 0
1489656836.391267538 0.280352 -0.00203167 0 0 0 0 0
1489656836.427325964 0.264864 -0.00147409 0 0 0 0 0
1489656836.459334135 0.322867 -0.00107063 0 0 0 0 0
1489656836.491261721 0.33184 -0.000778222 0 0 0 0 0
1489656836.527212381 0.318803 -0.000565231 0 0 0 0 0
1489656836.559397459 0.341697 -0.000410547 0 0 0 0 0
1489656836.591174603 0.350463 -0.000298248 0 0 0 0 0
1489656836.627300739 0.332527 -0.000216666 0 0 0 0 0
1489656836.659698963 0.350614 -0.000157387 0 0 0 0 0
1489656836.691247463 0.358449 -0.000114329 0 0 0 0 0
1489656836.727291107 0.338137 -8.30528e-05 0 0 0 0 0
1489656836.759691477 0.3545 -6.03319e-05 0 0 0 0 0
1489656836.791302443 0.360944 -4.38266e-05 0 0 0 0 0
1489656836.828090906 0.376822 -3.18368e-05 0 0 0 0 0
1489656836.859461546 0.416078 -2.31272e-05 0 0 0 0 0
1489656836.891277552 0.424495 -1.68002e-05 0 0 0 0 0
1489656836.927332401 0.406826 -1.22041e-05 0 0 0 0 0
1489656836.960236788 0.428786 -8.86542e-06 0 0 0 0 0
1489656836.991328955 0.446347 -6.44008e-06 0 0 0 0 0
1489656837.027290344 0.41981 -4.67825e-06 0 0 0 0 0
1489656837.059305668 0.443633 -3.39841e-06 0 0 0 0 0
1489656837.091289759 0.447495 -2.4687e-06 0 0 0 0 0
1489656837.127302170 0.424369 -1.79333e-06 0 0 0 0 0
1489656837.159762383 0.443705 -1.30273e-06 0 0 0 0 0
1489656837.191258430 0.45261 -9.46335e-07 0 0 0 0 0
1489656837.233912230 0.394148 -6.87444e-07 0 0 0 0 0
1489656837.265947580 0.441665 -4.99378e-07 0 0 0 0 0
1489656837.288850307 0.535714 -3.62762e-07 0 0 0 0 0
1489656837.323274851 0.448875 -2.6352e-07 0 0 0 0 0
1489656837.358476877 0.484474 -1.91428e-07 0 0 0 0 0
1489656837.390492916 0.515273 -1.39059e-07 0 0 0 0 0
1489656837.426470041 0.492471 -1.01016e-07 0 0 0 0 0
1489656837.458481789 0.476201 -7.33809e-08 0 0 0 0 0
1489656837.490489483 0.520326 -5.33059e-08 0 0 0 0 0
1489656837.526445389 0.495722 -3.87229e-08 0 0 0 0 0
1489656837.558462858 0.47892 -2.81294e-08 0 0 0 0 0
1489656837.590443611 0.475732 -2.04339e-08 0 0 0 0 0
1489656837.626455307 0.446603 -1.48438e-08 0 0 0 0 0
1489656837.658437490 0.463095 -1.07829e-08 0 0 0 0 0
1489656837.692475319 0.446991 -7.83301e-09 0 0 0 0 0
1489656837.729312420 0.426768 -5.69012e-09 0 0 0 0 0
1489656837.761262894 0.451007 -4.13346e-09 0 0 0 0 0
1489656837.787648439 0.500536 -3.00266e-09 0 0 0 0 0
1489656837.823664188 0.436792 -2.18121e-09 0 0 0 0 0
1489656837.855666161 0.458472 -1.58449e-09 0 0 0 0 0
1489656837.889092445 0.449629 -1.15102e-09 0 0 0 0 0
1489656837.929962158 0.407181 -8.36132e-10 0 0 0 0 0
1489656837.962383747 0.44319 -6.07389e-10 0 0 0 0 0
1489656837.988173485 0.502501 -4.41224e-10 0 0 0 0 0
1489656838.024091721 0.434739 -3.20517e-10 0 0 0 0 0
1489656838.054724693 0.466856 -2.32833e-10 0 0 0 0 0
1489656838.087646723 0.45417 -1.69136e-10 0 0 0 0 0
1489656838.131412983 0.397341 -1.22865e-10 0 0 0 0 0
1489656838.163457870 0.445303 -8.92525e-11 0 0 0 0 0
1489656838.186903477 0.530806 -6.48355e-11 0 0 0 0 0
1489656838.220874786 0.451684 -4.70983e-11 0 0 0 0 0
1489656838.254906178 0.450258 -3.42135e-11 0 0 0 0 0
1489656838.288083792 0.454609 -2.48536e-11 0 0 0 0 0
1489656838.327675819 0.415749 -1.80543e-11 0 0 0 0 0
1489656838.353379250 0.504807 -1.31152e-11 0 0 0 0 0
1489656838.389900923 0.432479 -9.52722e-12 0 0 0 0 0
1489656838.433251381 0.362114 -6.92084e-12 0 0 0 0 0
1489656838.465829134 0.388992 -5.02749e-12 0 0 0 0 0
1489656838.494008780 0.409193 -3.6521e-12 0 0 0 0 0
1489656838.523278952 0.398841 -2.65299e-12 0 0 0 0 0
1489656838.556580067 0.374662 -1.9272e-12 0 0 0 0 0
1489656838.588497877 0.379288 -1.39997e-12 0 0 0 0 0
1489656838.628750086 0.338429 -1.01698e-12 0 0 0 0 0
1489656838.661150694 0.363403 -7.38762e-13 0 0 0 0 0
1489656838.692940950 0.365006 -5.36657e-13 0 0 0 0 0
1489656838.725718498 0.359648 -3.89842e-13 0 0 0 0 0
1489656838.757702351 0.363722 -2.83192e-13 0 0 0 0 0
1489656838.789745569 0.364802 -2.05719e-13 0 0 0 0 0
1489656838.825728416 0.345089 -1.4944e-13 0 0 0 0 0
1489656838.860105038 0.34908 -1.08557e-13 0 0 0 0 0
1489656838.892148495 0.359684 -7.88588e-14 0 0 0 0 0
1489656838.931935787 0.213982 -5.72852e-14 0 0 0 0 0
1489656838.963458061 0.148911 -4.16135e-14 0 0 0 0 0
1489656838.988573790 0.115302 -3.02292e-14 0 0 0 0 0
1489656839.028796196 0.0847794 -2.19593e-14 0 0 0 0 0
1489656839.065754890 0.0598414 -1.59519e-14 0 0 0 0 0
1489656839.097850800 0.0436609 -1.15879e-14 0 0 0 0 0
1489656839.133449078 0.0319514 -8.41775e-15 0 0 0 0 0
1489656839.160284281 0.187443 0.163317 0 0 0 0 0
1489656839.189189434 0.202155 0.184285 0 0 0 0 0
1489656839.229950428 0.18208 0.168875 0 0 0 0 0
1489656839.262460709 0.222684 0.212558 0 0 0 0 0
1489656839.294419289 0.23938 0.231573 0 0 0 0 0
1489656839.330446959 0.231958 0.225947 0 0 0 0 0
1489656839.363207340 0.248239 0.243404 0 0 0 0 0
1489656839.395170927 0.257436 0.253472 0 0 0 0 0
1489656839.426865339 0.262981 0.259657 0 0 0 0 0
1489656839.456327677 0.277265 0.274344 0 0 0 0 0
1489656839.488310575 0.270895 0.314043 0 0 0 0 0
1489656839.524301291 0.257428 0.304962 0 0 0 0 0
1489656839.558021545 0.263732 0.321811 0 0 0 0 0
1489656839.590045691 0.269975 0.337701 0 0 0 0 0
1489656839.625988960 0.255494 0.324587 0 0 0 0 0
1489656839.658004761 0.268537 0.345522 0 0 0 0 0
1489656839.690093279 0.269601 0.304233 0 0 0 0 0
1489656839.726050377 0.255853 0.324533 0 0 0 0 0
1489656839.758039951 0.269049 0.343993 0 0 0 0 0
1489656839.790041685 0.270332 0.347779 0 0 0 0 0
1489656839.825978994 0.256161 0.331423 0 0 0 0 0
1489656839.857238770 0.272507 0.356012 0 0 0 0 0
1489656839.885375977 0.290089 0.380574 0 0 0 0 0
1489656839.924029827 0.252077 0.331224 0 0 0 0 0
1489656839.960583687 0.25459 0.335364 0 0 0 0 0
1489656839.992577791 0.269154 0.355259 0 0 0 0 0
1489656840.028759956 0.131732 0.173507 0 0 0 0 0
1489656840.060559273 0.104782 0.138088 0 0 0 0 0
1489656840.092652321 0.0803612 0.105938 0 0 0 0 0
1489656840.125323057 0.0584205 0.0770144 0 0 0 0 0
1489656840.157384872 0.0408031 0.0537777 0 0 0 0 0
1489656840.189358711 0.0301989 0.0398059 0 0 0 0 0
1489656840.225352287 0.0220204 0.0290262 0 0 0 0 0
1489656840.257402420 0.0159352 0.0210046 0 0 0 0 0
1489656840.289440870 0.0115501 0.0152243 0 0 0 0 0
1489656840.325348854 0.0084123 0.0110885 0 0 0 0 0
1489656840.357335567 0.00610952 0.00805311 0 0 0 0 0
1489656840.389339685 0.00443553 0.00584655 0 0 0 0 0
1489656840.425346613 0.00322227 0.00424734 0 0 0 0 0
1489656840.457352400 0.00234135 0.00308619 0 0 0 0 0
1489656840.489348412 0.00170064 0.00224165 0 0 0 0 0
1489656840.521153212 0.00123533 0.00162832 0 0 0 0 0
1489656840.556290627 0.000897411 0.0011829 0 0 0 0 0
1489656840.590052366 0.000651914 0.000859301 0 0 0 0 0
1489656840.625977039 0.00047356 0.000624209 0 0 0 0 0
1489656840.658014059 0.000344007 0.000453443 0 0 0 0 0
1489656840.689990997 0.000249897 0.000329395 0 0 0 0 0
1489656840.726003647 0.000181532 0.000239281 0 0 0 0 0
1489656840.758213520 0.00013187 0.00017382 0 0 0 0 0
1489656840.790020943 9.57938e-05 0.000126268 0 0 0 0 0
1489656840.825987339 6.95873e-05 9.17245e-05 0 0 0 0 0
1489656840.858019829 5.05501e-05 6.66312e-05 0 0 0 0 0
1489656840.889879227 3.6721e-05 4.84027e-05 0 0 0 0 0
1489656840.933785200 2.66751e-05 3.51611e-05 0 0 0 0 0
1489656840.967643499 1.93776e-05 2.5542e-05 0 0 0 0 0
1489656840.994421005 1.40764e-05 1.85544e-05 0 0 0 0 0
1489656841.023401737 1.02255e-05 1.34784e-05 0 0 0 0 0
1489656841.055392504 7.42807e-06 9.79109e-06 0 0 0 0 0
1489656841.088832140 5.39595e-06 7.11251e-06 0 0 0 0 0
1489656841.126817226 3.91977e-06 5.16673e-06 0 0 0 0 0
1489656841.158793688 2.84743e-06 3.75325e-06 0 0 0 0 0
1489656841.190742731 2.06845e-06 0.22863 0 0 0 0 0
1489656841.221370459 1.50258e-06 0.284218 0 0 0 0 0
1489656841.254105806 1.09151e-06 0.314274 0 0 0 0 0
1489656841.288277388 7.92906e-07 0.342108 0 0 0 0 0
1489656841.325999498 5.75988e-07 0.349054 0 0 0 0 0
1489656841.358001709 4.18414e-07 0.395013 0 0 0 0 0
1489656841.385223866 3.03947e-07 0.449611 0 0 0 0 0
1489656841.423994780 2.20796e-07 0.389585 0 0 0 0 0
1489656841.457997561 1.60392e-07 0.417131 0 0 0 0 0
1489656841.489997387 1.16513e-07 0.343534 0 0 0 0 0
1489656841.526024342 8.46384e-08 0.192716 0 0 0 0 0
1489656841.557991028 6.14836e-08 0.151266 0 0 0 0 0
1489656841.590029955 4.46634e-08 0.11437 0 0 0 0 0
1489656841.626000166 3.24447e-08 0.0820122 0 0 0 0 0
1489656841.658108711 2.35687e-08 0.0583203 0 0 0 0 0
1489656841.689978361 1.7121e-08 0.0429662 0 0 0 0 0
1489656841.725997210 1.24372e-08 0.031261 0 0 0 0 0
1489656841.758014202 9.03469e-09 0.0226298 0 0 0 0 0
1489656841.790007830 6.56305e-09 0.0164278 0 0 0 0 0
1489656841.826116085 4.76758e-09 0.0119544 0 0 0 0 0
1489656841.857762098 3.4633e-09 0.00868108 0 0 0 0 0
1489656841.891547203 2.51584e-09 0.00630365 0 0 0 0 0
1489656841.933648825 1.82757e-09 0.00457972 0 0 0 0 0
1489656841.965991735 1.3276e-09 0.00332732 0 0 0 0 0
1489656841.989359140 9.64404e-10 0.00241684 0 0 0 0 0
1489656842.025347471 7.0057e-10 0.00175562 0 0 0 0 0
1489656842.057437658 5.08913e-10 0.00127537 0 0 0 0 0
1489656842.094576120 3.69688e-10 0.000926467 0 0 0 0 0
1489656842.120907307 2.68552e-10 0.000673003 0 0 0 0 0
1489656842.154871225 1.95083e-10 0.000488889 0 0 0 0 0
1489656842.187755585 1.41714e-10 0.000355143 0 0 0 0 0
1489656842.230022669 1.02945e-10 0.000257986 0 0 0 0 0
1489656842.262559652 7.4782e-11 0.000187408 0 0 0 0 0
1489656842.285360813 5.43237e-11 0.000136138 0 0 0 0 0
1489656842.322686195 3.94622e-11 9.88945e-05 0 0 0 0 0
1489656842.357811213 2.86664e-11 7.18397e-05 0 0 0 0 0
1489656842.389939070 2.08241e-11 5.21863e-05 0 0 0 0 0
1489656842.421326876 1.51272e-11 3.79096e-05 0 0 0 0 0
1489656842.456093073 1.09888e-11 2.75385e-05 0 0 0 0 0
1489656842.489887238 7.98257e-12 2.00048e-05 0 0 0 0 0
1489656842.531511307 5.79876e-12 1.4532e-05 0 0 0 0 0
1489656842.563640833 4.21238e-12 1.05564e-05 0 0 0 0 0
1489656842.588660955 3.05999e-12 7.66849e-06 0 0 0 0 0
1489656842.622987509 2.22286e-12 5.5706e-06 0 0 0 0 0
1489656842.656188250 1.61475e-12 4.04664e-06 0 0 0 0 0
1489656842.688172102 1.173e-12 2.93959e-06 0 0 0 0 0
1489656842.725926876 8.52096e-13 2.1354e-06 0 0 0 0 0
1489656842.757998466 6.18986e-13 1.55121e-06 0 0 0 0 0
1489656842.791559696 -0.131357 1.12684e-06 0 0 0 0 0
1489656842.828582287 -0.145347 0.157838 0 0 0 0 0
1489656842.860062122 -0.188814 0.031568 0 0 0 0 0
1489656842.892168283 -0.16424 0.211996 0 0 0 0 0
1489656842.928599119 -0.162946 0.183219 0 0 0 0 0
1489656842.960225821 -0.222765 0.264258 0 0 0 0 0
1489656842.992136240 -0.233012 0.286236 0 0 0 0 0
1489656843.028179169 -0.226836 0.287935 0 0 0 0 0
1489656843.060173988 -0.24853 0.318749 0 0 0 0 0
1489656843.092210531 -0.255779 0.285578 0 0 0 0 0
1489656843.128134966 -0.245485 0.27003 0 0 0 0 0
1489656843.160355091 -0.260483 0.279137 0 0 0 0 0
1489656843.192135572 -0.311879 0.278731 0 0 0 0 0
1489656843.228143692 -0.302026 0.260611 0 0 0 0 0
1489656843.260318756 -0.328197 0.27156 0 0 0 0 0
1489656843.292136431 -0.339895 0.272976 0 0 0 0 0
1489656843.328171730 -0.326123 0.256948 0 0 0 0 0
1489656843.357114315 -0.367221 0.283948 0 0 0 0 0
1489656843.389188766 -0.356022 0.272848 0 0 0 0 0
1489656843.425133944 -0.339421 0.217789 0 0 0 0 0
1489656843.457251310 -0.357331 0.216699 0 0 0 0 0
1489656843.489135742 -0.406784 0.254945 0 0 0 0 0
1489656843.525105000 -0.390971 0.24076 0 0 0 0 0
1489656843.557280540 -0.420272 0.255164 0 0 0 0 0
1489656843.589139223 -0.431872 0.261041 0 0 0 0 0
1489656843.625127077 -0.413017 0.249087 0 0 0 0 0
1489656843.657159328 -0.438337 0.263348 0 0 0 0 0
1489656843.689186811 -0.443233 0.265735 0 0 0 0 0
1489656843.725188732 -0.421378 0.252344 0 0 0 0 0
1489656843.757174015 -0.444959 0.266139 0 0 0 0 0
1489656843.789194822 -0.447898 0.267689 0 0 0 0 0
1489656843.825144768 -0.425004 0.25389 0 0 0 0 0
1489656843.857183218 -0.447083 0.266956 0 0 0 0 0
1489656843.889069796 -0.45063 0.223181 0 0 0 0 0
1489656843.925108433 -0.466737 0.204526 0 0 0 0 0
1489656843.957131147 -0.226901 0.113772 0 0 0 0 0
1489656843.989256144 -0.182808 0.0890993 0 0 0 0 0
1489656844.025122166 -0.139802 0.0664974 0 0 0 0 0
1489656844.057130337 -0.101408 0.0482679 0 0 0 0 0
1489656844.089244843 -0.0708778 0.0342267 0 0 0 0 0
1489656844.125141382 -0.0525074 0.0251902 0 0 0 0 0
1489656844.157159090 -0.0382641 0.0183237 0 0 0 0 0
1489656844.189320564 -0.0276871 0.0132794 0 0 0 0 0
1489656844.225233316 -0.0200717 0.00963479 0 0 0 0 0
1489656844.258296251 -0.0146192 0.00701074 0 0 0 0 0
1489656844.294584513 -0.0106165 0.00509149 0 0 0 0 0
1489656844.330837011 -0.0077077 0.00369736 0 0 0 0 0
1489656844.358493090 -0.00559952 0.00268601 0 0 0 0 0
1489656844.388202906 -0.3503 0.00195149 0 0 0 0 0
1489656844.424157143 -0.3583 0.00141751 0 0 0 0 0
1489656844.456097126 -0.447207 0.00102969 0 0 0 0 0
1489656844.488122463 -0.499694 0.000748015 0 0 0 0 0
1489656844.525842667 -0.220365 0.000543383 0 0 0 0 0
1489656844.557870626 -0.181663 0.000394724 0 0 0 0 0
1489656844.589830637 -0.417592 0.000286738 0 0 0 0 0
1489656844.625805140 -0.402879 0.000208295 0 0 0 0 0
1489656844.655968904 -0.464703 0.000151311 0 0 0 0 0
1489656844.686103106 -0.496805 0.000109917 0 0 0 0 0
1489656844.728117943 -0.440088 7.98464e-05 0 0 0 0 0
1489656844.760628700 -0.500354 5.80027e-05 0 0 0 0 0
1489656844.792225599 -0.518045 4.21347e-05 0 0 0 0 0
1489656844.825125456 -0.515505 3.06078e-05 0 0 0 0 0
1489656844.857111216 -0.528501 2.22344e-05 0 0 0 0 0
1489656844.889135838 -0.259848 1.61516e-05 0 0 0 0 0
1489656844.925199747 -0.493926 1.1733e-05 0 0 0 0 0
1489656844.952965260 -0.533939 8.52317e-06 0 0 0 0 0
1489656844.985801697 -0.501799 6.19147e-06 0 0 0 0 0
1489656845.034651279 -0.45341 4.49765e-06 0 0 0 0 0
1489656845.066013336 -0.572033 3.26722e-06 0 0 0 0 0
1489656845.097850323 -0.536236 2.3734e-06 0 0 0 0 0
1489656845.125219107 -0.585637 1.7241e-06 0 0 0 0 0
1489656845.157353401 -0.551816 1.25243e-06 0 0 0 0 0
1489656845.189251184 -0.556847 9.09803e-07 0 0 0 0 0
1489656845.225124359 -0.525299 6.60906e-07 0 0 0 0 0
1489656845.259828806 -0.569452 4.801e-07 0 0 0 0 0
1489656845.291278839 -0.556309 3.48758e-07 0 0 0 0 0
1489656845.327226400 -0.522325 2.53347e-07 0 0 0 0 0
1489656845.359210730 -0.546787 1.84038e-07 0 0 0 0 0
1489656845.391596079 -0.544062 1.33691e-07 0 0 0 0 0
1489656845.427238464 -0.518252 9.71165e-08 0 0 0 0 0
1489656845.459153175 -0.542321 7.05481e-08 0 0 0 0 0
1489656845.491222858 -0.542879 5.12481e-08 0 0 0 0 0
1489656845.527197838 -0.514039 3.7228e-08 0 0 0 0 0
1489656845.562397480 -0.514869 2.70434e-08 0 0 0 0 0
1489656845.594442129 -0.53663 1.96451e-08 0 0 0 0 0
1489656845.630427599 -0.508119 1.42707e-08 0 0 0 0 0
1489656845.662401199 -0.535065 1.03667e-08 0 0 0 0 0
1489656845.695104361 -0.532243 7.53063e-09 0 0 0 0 0
1489656845.731266975 -0.467531 5.47045e-09 0 0 0 0 0
1489656845.762882233 -0.484658 3.97389e-09 0 0 0 0 0
1489656845.790786028 -0.510353 2.88674e-09 0 0 0 0 0
1489656845.825035572 -0.462662 2.09701e-09 0 0 0 0 0
1489656845.856302738 -0.240928 1.52332e-09 0 0 0 0 0
1489656845.888303280 -0.192853 1.10658e-09 0 0 0 0 0
1489656845.924305916 -0.146494 8.03853e-10 0 0 0 0 0
1489656845.956307173 -0.105453 5.83941e-10 0 0 0 0 0
1489656845.988375425 -0.0743963 4.24191e-10 0 0 0 0 0
1489656846.022499084 -0.0549892 3.08144e-10 0 0 0 0 0
1489656846.059634924 -0.0400272 2.23844e-10 0 0 0 0 0
1489656846.091695786 -0.0289661 1.62607e-10 0 0 0 0 0
1489656846.127656221 -0.021016 1.18122e-10 0 0 0 0 0
1489656846.159645081 -0.0153003 8.5807e-11 0 0 0 0 0
1489656846.191367626 -0.0111104 6.23326e-11 0 0 0 0 0
1489656846.227318764 -0.00806704 4.52801e-11 0 0 0 0 0
1489656846.259276152 -0.00586081 3.28927e-11 0 0 0 0 0
1489656846.291254759 -0.00425828 2.38942e-11 0 0 0 0 0
1489656846.327410936 -0.003093 1.73574e-11 0 0 0 0 0
1489656846.359292984 -0.186613 -0.183286 0 0 0 0 0
1489656846.391242981 -0.22248 -0.219554 0 0 0 0 0
1489656846.433485270 -0.212159 -0.209737 0 0 0 0 0
1489656846.465840816 -0.276288 -0.273813 0 0 0 0 0
1489656846.496153116 -0.264096 -0.310121 0 0 0 0 0
1489656846.523215055 -0.289506 -0.35098 0 0 0 0 0
1489656846.555282593 -0.273227 -0.336808 0 0 0 0 0
1489656846.587280273 -0.276071 -0.392991 0 0 0 0 0
1489656846.623845577 -0.258918 -0.379487 0 0 0 0 0
1489656846.655296087 -0.275164 -0.418327 0 0 0 0 0
1489656846.688598156 -0.267518 -0.416066 0 0 0 0 0
1489656846.733844995 -0.231906 -0.364996 0 0 0 0 0
1489656846.753293276 -0.353649 -0.571798 0 0 0 0 0
1489656846.785408974 -0.283294 -0.459073 0 0 0 0 0
1489656846.825422049 -0.256449 -0.417438 0 0 0 0 0
1489656846.858041763 -0.275892 -0.451705 0 0 0 0 0
1489656846.889756441 -0.278662 -0.503834 0 0 0 0 0
1489656846.921105146 -0.277553 -0.512827 0 0 0 0 0
1489656846.956410885 -0.262588 -0.492451 0 0 0 0 0
1489656846.989679575 -0.268323 -0.511853 0 0 0 0 0
1489656847.031460524 -0.240255 -0.49747 0 0 0 0 0
1489656847.063908577 -0.219011 -0.521292 0 0 0 0 0
1489656847.085331202 -0.256993 -0.663848 0 0 0 0 0
1489656847.123842955 -0.198006 -0.513904 0 0 0 0 0
1489656847.160124540 -0.193069 -0.520952 0 0 0 0 0
1489656847.192153215 -0.196726 -0.547396 0 0 0 0 0
1489656847.228146553 -0.18261 -0.515731 0 0 0 0 0
1489656847.260146379 -0.187082 -0.582616 0 0 0 0 0
1489656847.292481422 -0.13958 -0.590927 0 0 0 0 0
1489656847.325163364 -0.129039 -0.552721 0 0 0 0 0
1489656847.359215736 -0.117737 -0.583539 0 0 0 0 0
1489656847.391204596 -0.112153 -0.607519 0 0 0 0 0
1489656847.427249670 -0.100742 -0.577559 0 0 0 0 0
1489656847.459209919 -0.101176 -0.612596 0 0 0 0 0
1489656847.491239071 -0.0983287 -0.618359 0 0 0 0 0
1489656847.527136087 -0.0914605 -0.547872 0 0 0 0 0
1489656847.559233665 -0.0939783 -0.611063 0 0 0 0 0
1489656847.591265202 -0.0932829 -0.570505 0 0 0 0 0
1489656847.627122402 -0.0468158 -0.535916 0 0 0 0 0
1489656847.659184456 -0.0373264 -0.554645 0 0 0 0 0
1489656847.691261768 -0.0285149 -0.552176 0 0 0 0 0
1489656847.727226973 -0.0206477 -0.519465 0 0 0 0 0
1489656847.756628990 -0.0144802 -0.567099 0 0 0 0 0
1489656847.788606882 -0.010711 -0.548395 0 0 0 0 0
1489656847.821137667 -0.00780474 -0.543746 0 0 0 0 0
1489656847.854318142 0.03864 -0.537862 0 0 0 0 0
1489656847.887371778 0.0492201 -0.537513 0 0 0 0 0
1489656847.924591064 0.0538061 -0.505481 0 0 0 0 0
1489656847.956589699 0.0675417 -0.536624 0 0 0 0 0
1489656847.988604784 0.120233 -0.537578 0 0 0 0 0
1489656848.024610281 0.0828326 -0.468303 0 0 0 0 0
1489656848.058437586 0.0874871 -0.469166 0 0 0 0 0
1489656848.090442657 0.137152 -0.51854 0 0 0 0 0
1489656848.126435757 0.136503 -0.49132 0 0 0 0 0
1489656848.158468962 0.152512 -0.520009 0 0 0 0 0
1489656848.190450668 0.160963 -0.527084 0 0 0 0 0
1489656848.226439476 0.157241 -0.502034 0 0 0 0 0
1489656848.258445501 0.169495 -0.5299 0 0 0 0 0
1489656848.290502071 0.172889 -0.533427 0 0 0 0 0
1489656848.326434851 0.206461 -0.54732 0 0 0 0 0
1489656848.358443499 0.229765 -0.541412 0 0 0 0 0
1489656848.390450239 0.240422 -0.544076 0 0 0 0 0
1489656848.426551580 0.233954 -0.514228 0 0 0 0 0
1489656848.458431959 0.254436 -0.540908 0 0 0 0 0
1489656848.490444183 0.259223 -0.540605 0 0 0 0 0
1489656848.526422024 0.24796 -0.511514 0 0 0 0 0
1489656848.558432579 0.309243 -0.582659 0 0 0 0 0
1489656848.590468168 0.32117 -0.593578 0 0 0 0 0
1489656848.626431704 0.31182 -0.568645 0 0 0 0 0
1489656848.658446074 0.337466 -0.5604 0 0 0 0 0
1489656848.690482140 0.299456 -0.513874 0 0 0 0 0
1489656848.733335257 0.294917 -0.443831 0 0 0 0 0
1489656848.765273094 0.337284 -0.479027 0 0 0 0 0
1489656848.789232969 0.465171 -0.546648 0 0 0 0 0
1489656848.823308229 0.403716 -0.25126 0 0 0 0 0
1489656848.855309248 0.428595 -0.202344 0 0 0 0 0
1489656848.885338068 0.454338 -0.156774 0 0 0 0 0
1489656848.928817749 0.421571 -0.114165 0 0 0 0 0
1489656848.961355925 0.486483 -0.0791464 0 0 0 0 0
1489656848.993662834 0.500309 -0.0587486 0 0 0 0 0
1489656849.025774479 0.512481 -0.0428768 0 0 0 0 0
1489656849.057759762 0.522927 -0.0310105 0 0 0 0 0
1489656849.089769125 0.531262 -0.0224658 0 0 0 0 0
1489656849.128185511 0.490466 -0.0163699 0 0 0 0 0
1489656849.160214901 0.530977 -0.0118887 0 0 0 0 0
1489656849.185342550 0.609925 -0.00863033 0 0 0 0 0
1489656849.223932028 0.505723 -0.00626965 0 0 0 0 0
1489656849.260150909 0.51369 -0.00455585 0 0 0 0 0
1489656849.292180300 0.541415 -0.00330909 0 0 0 0 0
1489656849.328329086 0.510313 -0.00240368 0 0 0 0 0
1489656849.360117912 0.537291 -0.00174617 0 0 0 0 0
1489656849.392225266 0.53844 -0.00126849 0 0 0 0 0
1489656849.428235531 0.51123 -0.000921444 0 0 0 0 0
1489656849.460182905 0.538241 -0.000669362 0 0 0 0 0
1489656849.492301464 0.539555 -0.000486246 0 0 0 0 0
1489656849.528250217 0.511957 -0.000353222 0 0 0 0 0
1489656849.560183287 0.538818 -0.00025659 0 0 0 0 0
1489656849.592141390 0.541316 -0.000186394 0 0 0 0 0
1489656849.621308565 0.56955 -0.000135402 0 0 0 0 0
1489656849.655298948 0.533983 -9.83595e-05 0 0 0 0 0
1489656849.692538500 0.510065 -7.14511e-05 0 0 0 0 0
1489656849.729199409 0.546716 -5.1904e-05 0 0 0 0 0
1489656849.761815310 0.538056 -3.77045e-05 0 0 0 0 0
1489656849.792979002 0.550249 -2.73896e-05 0 0 0 0 0
1489656849.823748827 0.557479 -1.98966e-05 0 0 0 0 0
1489656849.855700493 0.551122 -1.44534e-05 0 0 0 0 0
1489656849.889162779 0.539264 -1.04993e-05 0 0 0 0 0
1489656849.925155640 0.518746 -7.62702e-06 0 0 0 0 0
1489656849.959236622 0.526331 -5.54047e-06 0 0 0 0 0
1489656849.991284132 0.539683 -4.02475e-06 0 0 0 0 0
1489656850.030567408 0.49017 -2.92369e-06 0 0 0 0 0
1489656850.062489033 0.533764 -2.12385e-06 0 0 0 0 0
1489656850.090576172 0.574478 -1.54282e-06 0 0 0 0 0
1489656850.133334875 0.477164 -1.12075e-06 0 0 0 0 0
1489656850.164951801 0.538358 -8.14143e-07 0 0 0 0 0
1489656850.189207315 0.626886 -5.91416e-07 0 0 0 0 0
1489656850.223281860 0.541327 -4.2962e-07 0 0 0 0 0
1489656850.258438587 0.530783 -3.12088e-07 0 0 0 0 0
1489656850.293345213 0.529549 -2.26709e-07 0 0 0 0 0
1489656850.328938246 0.518721 -1.64688e-07 0 0 0 0 0
1489656850.357822418 0.568574 -1.19634e-07 0 0 0 0 0
1489656850.389784336 0.546876 -8.69053e-08 0 0 0 0 0
1489656850.425840616 0.517544 -6.31304e-08 0 0 0 0 0
1489656850.457818747 0.544053 -4.58597e-08 0 0 0 0 0
1489656850.489854097 0.544785 -3.33137e-08 0 0 0 0 0
1489656850.526507854 0.510211 -2.42e-08 0 0 0 0 0
1489656850.560338020 0.524667 -1.75795e-08 0 0 0 0 0
1489656850.592238665 0.539535 -1.27703e-08 0 0 0 0 0
1489656850.628264666 0.509606 -9.27667e-09 0 0 0 0 0
1489656850.660305977 0.536004 -6.73883e-09 0 0 0 0 0
1489656850.692197561 0.540296 -4.89527e-09 0 0 0 0 0
1489656850.733594894 0.443884 -3.55606e-09 0 0 0 0 0
1489656850.766729832 0.470646 -2.58322e-09 0 0 0 0 0
1489656850.796199560 0.490864 -1.87652e-09 0 0 0 0 0
1489656850.823421001 0.510088 -1.36316e-09 0 0 0 0 0
1489656850.855401278 0.474656 -9.90234e-10 0 0 0 0 0
1489656850.888612747 0.465296 -7.19333e-10 0 0 0 0 0
1489656850.933444262 0.370923 -5.22543e-10 0 0 0 0 0
1489656850.963040829 0.415552 -3.7959e-10 0 0 0 0 0
1489656850.986103058 0.463886 -2.75744e-10 0 0 0 0 0
1489656851.021346092 0.382251 -2.00308e-10 0 0 0 0 0
1489656851.056193590 0.374812 -1.4551e-10 0 0 0 0 0
1489656851.097605467 0.341406 -1.05702e-10 0 0 0 0 0
1489656851.134001017 0.30705 -7.67849e-11 0 0 0 0 0
1489656851.160139322 0.337875 -5.57787e-11 0 0 0 0 0
1489656851.192180872 0.3041 -4.05192e-11 0 0 0 0 0
1489656851.228133678 0.281895 -2.94342e-11 0 0 0 0 0
1489656851.263991833 0.274076 -2.13818e-11 0 0 0 0 0
1489656851.295988798 0.236255 -1.55323e-11 0 0 0 0 0
1489656851.324607134 0.234453 -1.12831e-11 0 0 0 0 0
1489656851.358486652 0.21058 -8.19637e-12 0 0 0 0 0
1489656851.390497923 0.206424 -5.95407e-12 0 0 0 0 0
1489656851.429162979 0.184141 -0.0377831 0 0 0 0 0
1489656851.461250782 0.192165 -0.0530843 0 0 0 0 0
1489656851.493217230 0.189165 -0.0619849 0 0 0 0 0
1489656851.529212236 0.136218 -0.0647237 0 0 0 0 0
1489656851.561235189 0.129931 -0.07506 0 0 0 0 0
1489656851.593243837 0.120853 -0.0335733 0 0 0 0 0
1489656851.629198790 0.107611 -0.0275453 0 0 0 0 0
1489656851.661248446 0.151155 -0.0212872 0 0 0 0 0
1489656851.693233013 0.156842 -0.0154996 0 0 0 0 0
1489656851.729116201 0.15275 -0.0107262 0 0 0 0 0
1489656851.761231899 0.166085 -0.00797616 0 0 0 0 0
1489656851.787900448 0.134474 -0.00581848 0 0 0 0 0
1489656851.823878050 0.115769 -0.00420771 0 0 0 0 0
1489656851.856576204 0.112512 -0.00304824 0 0 0 0 0
1489656851.885436296 0.112537 -0.00222146 0 0 0 0 0
1489656851.924024820 0.0957661 -0.00161322 0 0 0 0 0
1489656851.956363678 0.0985141 -0.00117107 0 0 0 0 0
1489656851.988390684 0.0968301 -0.000850756 0 0 0 0 0
1489656852.024336576 0.0902274 -0.000618208 0 0 0 0 0
1489656852.056372643 0.0930797 -0.000449023 0 0 0 0 0
1489656852.088331461 0.0927397 -0.000326165 0 0 0 0 0
1489656852.124328375 0.087197 -0.000236945 0 0 0 0 0
1489656852.158207655 0.0885441 -0.000172127 0 0 0 0 0
1489656852.190060377 0.0908504 -0.000125035 0 0 0 0 0
1489656852.226058960 0.0448084 -9.08287e-05 0 0 0 0 0
1489656852.258084059 0.0358035 -6.59809e-05 0 0 0 0 0
1489656852.290056944 0.0273942 -4.79303e-05 0 0 0 0 0
1489656852.326223612 0.0198727 -3.48178e-05 0 0 0 0 0
1489656852.358077049 0.0139044 -2.52926e-05 0 0 0 0 0
1489656852.386344910 0.0102914 -1.83733e-05 0 0 0 0 0
1489656852.423222542 0.00750093 -1.33468e-05 0 0 0 0 0
1489656852.461202621 0.00542798 -9.69551e-06 0 0 0 0 0
1489656852.493216038 0.0039351 -7.04309e-06 0 0 0 0 0
1489656852.529301882 0.00286588 -5.11629e-06 0 0 0 0 0
1489656852.561308384 0.00208128 -3.71661e-06 0 0 0 0 0
1489656852.593222380 0.00151105 -2.69985e-06 0 0 0 0 0
1489656852.629369020 0.00109774 -1.96125e-06 0 0 0 0 0
1489656852.661295176 0.000797628 -1.4247e-06 0 0 0 0 0
1489656852.693286419 0.000579356 -1.03494e-06 0 0 0 0 0
1489656852.729381323 0.000420842 -7.51811e-07 0 0 0 0 0
1489656852.761254072 0.000305722 -5.46136e-07 0 0 0 0 0
1489656852.793416977 0.000222088 -3.96728e-07 0 0 0 0 0
1489656852.829399824 0.000161328 -2.88194e-07 0 0 0 0 0
1489656852.861264706 0.000117193 -2.09352e-07 0 0 0 0 0
1489656852.887760401 8.51327e-05 -1.52079e-07 0 0 0 0 0
1489656852.926872730 6.18427e-05 -1.10475e-07 0 0 0 0 0
1489656852.962508678 4.49241e-05 -8.02518e-08 0 0 0 0 0
1489656852.995594978 3.26342e-05 -5.82971e-08 0 0 0 0 0
1489656853.030203819 2.37064e-05 -4.23486e-08 0 0 0 0 0
1489656853.054825783 1.72209e-05 -3.07632e-08 0 0 0 0 0
1489656853.085469484 1.25098e-05 -2.23472e-08 0 0 0 0 0
1489656853.121438503 9.08744e-06 -1.62336e-08 0 0 0 0 0
1489656853.156344414 6.60136e-06 -1.17926e-08 0 0 0 0 0
1489656853.188249588 4.79541e-06 -8.56644e-09 0 0 0 0 0
1489656853.224343777 3.48352e-06 -6.2229e-09 0 0 0 0 0
1489656853.258009911 2.53052e-06 -4.52048e-09 0 0 0 0 0
1489656853.290001392 1.83824e-06 -3.2838e-09 0 0 0 0 0
1489656853.325823069 1.33535e-06 -2.38545e-09 0 0 0 0 0
1489656853.358058453 9.70035e-07 -1.73285e-09 0 0 0 0 0
1489656853.389853001 7.0466e-07 -1.25879e-09 0 0 0 0 0
1489656853.425993919 5.11884e-07 -9.14421e-10 0 0 0 0 0
1489656853.457818747 3.71847e-07 -6.64261e-10 0 0 0 0 0
1489656853.489849091 2.7012e-07 -4.82537e-10 0 0 0 0 0
1489656853.528109789 1.96222e-07 -3.50528e-10 0 0 0 0 0
1489656853.560221195 1.42541e-07 -2.54633e-10 0 0 0 0 0
