1489656736.100677729 -1.39743 1.02067 0 0 0 0 0
1489656736.136078358 -0.279486 0.204133 0 0 0 0 0
1489656736.168798208 -0.265511 0.193926 0 0 0 0 0
1489656736.202694416 -0.234768 0.171472 0 0 0 0 0
1489656736.246622324 -0.1846 0.13483 0 0 0 0 0
1489656736.278833866 -0.112661 0.082286 0 0 0 0 0
1489656736.311043739 -0.0869745 0.0635252 0 0 0 0 0
1489656736.339478493 -0.0644924 0.0471045 0 0 0 0 0
1489656736.371427774 -0.0464407 0.0339198 0 0 0 0 0
1489656736.403412819 -0.0332925 0.0243165 0 0 0 0 0
1489656736.444010496 -0.0244226 0.017838 0 0 0 0 0
1489656736.476050854 -0.0177471 0.0129623 0 0 0 0 0
1489656736.507945538 -0.0128641 0.00939578 0 0 0 0 0
1489656736.548417330 -0.00934176 0.00682312 0 0 0 0 0
1489656736.579230309 -0.0067938 0.00496212 0 0 0 0 0
1489656736.603936672 -0.00493379 0.00360358 0 0 0 0 0
1489656736.639883757 -0.00358321 0.00261713 0 0 0 0 0
1489656736.667675734 -0.00260318 0.00190133 0 0 0 0 0
1489656736.702181816 -0.00189119 0.0013813 0 0 0 0 0
1489656736.748525143 -0.00137372 0.00100335 0 0 0 0 0
1489656736.779392242 -0.000997901 0.000728855 0 0 0 0 0
1489656736.804264545 -0.000724916 0.000529471 0 0 0 0 0
1489656736.839923382 -0.0005266 0.000384623 0 0 0 0 0
1489656736.871983290 -0.000382534 0.000279398 0 0 0 0 0
1489656736.906126976 -0.000277883 0.000202963 0 0 0 0 0
1489656736.945198774 -0.000201863 0.000147438 0 0 0 0 0
1489656736.977552414 -0.000146638 0.000107103 0 0 0 0 0
1489656737.005279779 -0.000106522 7.78025e-05 0 0 0 0 0
1489656737.041154623 -7.73806e-05 5.65179e-05 0 0 0 0 0
1489656737.073348045 -5.62114e-05 4.10562e-05 0 0 0 0 0
1489656737.105233669 -4.08335e-05 2.98243e-05 0 0 0 0 0
1489656737.141195536 -2.96626e-05 2.16652e-05 0 0 0 0 0
1489656737.173199892 -2.15477e-05 1.57382e-05 0 0 0 0 0
1489656737.205176115 -1.56529e-05 1.14327e-05 0 0 0 0 0
1489656737.248526335 -1.13707e-05 8.305e-06 0 0 0 0 0
1489656737.279272795 -0.0478022 0.0475199 0 0 0 0 0
1489656737.304469824 -0.067885 0.0674856 0 0 0 0 0
1489656737.342384577 -0.0595071 0.0591573 0 0 0 0 0
1489656737.375073433 -0.071819 0.0713973 0 0 0 0 0
1489656737.406191111 -0.0796923 0.0792247 0 0 0 0 0
1489656737.448696375 -0.0706284 0.070214 0 0 0 0 0
1489656737.480844021 -0.0819476 0.0814671 0 0 0 0 0
1489656737.506647825 -0.0954928 0.151548 0 0 0 0 0
1489656737.538207531 -0.0890005 0.146091 0 0 0 0 0
1489656737.570104837 -0.0899198 0.155207 0 0 0 0 0
1489656737.604919195 -0.0871902 0.156108 0 0 0 0 0
1489656737.643765211 -0.0824294 0.151903 0 0 0 0 0
1489656737.675961018 -0.134291 0.167372 0 0 0 0 0
1489656737.708021402 -0.144108 0.170764 0 0 0 0 0
1489656737.744517088 -0.142098 0.162312 0 0 0 0 0
1489656737.776013136 -0.160899 0.175176 0 0 0 0 0
1489656737.804534674 -0.177665 0.187268 0 0 0 0 0
1489656737.840532064 -0.162728 0.210249 0 0 0 0 0
1489656737.872601032 -0.174036 0.186882 0 0 0 0 0
1489656737.904545069 -0.177032 0.187864 0 0 0 0 0
1489656737.946596622 -0.191503 0.200214 0 0 0 0 0
1489656737.977884293 -0.231297 0.237499 0 0 0 0 0
1489656738.003394604 -0.274202 0.277462 0 0 0 0 0
1489656738.036380053 -0.251186 0.253398 0 0 0 0 0
1489656738.068945885 -0.259444 0.260638 0 0 0 0 0
1489656738.105673313 -0.288595 0.249088 0 0 0 0 0
1489656738.145004272 -0.284914 0.128126 0 0 0 0 0
1489656738.177941322 -0.317237 0.101722 0 0 0 0 0
1489656738.209280729 -0.335575 0.077504 0 0 0 0 0
1489656738.245267868 -0.320957 0.0560261 0 0 0 0 0
1489656738.273227453 -0.370728 0.0394093 0 0 0 0 0
1489656738.305562496 -0.353492 0.0291223 0 0 0 0 0
1489656738.348420382 -0.312333 0.0212137 0 0 0 0 0
1489656738.380772829 -0.350297 0.0153533 0 0 0 0 0
1489656738.407453775 -0.391101 0.0111354 0 0 0 0 0
1489656738.442978144 -0.345136 0.00810756 0 0 0 0 0
1489656738.474985600 -0.361983 0.00588784 0 0 0 0 0
1489656738.506999254 -0.410303 0.00427491 0 0 0 0 0
1489656738.542942762 -0.353961 0.00310568 0 0 0 0 0
1489656738.575149536 -0.413927 0.00225653 0 0 0 0 0
1489656738.611104012 -0.399364 0.00163904 0 0 0 0 0
1489656738.646784067 -0.280244 0.0011906 0 0 0 0 0
1489656738.678845882 -0.175044 0.000864914 0 0 0 0 0
1489656738.703373432 -0.137678 0.000628304 0 0 0 0 0
1489656738.748962164 -0.101785 0.00045641 0 0 0 0 0
1489656738.779203176 -0.0725253 0.000331549 0 0 0 0 0
1489656738.802252293 -0.0522928 0.000240848 0 0 0 0 0
1489656738.841408253 -0.0383997 0.000174958 0 0 0 0 0
1489656738.873549461 -0.0278656 0.000127094 0 0 0 0 0
1489656738.905501604 -0.0201886 9.23248e-05 0 0 0 0 0
1489656738.941498280 -0.0146722 6.70673e-05 0 0 0 0 0
1489656738.973493099 -0.0106693 4.87195e-05 0 0 0 0 0
1489656739.005520582 -0.00774683 3.53912e-05 0 0 0 0 0
1489656739.041539907 -0.00562641 2.57091e-05 0 0 0 0 0
1489656739.073618412 -0.00408784 1.86758e-05 0 0 0 0 0
1489656739.105549335 -0.00296968 1.35666e-05 0 0 0 0 0
1489656739.141569376 -0.00215709 9.85517e-06 0 0 0 0 0
1489656739.173588276 -0.00156698 7.15907e-06 0 0 0 0 0
1489656739.205667734 -0.00113832 5.20054e-06 0 0 0 0 0
1489656739.241519690 -0.000826904 3.77782e-06 0 0 0 0 0
1489656739.273530483 -0.000600681 2.74431e-06 0 0 0 0 0
1489656739.305555344 -0.000436353 1.99354e-06 0 0 0 0 0
1489656739.341524839 -0.000316979 0.0812305 0 0 0 0 0
1489656739.369225264 -0.000230262 0.332679 0 0 0 0 0
1489656739.400156260 -0.000167269 0.314873 0 0 0 0 0
1489656739.438959360 -0.000121509 0.309243 0 0 0 0 0
1489656739.472793102 -8.82671e-05 0.405479 0 0 0 0 0
1489656739.504787445 -6.41197e-05 0.403907 0 0 0 0 0
1489656739.535790205 -4.65783e-05 0.423877 0 0 0 0 0
1489656739.568175316 -0.408415 0.42692 0 0 0 0 0
1489656739.600876570 -0.486134 0.388325 0 0 0 0 0
1489656739.638954878 -0.505819 0.396112 0 0 0 0 0
1489656739.668155909 -0.667838 0.501528 0 0 0 0 0
1489656739.700889349 -0.68251 0.44305 0 0 0 0 0
1489656739.738942862 -0.659115 0.414818 0 0 0 0 0
1489656739.775340319 -0.689637 0.420064 0 0 0 0 0
1489656739.806949139 -0.756848 0.492923 0 0 0 0 0
1489656739.846717596 -0.724365 0.445637 0 0 0 0 0
1489656739.878068924 -0.782166 0.458799 0 0 0 0 0
1489656739.903407812 -0.897198 0.51717 0 0 0 0 0
1489656739.941119671 -0.796708 0.473892 0 0 0 0 0
1489656739.976185799 -0.82742 0.490481 0 0 0 0 0
1489656740.008061647 -0.782623 0.472989 0 0 0 0 0
1489656740.040134192 -0.817529 0.514714 0 0 0 0 0
1489656740.068216562 -0.874429 0.558762 0 0 0 0 0
1489656740.100892305 -0.821897 0.484325 0 64.0963 0 0 0
1489656740.141205311 -0.744497 0.473231 0 0 0 0 0
1489656740.168824673 -0.879351 0.513374 0 0 0 0 0
1489656740.204356909 -0.785666 0.455602 0 0 0 0 0
1489656740.246546268 -0.75289 0.4128 0 0 0 0 0
1489656740.279047489 -0.80051 0.450642 0 0 0 0 0
1489656740.311514139 -0.802925 0.493256 0 0 0 0 0
1489656740.347044230 -0.767466 0.477009 0 0 0 0 0
1489656740.371553659 -0.931234 0.592724 0 0 0 0 0
1489656740.403586388 -0.834558 0.53559 0 0 0 0 0
1489656740.435891151 -0.832886 0.539722 0 0 0 0 0
1489656740.469488382 -0.860644 0.532299 0 0 0 0 0
1489656740.506068468 -0.828799 0.510233 0 0 0 0 0
1489656740.542402506 -0.824313 0.503886 0 0 0 0 0
1489656740.574371815 -0.830584 0.48601 0 0 0 0 0
1489656740.606383801 -0.874721 0.250423 0 0 0 0 0
1489656740.642388821 -0.831539 0.198886 0 0 0 0 0
1489656740.674364328 -0.881359 0.151136 0 0 0 0 0
1489656740.706364870 -0.843293 0.109403 0 0 0 0 0
1489656740.742376089 -0.795012 0.0769608 0 0 0 0 0
1489656740.774123430 -0.831794 0.0568605 0 0 0 0 0
1489656740.812623024 -0.795699 0.0414133 0 0 0 0 0
1489656740.848771572 -0.812091 0.029978 0 0 0 0 0
1489656740.871953487 -0.975211 0.0217417 0 0 0 0 0
1489656740.908865929 -0.438015 0.0158294 0 0 0 0 0
1489656740.945216894 -0.354879 0.0114956 0 0 0 0 0
1489656740.977283716 -0.274804 0.0083466 0 0 0 0 0
1489656741.009275913 -0.200755 0.00606368 0 0 0 0 0
1489656741.041251898 -0.13876 0.00440576 0 0 0 0 0
1489656741.073195934 -0.10309 0.00320014 0 0 0 0 0
1489656741.105246305 -0.0752476 0.00232459 0 0 0 0 0
1489656741.141366482 -0.0544267 0.0016887 0 0 0 0 0
1489656741.173206091 -0.0394194 0.00122673 0 0 0 0 0
1489656741.202919722 -0.0287271 0.000891117 0 0 0 0 0
1489656741.235771418 -0.0208634 0.000647333 0 0 0 0 0
1489656741.269374132 -0.015145 0.000470242 0 0 0 0 0
1489656741.303625345 -0.0110022 0.000341597 0 0 0 0 0
1489656741.345025778 -0.00799489 0.000248145 0 0 0 0 0
1489656741.377240181 -0.00580698 0.000180259 0 0 0 0 0
1489656741.405226946 -0.0042181 0.000130945 0 0 0 0 0
1489656741.441210747 -0.00306427 9.51223e-05 0 0 0 0 0
1489656741.467646837 -0.00222601 6.90994e-05 0 0 0 0 0
1489656741.501322985 -0.001617 5.01957e-05 0 0 0 0 0
1489656741.549570799 -0.00117463 3.64636e-05 0 0 0 0 0
1489656741.574997425 -0.000853291 2.64881e-05 0 0 0 0 0
1489656741.606952190 -0.000619854 1.92417e-05 0 0 0 0 0
1489656741.642939091 -0.000450278 1.39777e-05 0 0 0 0 0
1489656741.675024509 -0.320923 0.136603 0 0 0 0 0
1489656741.703960419 -0.419848 0.229274 0 0 0 0 0
1489656741.739892483 -0.377563 0.228975 0 0 0 0 0
1489656741.771923780 -0.445866 0.276279 0 0 0 0 0
1489656741.803948641 -0.479155 0.301828 0 0 0 0 0
1489656741.841868639 -0.453975 0.251745 0 0 0 0 0
1489656741.874893665 -0.493112 0.267407 0 0 0 0 0
1489656741.907801628 -0.504856 0.268419 0 0 0 0 0
1489656741.937613249 -0.540049 0.281072 0 0 0 0 0
1489656741.970877171 -0.520809 0.267559 0 0 0 0 0
1489656742.002876043 -0.489927 0.227193 0 0 0 0 0
1489656742.042746067 -0.43964 0.200383 0 0 0 0 0
1489656742.074908018 -0.468953 0.205811 0 0 0 0 0
1489656742.106900930 -0.464429 0.198642 0 0 0 0 0
1489656742.142914295 -0.43571 0.183128 0 0 0 0 0
1489656742.175414324 -0.45176 0.186923 0 0 0 0 0
1489656742.207433224 -0.409178 0.18626 0 0 0 0 0
1489656742.243391752 -0.379858 0.174789 0 0 0 0 0
1489656742.275464058 -0.387582 0.181845 0 0 0 0 0
1489656742.304190636 -0.402619 0.192269 0 0 0 0 0
1489656742.340183496 -0.360416 0.173699 0 0 0 0 0
1489656742.367573261 -0.351181 0.197178 0 0 0 0 0
1489656742.400628805 -0.317306 0.182199 0 0 0 0 0
1489656742.440048218 -0.284146 0.13006 0 0 0 0 0
1489656742.472175598 -0.294783 0.127216 0 0 0 0 0
1489656742.504152060 -0.242779 0.118717 0 0 0 0 0
1489656742.540162325 -0.218669 0.10551 0 0 0 0 0
1489656742.572171211 -0.215654 0.103774 0 0 0 0 0
1489656742.604170084 -0.206795 0.100468 0 0 0 0 0
1489656742.640149355 -0.189399 0.0927502 0 0 0 0 0
1489656742.672155857 -0.14731 0.0492732 0 0 0 0 0
1489656742.704145432 -0.135271 0.0846702 0 0 0 0 0
1489656742.740133047 -0.119264 0.0792175 0 0 0 0 0
1489656742.772179365 -0.1142 0.0381089 0 0 0 0 0
1489656742.804153919 -0.10758 0.0304351 0 0 0 0 0
1489656742.840126991 -0.0981858 0.0239586 0 0 0 0 0
1489656742.872192383 -0.0531574 0.0171288 0 0 0 0 0
1489656742.904248953 -0.0418274 0.0119685 0 0 0 0 0
1489656742.943463087 -0.0315367 0.00888063 0 0 0 0 0
1489656742.977536917 -0.0228065 0.00648221 0 0 0 0 0
1489656743.009281874 -0.0161324 0.00468182 0 0 0 0 0
1489656743.045338631 -0.0118925 0.00339518 0 0 0 0 0
1489656743.073274612 -0.00865584 0.00247356 0 0 0 0 0
1489656743.105223894 -0.0062686 0.00179628 0 0 0 0 0
1489656743.141285658 -0.00454796 0.0013039 0 0 0 0 0
1489656743.173312664 -0.00331009 0.000947338 0 0 0 0 0
1489656743.207544804 -0.00240387 0.000688359 0 0 0 0 0
1489656743.243964672 -0.00174551 0.000499977 0 0 0 0 0
1489656743.275998354 -0.00126809 0.000363178 0 0 0 0 0
1489656743.302461386 -0.000921336 0.000263835 0 0 0 0 0
1489656743.339821339 -0.000669225 0.000191659 0 0 0 0 0
1489656743.371928453 -0.00048613 0.000139224 0 0 0 0 0
1489656743.403903484 -0.000353148 0.000101136 0 0 0 0 0
1489656743.435423136 -0.000256538 7.34684e-05 0 0 0 0 0
1489656743.469914675 -0.000186354 5.33694e-05 0 0 0 0 0
1489656743.505643606 -0.000135373 3.87689e-05 0 0 0 0 0
1489656743.545034170 -9.83389e-05 2.81628e-05 0 0 0 0 0
1489656743.576960325 -7.14361e-05 2.04583e-05 0 0 0 0 0
1489656743.601366282 -5.18931e-05 1.48614e-05 0 0 0 0 0
1489656743.638314486 -3.76966e-05 1.07958e-05 0 0 0 0 0
1489656743.674130440 -2.73838e-05 7.84234e-06 0 0 0 0 0
1489656743.704914570 -1.98924e-05 5.69689e-06 0 0 0 0 0
1489656743.736242771 -1.44504e-05 4.13838e-06 0 0 0 0 0
1489656743.769558430 -1.04971e-05 3.00623e-06 0 0 0 0 0
1489656743.810022831 -7.62541e-06 2.18381e-06 0 0 0 0 0
1489656743.848700047 -5.53931e-06 1.58638e-06 0 0 0 0 0
1489656743.870237350 -4.0239e-06 1.15239e-06 0 0 0 0 0
1489656743.902281523 -2.92307e-06 8.37127e-07 0 0 0 0 0
1489656743.941430092 -2.1234e-06 6.08112e-07 0 0 0 0 0
1489656743.973639727 -1.5425e-06 4.41749e-07 0 0 0 0 0
1489656744.000835657 -1.12051e-06 3.20899e-07 0 0 0 0 0
1489656744.036431551 -8.13971e-07 2.3311e-07 0 0 0 0 0
1489656744.071598291 -5.91291e-07 1.69337e-07 0 0 0 0 0
1489656744.103466988 -4.2953e-07 1.23011e-07 0 0 0 0 0
1489656744.136355877 -3.12022e-07 8.93588e-08 0 0 0 0 0
1489656744.168277979 -2.26662e-07 6.49127e-08 0 0 0 0 0
1489656744.203167677 -1.64653e-07 4.71543e-08 0 0 0 0 0
1489656744.248447657 -1.19609e-07 3.42542e-08 0 0 0 0 0
1489656744.277286053 -8.6887e-08 2.48832e-08 0 0 0 0 0
1489656744.302095890 -6.31171e-08 1.80758e-08 0 0 0 0 0
1489656744.336749315 -4.585e-08 1.31308e-08 0 0 0 0 0
1489656744.370893717 -3.33067e-08 9.53856e-09 0 0 0 0 0
1489656744.402968645 -2.41949e-08 6.92907e-09 0 0 0 0 0
1489656744.436570644 -1.75758e-08 5.03347e-09 0 0 0 0 0
1489656744.470133066 -1.27676e-08 3.65645e-09 0 0 0 0 0
1489656744.503574848 -9.27471e-09 2.65615e-09 0 0 0 0 0
1489656744.539510012 -6.73741e-09 1.9295e-09 0 0 0 0 0
1489656744.569624186 -4.89424e-09 1.40164e-09 0 0 0 0 0
1489656744.600745678 -3.55531e-09 1.01819e-09 0 0 0 0 0
1489656744.641935825 -2.58267e-09 7.39641e-10 0 0 0 0 0
1489656744.678588629 -1.87613e-09 5.37296e-10 0 0 0 0 0
1489656744.707268476 -1.36287e-09 3.90306e-10 0 0 0 0 0
1489656744.737379789 -9.90025e-10 2.83529e-10 0 0 0 0 0
1489656744.770452499 -7.19182e-10 2.05963e-10 0 0 0 0 0
1489656744.802470446 -5.22433e-10 1.49617e-10 0 0 0 0 0
1489656744.841908216 -3.7951e-10 1.08686e-10 0 0 0 0 0
1489656744.877322197 -2.75686e-10 7.89527e-11 0 0 0 0 0
1489656744.909404755 -2.00266e-10 5.73534e-11 0 0 0 0 0
1489656744.941242695 -1.45479e-10 4.16631e-11 0 0 0 0 0
1489656744.973242760 -1.0568e-10 3.02652e-11 0 0 0 0 0
1489656745.005283594 -7.67687e-11 2.19855e-11 0 0 0 0 0
