# text file for ../bag/pxtime_2017-03-11-21-29-53.bag
# format: time stamp x y z qx qy qz qw
1489238993.517392635 -0.011837972 -0.009855430 0 0 0 0 0
1489238993.517817736 0.011273714 0.017026907 0 0 0 0 0
1489238993.517828941 0.039845321 0.003959832 0 0 0 0 0
1489238993.520776272 0.027146652 0.033344246 0 0 0 0 0
1489238993.520788431 0.025954926 -0.028724391 0 0 0 0 0
1489238993.520920992 -0.000350277 0.048013587 0 0 0 0 0
1489238993.525492907 0.028102160 0.020459468 0 0 0 0 0
1489238993.529448509 0.040294953 0.002216444 0 0 0 0 0
1489238993.529540062 0.018179568 0.023607202 0 0 0 0 0
1489238993.534189224 0.026814651 0.016498227 0 0 0 0 0
1489238993.534201622 0.037436344 0.009715741 0 0 0 0 0
1489238993.534281254 0.018926010 0.019293804 0 0 0 0 0
1489238993.542692423 0.031891365 0.025682861 0 0 0 0 0
1489238993.542932272 0.033161450 0.015053265 0 0 0 0 0
1489238993.547337294 0.020146497 0.026822710 0 0 0 0 0
1489238993.547474623 0.030268023 0.016892638 0 0 0 0 0
1489238993.552034855 0.022459365 0.022420824 0 0 0 0 0
1489238993.552047491 0.019668156 0.013390484 0 0 0 0 0
1489238993.556592226 0.027146652 0.033344246 0 0 0 0 0
1489238993.556717634 0.025954926 -0.028724391 0 0 0 0 0
1489238993.556833267 -0.000350277 0.048013587 0 0 0 0 0
1489238993.561387539 0.028102160 0.020459468 0 0 0 0 0
1489238993.581766129 0.022382846 -0.029880926 0 0 0 0 0
1489238993.622760296 0.017768467 0.034142360 0 0 0 0 0
1489238993.704761028 0.032713659 -0.009400582 0 0 0 0 0
1489238993.749872923 0.028755749 0.063401416 0 0 0 0 0
1489238993.827643871 0.017446531 -0.026263351 0 0 0 0 0
1489238993.868854046 0.037524249 0.036461350 0 0 0 0 0
1489238993.953799009 0.032658555 -0.024390943 0 0 0 0 0
1489238994.032553911 0.002101713 0.067241177 0 0 0 0 0
1489238994.073510647 0.009406756 -0.001882576 0 0 0 0 0
1489238994.155467272 0.020596102 0.049853660 0 0 0 0 0
1489238994.200928450 0.018922305 0.005894599 0 0 0 0 0
1489238994.278570890 0.017632606 0.018134912 0 0 0 0 0
1489238994.360589743 0.043794431 0.026359499 0 0 0 0 0
1489238994.401690245 -0.002889276 0.029546415 0 0 0 0 0
1489238994.483716726 0.030094609 0.039090879 0 0 0 0 0
1489238994.524662495 0.020908123 -0.008706094 0 0 0 0 0
1489238994.606579065 -0.014928739 0.075828224 0 0 0 0 0
1489238994.688788652 -0.002889090 0.049912266 0 0 0 0 0
1489238994.729814291 0.009062705 0.095332459 0 0 0 0 0
1489238994.811670780 -0.003923898 0.116167881 0 0 0 0 0
1489238994.852581501 -0.023569427 0.136492446 0 0 0 0 0
1489238994.934713602 -0.020339325 0.131666794 0 0 0 0 0
1489238994.979291201 -0.017361660 0.155895069 0 0 0 0 0
1489238995.057742596 -0.022217132 0.153298944 0 0 0 0 0
1489238995.139660597 -0.008232905 0.196192235 0 0 0 0 0
1489238995.180658102 -0.009147668 0.244178250 0 0 0 0 0
1489238995.266844749 -0.017239848 0.189133212 0 0 0 0 0
1489238995.303626060 -0.044559672 0.169853121 0 0 0 0 0
1489238995.385588884 -0.004607332 0.203532413 0 0 0 0 0
1489238995.467672348 -0.025119368 0.218875721 0 0 0 0 0
1489238995.508936167 -0.054243576 0.295631230 0 0 0 0 0
1489238995.590659857 -0.101771787 0.392865479 0 0 0 0 0
1489238995.631680012 -0.057504646 0.259652227 0 0 0 0 0
1489238995.717829943 -0.053231169 0.209000349 0 0 0 0 0
1489238995.795603991 -0.045605160 0.337121189 0 0 0 0 0
1489238995.836897612 -0.030670965 0.285992533 0 0 0 0 0
1489238995.918742180 -0.046476766 0.346851319 0 0 0 0 0
1489238995.959675550 -0.079940364 0.190541029 0 0 0 0 0
1489238996.041591883 -0.128201097 0.405142695 0 0 0 0 0
1489238996.082550287 -0.053445220 0.001477191 0 0 0 0 0
1489238996.169002771 -0.094316475 0.433635473 0 0 0 0 0
1489238996.246724606 -0.099416628 0.208993763 0 0 0 0 0
1489238996.287696123 -0.105911031 0.426130295 0 0 0 0 0
1489238996.369705915 -0.106559828 0.295047969 0 0 0 0 0
1489238996.410609484 -0.121179596 0.431860745 0 0 0 0 0
1489238996.492814302 -0.109646164 0.344403535 0 0 0 0 0
1489238996.574495316 -0.147376746 0.345558107 0 0 0 0 0
1489238996.619855404 -0.090974346 0.253876269 0 0 0 0 0
1489238996.697648048 -0.127260298 0.397312850 0 0 0 0 0
1489238996.738753080 -0.139762282 0.402157634 0 0 0 0 0
1489238996.779644966 -0.106109619 0.442813069 0 0 0 0 0
1489238996.861862659 -0.119354621 0.439460993 0 0 0 0 0
1489238996.943833828 -0.103482649 0.231724530 0 0 0 0 0
1489238996.985285282 -0.150367528 0.661445379 0 0 0 0 0
1489238997.066889524 -0.079848744 0.175046265 0 0 0 0 0
1489238997.107599020 -0.098399773 0.559019744 0 0 0 0 0
1489238997.148643255 -0.108956791 0.278344125 0 0 0 0 0
1489238997.230638266 -0.103273787 0.483880043 0 0 0 0 0
1489238997.271519661 -0.111162528 0.394576490 0 0 0 0 0
1489238997.353755236 -0.085784793 0.405742735 0 0 0 0 0
1489238997.394804716 -0.089503184 0.427636087 0 0 0 0 0
1489238997.476774693 -0.095501937 0.495032877 0 0 0 0 0
1489238997.521598577 -0.060773611 0.415343136 0 0 0 0 0
1489238997.558688879 -0.104994573 0.535139024 0 0 0 0 0
1489238997.640500784 -0.050564609 0.393923670 0 0 0 0 0
1489238997.681617737 -0.102792785 0.450961888 0 0 0 0 0
1489238997.722784042 -0.090385579 0.468697011 0 0 0 0 0
1489238997.804673672 -0.097469568 0.406582922 0 0 0 0 0
1489238997.845660448 -0.070304513 0.410366297 0 0 0 0 0
1489238997.886552095 -0.112544045 0.595305979 0 0 0 0 0
1489238998.010879517 -0.107881978 0.410437256 0 0 0 0 0
1489238998.010910273 -0.123882279 0.561184466 0 0 0 0 0
1489238998.050697565 -0.063608423 0.330280453 0 0 0 0 0
1489238998.132746458 -0.100042149 0.541471422 0 0 0 0 0
1489238998.173500061 -0.096288301 0.489582062 0 0 0 0 0
1489238998.214579105 -0.108841419 0.565913320 0 0 0 0 0
1489238998.296576023 -0.083429486 0.406330496 0 0 0 0 0
1489238998.337630033 -0.124313973 0.567668736 0 0 0 0 0
1489238998.378509045 -0.094822913 0.457767546 0 0 0 0 0
1489238998.423950434 -0.100355066 0.500675201 0 0 0 0 0
1489238998.501670599 -0.111004904 0.514400125 0 0 0 0 0
1489238998.542704105 -0.074072167 0.423316538 0 0 0 0 0
1489238998.583640337 -0.088342644 0.486538976 0 0 0 0 0
1489238998.665910006 -0.086026520 0.382997751 0 0 0 0 0
1489238998.706622839 -0.108928300 0.628145337 0 0 0 0 0
1489238998.749130964 -0.074437335 0.320411265 0 0 0 0 0
1489238998.788694859 -0.094248198 0.602361321 0 0 0 0 0
1489238998.874842882 -0.085251994 0.288624734 0 0 0 0 0
1489238998.911619186 -0.106879987 0.614527822 0 0 0 0 0
1489238998.952503920 -0.087423250 0.529162526 0 0 0 0 0
1489238999.036971092 -0.068603382 0.308728755 0 0 0 0 0
1489238999.036994457 -0.118099712 0.730615556 0 0 0 0 0
1489238999.116561413 -0.171008378 0.388271242 0 0 0 0 0
1489238999.161954880 -0.211089015 0.213694900 0 0 0 0 0
1489238999.198560238 -0.036685593 -0.162584752 0 0 0 0 0
1489238999.239487886 -0.114661597 0.664342105 0 0 0 0 0
1489238999.280775785 -0.063189797 0.703248262 0 0 0 0 0
1489238999.321530342 -0.088478021 0.213148147 0 0 0 0 0
1489238999.403463364 -0.101455569 0.551387131 0 0 0 0 0
1489238999.444768429 -0.126651973 0.683237016 0 0 0 0 0
1489238999.485686541 -0.015169792 0.150698781 0 0 0 0 0
1489238999.526678562 -0.151851624 0.876446247 0 0 0 0 0
1489238999.567758083 -0.060022734 0.277548879 0 0 0 0 0
1489238999.612923622 -0.100234151 0.440725982 0 0 0 0 0
1489238999.649731874 -0.101269186 0.595448494 0 0 0 0 0
1489238999.690750599 -0.107363045 0.394582421 0 0 0 0 0
1489238999.731598616 -0.033365041 0.428148180 0 0 0 0 0
1489238999.772635221 -0.073612370 0.545341551 0 0 0 0 0
1489238999.813537598 -0.089066289 0.364175677 0 0 0 0 0
1489238999.854388475 -0.103373006 0.524576306 0 0 0 0 0
1489238999.899705172 -0.086656861 0.420063406 0 0 0 0 0
1489238999.936562538 -0.151352793 0.839191437 0 0 0 0 0
1489238999.977657795 -0.063490570 0.164625466 0 0 0 0 0
1489239000.018663883 -0.127073646 0.750942111 0 0 0 0 0
1489239000.104503870 -0.070064344 0.489816129 0 0 0 0 0
1489239000.104520321 -0.100749813 0.472785950 0 0 0 0 0
1489239000.141565323 -0.102619492 0.419086367 0 0 0 0 0
1489239000.182501078 -0.074217476 0.257073909 0 0 0 0 0
1489239000.223510981 -0.061122775 0.525377572 0 0 0 0 0
1489239000.264511585 -0.065779686 0.366833746 0 0 0 0 0
1489239000.305454731 -0.079226539 0.592589974 0 0 0 0 0
1489239000.350715637 -0.036536820 0.258435607 0 0 0 0 0
1489239000.387489796 -0.087572925 0.455501705 0 0 0 0 0
1489239000.428416491 -0.053423960 0.533978641 0 0 0 0 0
1489239000.469744682 -0.072186157 0.566093624 0 0 0 0 0
1489239000.514862776 -0.013917828 0.257868230 0 0 0 0 0
1489239000.551586628 -0.084348276 0.506073117 0 0 0 0 0
1489239000.592488527 -0.000502492 0.495017231 0 0 0 0 0
1489239000.633802891 -0.045614593 0.218988895 0 0 0 0 0
1489239000.674503565 -0.038640477 0.433687925 0 0 0 0 0
1489239000.715781927 -0.050066691 0.574611723 0 0 0 0 0
1489239000.756757259 -0.063859262 0.182000175 0 0 0 0 0
1489239000.797652483 -0.067697540 0.478645265 0 0 0 0 0
1489239000.838492632 -0.014630230 0.577694058 0 0 0 0 0
1489239000.879716396 0.028642993 0.086681381 0 0 0 0 0
1489239000.920703650 0.024142634 0.472298563 0 0 0 0 0
1489239000.961742163 0.024493523 0.446447790 0 0 0 0 0
1489239001.003740788 0.038892958 0.371823817 0 0 0 0 0
1489239001.003767490 0.056726329 0.110962488 0 0 0 0 0
1489239001.043634653 -0.099087961 0.644490123 0 0 0 0 0
1489239001.085378408 0.019597536 0.242885426 0 0 0 0 0
1489239001.125581026 -0.014277416 0.430703491 0 0 0 0 0
1489239001.166691780 0.046771716 0.233930036 0 0 0 0 0
1489239001.207591534 -0.003142011 0.538611293 0 0 0 0 0
1489239001.253211021 -0.029362595 0.723914921 0 0 0 0 0
1489239001.289556742 0.029920068 -0.178787202 0 0 0 0 0
1489239001.330750704 -0.010379851 0.485959768 0 0 0 0 0
1489239001.371408224 0.019622294 0.510384083 0 0 0 0 0
1489239001.417088270 -0.027110051 0.184501752 0 0 0 0 0
1489239001.453513384 -0.081995890 0.245523602 0 0 0 0 0
1489239001.494670153 -0.034054883 0.308078587 0 0 0 0 0
1489239001.535721064 0.004829758 0.416776478 0 0 0 0 0
1489239001.539874077 -0.011636709 0.302332699 0 0 0 0 0
1489239001.576718569 -0.020838195 0.331595838 0 0 0 0 0
1489239001.617802382 0.001330643 0.241011053 0 0 0 0 0
1489239001.658751011 -0.011895723 0.380186111 0 0 0 0 0
1489239001.703764439 -0.014989452 0.248818994 0 0 0 0 0
1489239001.740510702 -0.008975169 0.400401264 0 0 0 0 0
1489239001.781630278 0.013031138 0.079615183 0 0 0 0 0
1489239001.822595119 0.027166937 0.372509211 0 0 0 0 0
1489239001.867907763 -0.006952370 0.065844998 0 0 0 0 0
1489239001.904478073 -0.039392110 0.274278581 0 0 0 0 0
1489239001.945562840 -0.002592534 0.128045112 0 0 0 0 0
1489239001.945634127 0.023557652 0.070699811 0 0 0 0 0
1489239002.030717611 -0.000896420 0.309004486 0 0 0 0 0
1489239002.030748129 -0.015650213 0.154649764 0 0 0 0 0
1489239002.068760633 -0.018739387 0.106841102 0 0 0 0 0
1489239002.109561920 0.000180920 0.282192022 0 0 0 0 0
1489239002.154849052 0.037011843 0.052826434 0 0 0 0 0
1489239002.191703796 0.053718008 0.070803076 0 0 0 0 0
1489239002.232640743 0.021072160 0.384979099 0 0 0 0 0
1489239002.273467541 0.028391007 -0.017284233 0 0 0 0 0
1489239002.318822622 0.019595798 0.039712049 0 0 0 0 0
1489239002.355476618 0.004110218 0.073391512 0 0 0 0 0
1489239002.396648169 0.032399785 0.026676947 0 0 0 0 0
1489239002.396686077 0.086119711 0.104044951 0 0 0 0 0
1489239002.441729784 0.145843282 0.036988940 0 0 0 0 0
1489239002.478682995 0.092414200 0.060449619 0 0 0 0 0
1489239002.519621134 0.118094109 -0.120121479 0 0 0 0 0
1489239002.560653210 0.075217783 0.264105797 0 0 0 0 0
1489239002.606012821 0.137420148 -0.166577920 0 0 0 0 0
1489239002.642746210 0.125107080 0.185931951 0 0 0 0 0
1489239002.683650255 0.148233742 -0.118762158 0 0 0 0 0
1489239002.724516392 0.031939913 0.032004017 0 0 0 0 0
1489239002.769822121 0.152122229 -0.018063936 0 0 0 0 0
1489239002.806687355 0.086084150 0.021585856 0 0 0 0 0
1489239002.806716442 0.120944977 -0.020418059 0 0 0 0 0
1489239002.847677946 0.110946044 0.019219104 0 0 0 0 0
1489239002.930097342 0.144686028 0.083503440 0 0 0 0 0
1489239002.930312157 0.183703512 0.100197509 0 0 0 0 0
1489239002.970640898 0.175173551 -0.045882594 0 0 0 0 0
1489239003.011618137 0.147312015 0.260308623 0 0 0 0 0
1489239003.052490950 0.161760300 0.097426698 0 0 0 0 0
1489239003.093511343 0.115831122 0.125800684 0 0 0 0 0
1489239003.134688377 0.135544389 0.067393698 0 0 0 0 0
1489239003.175598383 0.205233663 0.041145165 0 0 0 0 0
1489239003.216714859 0.226001471 0.016827440 0 0 0 0 0
1489239003.257632494 0.271485329 0.167063504 0 0 0 0 0
1489239003.257650375 0.286886483 -0.062950954 0 0 0 0 0
1489239003.298546076 0.223809436 0.051429063 0 0 0 0 0
1489239003.339737654 0.270631552 0.204386428 0 0 0 0 0
1489239003.380666018 0.232239202 0.065665200 0 0 0 0 0
1489239003.421474934 0.265464485 -0.020266147 0 0 0 0 0
1489239003.462647676 0.202044532 0.225250751 0 0 0 0 0
1489239003.503657579 0.266144842 -0.002362233 0 0 0 0 0
1489239003.544689417 0.233107567 0.019451058 0 0 0 0 0
1489239003.585529089 0.231178835 0.160814136 0 0 0 0 0
1489239003.626594782 0.236981228 0.071394883 0 0 0 0 0
1489239003.667775631 0.257138550 0.003435530 0 0 0 0 0
1489239003.671918392 0.250525236 0.047474451 0 0 0 0 0
1489239003.708532810 0.282919556 0.101448104 0 0 0 0 0
1489239003.749528170 0.283444166 -0.006549685 0 0 0 0 0
1489239003.794916153 0.311938763 0.031126121 0 0 0 0 0
1489239003.831598997 0.279272735 0.044858180 0 0 0 0 0
1489239003.872514963 0.281820565 0.032682516 0 0 0 0 0
1489239003.913587332 0.251260281 0.049777798 0 0 0 0 0
1489239003.998160362 0.275667220 0.071765818 0 0 0 0 0
1489239003.998340368 0.284497112 0.118046686 0 0 0 0 0
1489239004.036593437 0.298126340 -0.070684850 0 0 0 0 0
1489239004.077646017 0.313996315 0.160035446 0 0 0 0 0
1489239004.122906208 0.300555378 0.087732047 0 0 0 0 0
1489239004.159642458 0.305299699 -0.141705602 0 0 0 0 0
1489239004.200664997 0.278986543 0.103200138 0 0 0 0 0
1489239004.200688839 0.261533171 0.136662126 0 0 0 0 0
1489239004.245864868 0.260592431 0.013068524 0 0 0 0 0
1489239004.282539129 0.288572639 0.002570285 0 0 0 0 0
1489239004.323587179 0.302697539 -0.051731639 0 0 0 0 0
1489239004.364538431 0.270511031 0.151723951 0 0 0 0 0
1489239004.409825087 0.325755566 0.016474333 0 0 0 0 0
1489239004.446481705 0.319164574 0.088690452 0 0 0 0 0
1489239004.487650394 0.254062682 0.132886812 0 0 0 0 0
1489239004.528768778 0.251022756 0.101623490 0 0 0 0 0
1489239004.573732853 0.301034391 -0.017693268 0 0 0 0 0
1489239004.610689163 0.289758563 0.120665789 0 0 0 0 0
1489239004.610719681 0.265950620 0.077213474 0 0 0 0 0
1489239004.651645422 0.184354275 -0.049546052 0 0 0 0 0
1489239004.696833849 0.264040679 0.233111188 0 0 0 0 0
1489239004.733638525 0.285327613 -0.054989897 0 0 0 0 0
1489239004.774486780 0.306135982 0.018155038 0 0 0 0 0
1489239004.815587759 0.282522112 0.171505257 0 0 0 0 0
1489239004.860875368 0.269749701 -0.003157877 0 0 0 0 0
1489239004.938577175 0.292693257 0.074805908 0 0 0 0 0
1489239004.938600779 0.230582163 0.153397039 0 0 0 0 0
1489239004.979562044 0.247428462 0.009401831 0 0 0 0 0
1489239005.020538330 0.330491602 0.051163990 0 0 0 0 0
1489239005.062786579 0.271784961 0.084736660 0 0 0 0 0
1489239005.062805891 0.297062933 0.037085116 0 0 0 0 0
1489239005.102326155 0.313074082 0.109295152 0 0 0 0 0
1489239005.147816181 0.331861764 0.042530593 0 0 0 0 0
1489239005.184503078 0.350984395 0.025790522 0 0 0 0 0
1489239005.225685835 0.322271526 0.015253885 0 0 0 0 0
1489239005.266592979 0.333502829 0.073490605 0 0 0 0 0
1489239005.311923742 0.291873515 0.038159255 0 0 0 0 0
1489239005.348778725 0.275225848 -0.030646527 0 0 0 0 0
1489239005.389494896 0.319433957 0.091440141 0 0 0 0 0
1489239005.430631161 0.265146315 0.043629248 0 0 0 0 0
1489239005.473701239 0.283443958 0.132153839 0 0 0 0 0
1489239005.473724127 0.300698340 -0.005111798 0 0 0 0 0
1489239005.512502670 0.253701746 0.174002782 0 0 0 0 0
1489239005.553624153 0.274540037 -0.158676580 0 0 0 0 0
1489239005.598786831 0.310096800 0.140440449 0 0 0 0 0
1489239005.635508060 0.245817378 -0.005018317 0 0 0 0 0
1489239005.676488400 0.299789310 -0.074450538 0 0 0 0 0
1489239005.717527628 0.291112125 0.134529501 0 0 0 0 0
1489239005.762883663 0.285870761 0.054997362 0 0 0 0 0
1489239005.799440861 0.329838693 -0.147450104 0 0 0 0 0
1489239005.840544462 0.283763140 0.205707833 0 0 0 0 0
1489239005.881654024 0.332316726 0.023649653 0 0 0 0 0
1489239005.924396515 0.292615116 0.040799942 0 0 0 0 0
1489239005.924490929 0.331481397 0.071448028 0 0 0 0 0
1489239005.963647366 0.297583640 -0.056558698 0 0 0 0 0
1489239006.004468441 0.337922215 0.103491947 0 0 0 0 0
1489239006.049809694 0.292228609 0.010655770 0 0 0 0 0
1489239006.086527824 0.336277097 0.015301754 0 0 0 0 0
1489239006.127507925 0.294467151 0.101283811 0 0 0 0 0
1489239006.168791056 0.316491783 -0.002251446 0 0 0 0 0
1489239006.213870287 0.318290234 -0.046061464 0 0 0 0 0
1489239006.250480175 0.328569323 -0.035566717 0 0 0 0 0
1489239006.291723728 0.305404484 0.099271595 0 0 0 0 0
1489239006.332768679 0.301549196 0.090283528 0 0 0 0 0
1489239006.336862564 0.290905893 -0.139856964 0 0 0 0 0
1489239006.373397112 0.288097680 0.078236103 0 0 0 0 0
1489239006.414509296 0.248172805 0.053649832 0 0 0 0 0
1489239006.456283808 0.321520686 -0.156819671 0 0 0 0 0
1489239006.500851631 0.257884026 0.179238126 0 0 0 0 0
1489239006.537626028 0.238264948 -0.020833060 0 0 0 0 0
1489239006.578485012 0.229334086 -0.127019852 0 0 0 0 0
1489239006.620252609 0.166384727 0.163557172 0 0 0 0 0
1489239006.664954424 0.197054699 0.017337257 0 0 0 0 0
1489239006.701583624 0.211717367 0.079109259 0 0 0 0 0
1489239006.742443800 0.185654327 -0.127985150 0 0 0 0 0
1489239006.742465019 0.211798519 -0.310791433 0 0 0 0 0
1489239006.783484221 0.154182732 0.673378468 0 0 0 0 0
1489239006.824799776 0.030188194 0.301792085 0 0 0 0 0
1489239006.865653753 -0.044667464 -0.102194265 0 0 0 0 0
1489239006.906469345 -0.020512210 0.551492214 0 0 0 0 0
1489239006.947560310 0.123427652 0.534787357 0 0 0 0 0
1489239006.992468834 0.261512905 -0.775553584 0 0 0 0 0
1489239007.029515505 0.185188249 0.325797766 0 0 0 0 0
1489239007.070570469 0.102493905 0.573866010 0 0 0 0 0
1489239007.111649990 0.241286755 -0.204611540 0 0 0 0 0
1489239007.152719021 0.222620487 -0.334757566 0 0 0 0 0
1489239007.152746677 0.154895350 0.600739539 0 0 0 0 0
1489239007.193787336 0.193401679 -0.017634491 0 0 0 0 0
1489239007.234696388 0.128450736 -0.214479804 0 0 0 0 0
1489239007.275551796 0.227645010 0.112439536 0 0 0 0 0
1489239007.316451550 0.166784167 0.304234028 0 0 0 0 0
1489239007.357985497 0.184365705 -0.162314907 0 0 0 0 0
1489239007.398335695 0.173490703 -0.040224425 0 0 0 0 0
1489239007.439358234 0.145139456 0.262398750 0 0 0 0 0
1489239007.480735064 0.190902635 0.012738484 0 0 0 0 0
1489239007.522043705 0.180375770 -0.049180079 0 0 0 0 0
1489239007.562662601 0.179064870 0.143965438 0 0 0 0 0
1489239007.566681385 0.186379641 -0.061872751 0 0 0 0 0
1489239007.603430510 0.193992883 0.138828114 0 0 0 0 0
1489239007.644559145 0.214208797 0.091685146 0 0 0 0 0
1489239007.685797691 0.169416308 0.057882439 0 0 0 0 0
1489239007.726692915 0.220504910 -0.011825536 0 0 0 0 0
1489239007.767577171 0.220393986 0.148094282 0 0 0 0 0
1489239007.808550835 0.191036969 -0.034823965 0 0 0 0 0
1489239007.849714041 0.195740849 0.008343393 0 0 0 0 0
1489239007.891715288 0.180467442 0.195328742 0 0 0 0 0
1489239007.931717873 0.234721139 -0.051935930 0 0 0 0 0
1489239007.972575426 0.221046060 0.096360162 0 0 0 0 0
1489239007.972636700 0.254449666 0.387077153 0 0 0 0 0
1489239008.017681599 0.127287477 -0.343527019 0 0 0 0 0
1489239008.054312229 0.180483088 -0.569294930 0 0 0 0 0
1489239008.095685959 0.153081715 0.895595849 0 0 0 0 0
1489239008.136820555 0.145785794 -0.130448446 0 0 0 0 0
1489239008.177620888 0.253606677 -0.303920805 0 0 0 0 0
1489239008.218650579 0.175687298 0.391418368 0 0 0 0 0
1489239008.259517908 0.200776145 0.085373692 0 0 0 0 0
1489239008.300432444 0.200942129 -0.207156017 0 0 0 0 0
1489239008.341404438 0.206838012 0.180643842 0 0 0 0 0
1489239008.382428885 0.124711655 0.390894949 0 0 0 0 0
1489239008.382578373 0.271824777 -0.367512554 0 0 0 0 0
1489239008.423536301 0.245327279 0.074833550 0 0 0 0 0
1489239008.468817234 0.230007499 0.275710642 0 0 0 0 0
1489239008.505408287 0.189915568 0.089521170 0 0 0 0 0
1489239008.546486616 0.257537425 -0.364299268 0 0 0 0 0
1489239008.587690353 0.260901362 0.473423809 0 0 0 0 0
1489239008.628787279 0.215394810 -0.392348468 0 0 0 0 0
1489239008.669601917 0.082318954 0.573280454 0 0 0 0 0
1489239008.710521460 0.173862085 -0.612522721 0 0 0 0 0
1489239008.751549244 0.137338445 0.431269795 0 0 0 0 0
1489239008.792788029 0.212601036 0.585792303 0 0 0 0 0
1489239008.792845249 0.279196918 -0.496317148 0 0 0 0 0
1489239008.833527088 0.317692071 -0.343843609 0 0 0 0 0
1489239008.874396086 0.141143709 0.897999942 0 0 0 0 0
1489239008.959924698 0.351413608 -0.356280386 0 0 0 0 0
1489239008.959949970 0.265954822 -0.306359529 0 0 0 0 0
1489239008.997478247 0.207936645 0.632367253 0 0 0 0 0
1489239009.038543940 0.300729066 -0.003728375 0 0 0 0 0
1489239009.079598188 0.313153863 -0.285451293 0 0 0 0 0
1489239009.120312452 0.266088426 0.150740296 0 0 0 0 0
1489239009.161637306 0.263807207 0.353632510 0 0 0 0 0
1489239009.202557325 0.319615424 -0.242108539 0 0 0 0 0
1489239009.206861258 0.300129950 0.136003226 0 0 0 0 0
1489239009.243543386 0.304596394 0.167888999 0 0 0 0 0
1489239009.284757137 0.240501136 0.193136588 0 0 0 0 0
1489239009.325567007 0.305045694 -0.265433639 0 0 0 0 0
1489239009.370820522 0.297579318 0.166742042 0 0 0 0 0
1489239009.407662392 0.306995690 0.254639983 0 0 0 0 0
1489239009.448521614 0.284984380 -0.020809431 0 0 0 0 0
1489239009.489603519 0.320871592 0.125933185 0 0 0 0 0
1489239009.530646563 0.173840925 0.256716311 0 0 0 0 0
1489239009.571495771 0.287739009 -0.766804516 0 0 0 0 0
1489239009.571528912 0.188222349 0.288753718 0 0 0 0 0
1489239009.612559319 0.216239899 -0.134810135 0 0 0 0 0
1489239009.658321142 0.079553723 0.095932074 0 0 0 0 0
1489239009.694696665 0.290943086 0.888507664 0 0 0 0 0
1489239009.735603809 0.276747137 -0.194350764 0 0 0 0 0
1489239009.776690722 0.327513635 -0.804070354 0 0 0 0 0
1489239009.859261036 0.300603062 0.458375067 0 0 0 0 0
1489239009.859762669 0.147401199 0.701347709 0 0 0 0 0
1489239009.899387598 0.371524185 -0.865473151 0 0 0 0 0
1489239009.940348864 0.248436138 0.191251829 0 0 0 0 0
1489239009.981439114 0.251958251 0.638444781 0 0 0 0 0
1489239010.022521973 0.309359193 -0.237518951 0 0 0 0 0
1489239010.022542953 0.363125414 -0.382932603 0 0 0 0 0
1489239010.063708305 0.180079475 0.677310765 0 0 0 0 0
1489239010.108852148 0.283726722 -0.049756128 0 0 0 0 0
1489239010.145621777 0.276190698 -0.358840048 0 0 0 0 0
1489239010.186416864 0.261174262 0.395128161 0 0 0 0 0
1489239010.227536201 0.258198112 0.127333596 0 0 0 0 0
1489239010.269982576 0.310504019 -0.266790688 0 0 0 0 0
1489239010.309530973 0.330093145 0.261866152 0 0 0 0 0
1489239010.350489378 0.280050486 0.126484945 0 0 0 0 0
1489239010.391633272 0.294235945 -0.083133832 0 0 0 0 0
1489239010.432586432 0.294986814 0.195589975 0 0 0 0 0
1489239010.432640076 0.305474460 0.097572915 0 0 0 0 0
1489239010.473625898 0.342122883 0.063618854 0 0 0 0 0
1489239010.514491081 0.357452869 0.038598988 0 0 0 0 0
1489239010.559774160 0.371284544 0.132691354 0 0 0 0 0
1489239010.596493006 0.362866342 0.034760017 0 0 0 0 0
1489239010.637504578 0.316220015 0.106060483 0 0 0 0 0
1489239010.678597212 0.300877959 0.159828350 0 0 0 0 0
1489239010.723795652 0.314439416 0.040346488 0 0 0 0 0
1489239010.760480642 0.278177917 0.217823952 0 0 0 0 0
1489239010.801539898 0.277303100 0.060825504 0 0 0 0 0
1489239010.842661381 0.313342482 0.012959978 0 0 0 0 0
1489239010.886079311 0.284944624 0.187101543 0 0 0 0 0
1489239010.886691093 0.331741661 0.059419155 0 0 0 0 0
1489239010.924746990 0.357759506 0.052453965 0 0 0 0 0
1489239010.965659380 0.301097006 0.128015056 0 0 0 0 0
1489239011.010706663 0.360655069 0.079368062 0 0 0 0 0
1489239011.047644377 0.362854958 0.001225532 0 0 0 0 0
1489239011.088480234 0.308863223 0.233684540 0 0 0 0 0
1489239011.129865408 0.300392300 -0.008274307 0 0 0 0 0
1489239011.170390606 0.346657425 0.054116476 0 0 0 0 0
1489239011.211555958 0.383607298 -0.045177728 0 0 0 0 0
1489239011.252526522 0.283180654 0.536970556 0 0 0 0 0
1489239011.293952465 0.423815310 -0.308394969 0 0 0 0 0
1489239011.334615946 0.371763557 0.051196717 0 0 0 0 0
1489239011.375496387 0.390541613 0.366388738 0 0 0 0 0
1489239011.416758299 0.336816013 0.027743582 0 0 0 0 0
1489239011.457702637 0.351441950 -0.065499797 0 0 0 0 0
1489239011.498687029 0.349925697 0.366771460 0 0 0 0 0
1489239011.498729229 0.290411741 0.080077067 0 0 0 0 0
1489239011.539486170 0.365483582 -0.025116224 0 0 0 0 0
1489239011.580701351 0.329471856 0.240751907 0 0 0 0 0
1489239011.621830940 0.320473999 0.095211841 0 0 0 0 0
1489239011.662737608 0.399114579 -0.028266460 0 0 0 0 0
1489239011.703391552 0.346458495 0.181787908 0 0 0 0 0
1489239011.744619608 0.326786041 0.050985180 0 0 0 0 0
1489239011.785792828 0.333435357 0.121385887 0 0 0 0 0
1489239011.826571465 0.330835581 0.053242702 0 0 0 0 0
1489239011.867509842 0.367812693 0.115121618 0 0 0 0 0
1489239011.908659935 0.313944757 0.110940479 0 0 0 0 0
1489239011.949473381 0.334287673 0.065882675 0 0 0 0 0
1489239011.949488163 0.305112481 0.150516659 0 0 0 0 0
1489239011.990907192 0.364794075 -0.014087101 0 0 0 0 0
1489239012.031735182 0.386906505 0.181607321 0 0 0 0 0
1489239012.080982685 0.310648650 0.256866574 0 0 0 0 0
1489239012.113610506 0.447519302 -0.180953339 0 0 0 0 0
1489239012.154521465 0.311079383 0.325465918 0 0 0 0 0
1489239012.195491552 0.338141114 0.109568261 0 0 0 0 0
1489239012.236649752 0.320540309 0.056475483 0 0 0 0 0
1489239012.277640104 0.349359095 0.129253536 0 0 0 0 0
1489239012.318423748 0.326022089 0.209085852 0 0 0 0 0
1489239012.363841295 0.342306405 -0.000617859 0 0 0 0 0
1489239012.400562048 0.307463765 0.161082432 0 0 0 0 0
1489239012.441419601 0.332695752 0.151003867 0 0 0 0 0
1489239012.482605457 0.317933172 0.055069439 0 0 0 0 0
1489239012.523734093 0.345269769 -0.037078444 0 0 0 0 0
1489239012.564712524 0.310438722 0.210945413 0 0 0 0 0
1489239012.564742804 0.301446855 0.130606800 0 0 0 0 0
1489239012.605449915 0.371470481 -0.096481338 0 0 0 0 0
1489239012.650712013 0.314300358 0.264966160 0 0 0 0 0
1489239012.687757492 0.368623197 0.020339664 0 0 0 0 0
1489239012.728675842 0.315289468 0.056248300 0 0 0 0 0
1489239012.769595861 0.327453196 0.117720902 0 0 0 0 0
1489239012.853541851 0.297459960 0.239246652 0 0 0 0 0
1489239012.853719473 0.381845802 -0.348569065 0 0 0 0 0
1489239012.892439127 0.325956285 0.260572284 0 0 0 0 0
1489239012.933629751 0.313127339 0.047541749 0 0 0 0 0
1489239012.974544525 0.392840922 -0.004783945 0 0 0 0 0
1489239012.974564314 0.398579657 0.042984359 0 0 0 0 0
1489239013.016291380 0.388792187 0.113017581 0 0 0 0 0
1489239013.056458235 0.380610138 0.098222993 0 0 0 0 0
1489239013.101642609 0.417260885 -0.091187730 0 0 0 0 0
1489239013.138511181 0.351929873 0.176571697 0 0 0 0 0
1489239013.179562330 0.312966466 0.136959940 0 0 0 0 0
1489239013.220499754 0.365523398 -0.162998363 0 0 0 0 0
1489239013.265647650 0.359777689 0.059475929 0 0 0 0 0
1489239013.302389622 0.294466257 0.271168709 0 0 0 0 0
1489239013.343610525 0.366756499 -0.194959193 0 0 0 0 0
1489239013.384520054 0.323002338 0.164344728 0 0 0 0 0
1489239013.388662577 0.357547522 0.084476843 0 0 0 0 0
1489239013.425755978 0.362544805 0.071222536 0 0 0 0 0
1489239013.466928244 0.348265469 -0.091980219 0 0 0 0 0
1489239013.507563829 0.334811836 0.116861746 0 0 0 0 0
1489239013.552643538 0.314332843 0.180353850 0 0 0 0 0
1489239013.589515686 0.334045351 -0.075353608 0 0 0 0 0
1489239013.630518198 0.333992302 0.097414427 0 0 0 0 0
1489239013.671572208 0.279840142 0.122701764 0 0 0 0 0
1489239013.716754913 0.330209583 0.010644930 0 0 0 0 0
1489239013.754077196 0.359728903 -0.006651065 0 0 0 0 0
1489239013.794270754 0.306725711 0.090196535 0 0 0 0 0
1489239013.835380793 0.291769207 0.097161166 0 0 0 0 0
1489239013.880473137 0.345940083 -0.070021838 0 0 0 0 0
1489239013.880727530 0.271369636 0.244423419 0 0 0 0 0
1489239013.917554140 0.350876927 -0.004932484 0 0 0 0 0
1489239013.958597660 0.330325305 0.010500453 0 0 0 0 0
1489239014.009413481 0.321153998 0.016641241 0 0 0 0 0
1489239014.040446520 0.302637041 0.034136873 0 0 0 0 0
1489239014.081444502 0.319841057 0.077034026 0 0 0 0 0
1489239014.122517586 0.277857006 -0.000011097 0 0 0 0 0
1489239014.167596102 0.278593749 0.011079939 0 0 0 0 0
1489239014.204395294 0.311513007 0.038781535 0 0 0 0 0
1489239014.245709419 0.291881382 0.174275488 0 0 0 0 0
1489239014.245736599 0.327678740 -0.252583921 0 0 0 0 0
1489239014.290614128 0.244695306 0.265607297 0 0 0 0 0
1489239014.327599764 0.312044621 -0.023608135 0 0 0 0 0
1489239014.368777752 0.286328554 -0.118489340 0 0 0 0 0
1489239014.409512758 0.262084872 0.068587378 0 0 0 0 0
1489239014.454718351 0.290743977 0.206591919 0 0 0 0 0
1489239014.491558790 0.343914419 -0.245688319 0 0 0 0 0
1489239014.532549858 0.328818649 0.114512324 0 0 0 0 0
1489239014.573380709 0.303519905 0.135077938 0 0 0 0 0
1489239014.618644476 0.317646205 -0.108985469 0 0 0 0 0
1489239014.655573845 0.265609115 0.050288148 0 0 0 0 0
1489239014.737704277 0.306258976 0.002079249 0 0 0 0 0
1489239014.780050278 0.241619676 0.048894927 0 0 0 0 0
1489239014.819412470 0.201983050 0.073747486 0 0 0 0 0
1489239014.860589981 0.263433993 -0.046732597 0 0 0 0 0
1489239014.901422501 0.172886908 -0.019810265 0 0 0 0 0
1489239014.942566633 0.167868063 0.112811342 0 0 0 0 0
1489239014.983413219 0.170102745 0.036787186 0 0 0 0 0
1489239015.024574757 0.179524928 -0.077453502 0 0 0 0 0
1489239015.065595388 0.166170910 0.018322121 0 0 0 0 0
1489239015.069690704 0.084408179 0.115882277 0 0 0 0 0
1489239015.106490850 0.162269980 -0.061468482 0 0 0 0 0
1489239015.147598743 0.060385011 0.101455487 0 0 0 0 0
1489239015.188695192 0.037390858 0.014038349 0 0 0 0 0
1489239015.229727030 0.034465812 -0.011243267 0 0 0 0 0
1489239015.270464182 0.032677226 0.008549562 0 0 0 0 0
1489239015.311600208 0.047281947 0.012923649 0 0 0 0 0
1489239015.352693319 0.034948669 0.004114757 0 0 0 0 0
1489239015.393474579 0.067652956 -0.072421260 0 0 0 0 0
1489239015.434573412 0.025055949 -0.000068304 0 0 0 0 0
1489239015.475552320 0.075406626 -0.054437537 0 0 0 0 0
1489239015.475588322 0.034803089 -0.131573871 0 0 0 0 0
1489239015.521203518 -0.012465520 0.003059289 0 0 0 0 0
1489239015.639572620 0.049225472 -0.016606297 0 0 0 0 0
1489239015.680359364 0.014591664 -0.126947850 0 0 0 0 0
1489239015.721397161 -0.009696309 0.004094211 0 0 0 0 0
1489239015.762525797 -0.009713650 -0.080327496 0 0 0 0 0
1489239015.803321838 -0.049864393 -0.046377059 0 0 0 0 0
1489239015.847890615 0.009010674 -0.076192006 0 0 0 0 0
1489239015.885605097 0.006824436 -0.039315511 0 0 0 0 0
1489239015.885629892 -0.000651008 -0.187186792 0 0 0 0 0
1489239015.926587343 0.051955648 -0.147549808 0 0 0 0 0
1489239015.971628189 0.075789496 -0.264457047 0 0 0 0 0
1489239016.008566618 0.052802712 -0.202893227 0 0 0 0 0
1489239016.049679756 0.019419389 -0.154622421 0 0 0 0 0
1489239016.090597391 -0.012485088 -0.223297864 0 0 0 0 0
1489239016.131538153 -0.015238643 -0.173748285 0 0 0 0 0
1489239016.172360182 -0.001878508 -0.314584434 0 0 0 0 0
1489239016.213604450 -0.017997304 -0.179287136 0 0 0 0 0
1489239016.254799604 -0.058214746 -0.229390413 0 0 0 0 0
1489239016.295470715 -0.000701088 -0.371725351 0 0 0 0 0
1489239016.295737267 -0.009453988 -0.126646683 0 0 0 0 0
1489239016.336778164 -0.002732138 -0.208215714 0 0 0 0 0
1489239016.377470255 0.048020788 -0.291645676 0 0 0 0 0
1489239016.422627449 0.015432009 -0.307791859 0 0 0 0 0
1489239016.460372448 0.006901897 -0.352500439 0 0 0 0 0
1489239016.500533581 0.048489984 -0.336839497 0 0 0 0 0
1489239016.541563034 -0.002771337 -0.364319623 0 0 0 0 0
1489239016.582472563 -0.011847923 -0.257385373 0 0 0 0 0
1489239016.623552084 0.010736980 -0.327534288 0 0 0 0 0
1489239016.664726973 0.039487813 -0.295096755 0 0 0 0 0
1489239016.664767981 -0.010270824 -0.399189740 0 0 0 0 0
1489239016.747492790 0.010386032 -0.322056353 0 0 0 0 0
1489239016.747513294 0.016611151 -0.351830214 0 0 0 0 0
1489239016.787535429 -0.055424370 -0.254884481 0 0 0 0 0
1489239016.828751564 -0.004160507 -0.508089125 0 0 0 0 0
1489239016.871375561 -0.035366155 -0.282823265 0 0 0 0 0
1489239016.910753965 -0.028650219 -0.476721346 0 0 0 0 0
1489239016.951415300 -0.018012088 -0.355299532 0 0 0 0 0
1489239016.992497206 -0.032560315 -0.313040376 0 0 0 0 0
1489239017.033772707 0.008298323 -0.458576858 0 0 0 0 0
1489239017.074466705 0.008511393 -0.395827711 0 0 0 0 0
1489239017.074495792 0.018706230 -0.223020554 0 0 0 0 0
1489239017.115535021 0.034636639 -0.518007874 0 0 0 0 0
1489239017.160816193 0.002595040 -0.306742340 0 0 0 0 0
1489239017.197432995 -0.028714448 -0.398367256 0 0 0 0 0
1489239017.238500834 -0.008060819 -0.399565876 0 0 0 0 0
1489239017.279542923 0.014226397 -0.404159606 0 0 0 0 0
1489239017.320495367 -0.055277336 -0.264924586 0 0 0 0 0
1489239017.361628056 0.009701563 -0.424060047 0 0 0 0 0
1489239017.402525425 -0.023550667 -0.409332901 0 0 0 0 0
1489239017.443485022 -0.035090409 -0.309637308 0 0 0 0 0
1489239017.484929085 -0.011771149 -0.447136015 0 0 0 0 0
1489239017.484950066 -0.036756404 -0.257901311 0 0 0 0 0
1489239017.525815725 0.032545470 -0.502761722 0 0 0 0 0
1489239017.566622019 0.000026031 -0.316189200 0 0 0 0 0
1489239017.611794472 -0.007454166 -0.319634020 0 0 0 0 0
1489239017.648502827 -0.016347552 -0.368043661 0 0 0 0 0
1489239017.689529181 -0.004841509 -0.388603806 0 0 0 0 0
1489239017.730639696 0.013887485 -0.508479297 0 0 0 0 0
1489239017.774253845 -0.007952815 -0.105584562 0 0 0 0 0
1489239017.812572718 0.008599842 -0.490496784 0 0 0 0 0
1489239017.853467703 0.055497844 -0.508606076 0 0 0 0 0
1489239017.894531250 0.004886047 -0.213831812 0 0 0 0 0
1489239017.898581266 -0.008798514 -0.449278891 0 0 0 0 0
1489239017.935502052 -0.012502037 -0.344486445 0 0 0 0 0
1489239017.976425648 -0.019475939 -0.388361603 0 0 0 0 0
1489239018.017617941 -0.036902834 -0.316215545 0 0 0 0 0
1489239018.063512325 -0.016143372 -0.553219199 0 0 0 0 0
1489239018.099457741 -0.012553659 -0.241033107 0 0 0 0 0
1489239018.140509844 0.017265582 -0.496646076 0 0 0 0 0
1489239018.181673527 -0.035820656 -0.332041502 0 0 0 0 0
1489239018.222438097 0.010439962 -0.402705431 0 0 0 0 0
1489239018.263586760 -0.032514852 -0.452858508 0 0 0 0 0
1489239018.304372787 -0.005516876 -0.341054499 0 0 0 0 0
1489239018.304516077 -0.010421676 -0.212986380 0 0 0 0 0
1489239018.349561453 -0.039545037 -0.407344341 0 0 0 0 0
1489239018.386555195 0.013147238 -0.511157870 0 0 0 0 0
1489239018.427583933 -0.050591625 -0.288241208 0 0 0 0 0
1489239018.468658924 -0.006744336 -0.483109713 0 0 0 0 0
1489239018.513828754 0.003174771 -0.407032669 0 0 0 0 0
1489239018.550508261 -0.001267857 -0.497878879 0 0 0 0 0
1489239018.592360020 -0.044321053 -0.274127334 0 0 0 0 0
1489239018.632540703 -0.016294992 -0.580190778 0 0 0 0 0
1489239018.673562288 0.010637202 -0.321247607 0 0 0 0 0
1489239018.714579821 -0.011811474 -0.437616825 0 0 0 0 0
1489239018.714614391 -0.009008545 -0.527550876 0 0 0 0 0
1489239018.755611897 0.001853534 -0.350240886 0 0 0 0 0
1489239018.800482988 -0.004828997 -0.301656753 0 0 0 0 0
1489239018.837712765 -0.000489914 -0.587766528 0 0 0 0 0
1489239018.878683090 -0.017386749 -0.216360778 0 0 0 0 0
1489239018.919333696 -0.000553751 -0.614267409 0 0 0 0 0
1489239018.964534521 -0.020062244 -0.260910809 0 0 0 0 0
1489239019.001394987 0.001381748 -0.589870036 0 0 0 0 0
1489239019.042417288 -0.021447346 -0.424787849 0 0 0 0 0
1489239019.083452702 0.016741961 -0.573986709 0 0 0 0 0
1489239019.087668657 -0.032501526 -0.227443576 0 0 0 0 0
1489239019.124667883 0.032389514 -0.677333415 0 0 0 0 0
1489239019.165465355 -0.054457057 -0.321131170 0 0 0 0 0
1489239019.206451416 -0.039600063 -0.451382250 0 0 0 0 0
1489239019.251606226 -0.033869866 -0.455660164 0 0 0 0 0
1489239019.288374901 0.002851345 -0.526009977 0 0 0 0 0
1489239019.329488993 -0.008270030 -0.330251276 0 0 0 0 0
1489239019.370320082 0.003968963 -0.546314597 0 0 0 0 0
1489239019.416507959 0.011191731 -0.536823332 0 0 0 0 0
1489239019.452540159 -0.026973799 -0.285857648 0 0 0 0 0
1489239019.493679523 0.013882726 -0.626989901 0 0 0 0 0
1489239019.493725777 0.003379480 -0.433904737 0 0 0 0 0
1489239019.538524151 -0.014550773 -0.316711128 0 0 0 0 0
1489239019.575402737 0.002041336 -0.399125159 0 0 0 0 0
1489239019.616492271 0.038620871 -0.619805217 0 0 0 0 0
1489239019.657379627 0.014760042 -0.328561246 0 0 0 0 0
1489239019.698543310 0.046660095 -0.649585366 0 0 0 0 0
1489239019.741810560 0.012045870 -0.417495549 0 0 0 0 0
1489239019.780440807 0.016910482 -0.473216206 0 0 0 0 0
1489239019.821416140 -0.022381755 -0.418259233 0 0 0 0 0
1489239019.862711668 0.005280815 -0.600852728 0 0 0 0 0
1489239019.903336763 -0.010464020 -0.505104065 0 0 0 0 0
1489239019.903549671 -0.001730122 -0.321913153 0 0 0 0 0
1489239019.944638014 0.028175751 -0.589071929 0 0 0 0 0
1489239019.985905647 -0.029077459 -0.456702560 0 0 0 0 0
1489239020.026560307 -0.009700125 -0.472476155 0 0 0 0 0
1489239020.067608595 0.013568625 -0.444247663 0 0 0 0 0
1489239020.108538628 0.042956453 -0.380921423 0 0 0 0 0
1489239020.149490118 0.023499591 -0.506167769 0 0 0 0 0
1489239020.190579891 -0.011081349 -0.266552150 0 0 0 0 0
1489239020.231566429 -0.016627602 -0.674317718 0 0 0 0 0
1489239020.272288799 0.054104447 -0.402270555 0 0 0 0 0
1489239020.313791037 -0.023589572 -0.284263164 0 0 0 0 0
1489239020.317833185 0.037189588 -0.638202310 0 0 0 0 0
1489239020.354525805 -0.015880857 -0.189594656 0 0 0 0 0
1489239020.395668030 0.007028742 -0.540140986 0 0 0 0 0
1489239020.436697960 0.021110689 -0.451812685 0 0 0 0 0
1489239020.477513075 -0.020308649 -0.338047206 0 0 0 0 0
1489239020.518393755 0.025692623 -0.426496983 0 0 0 0 0
1489239020.559486866 -0.011044731 -0.512561262 0 0 0 0 0
1489239020.600566626 -0.011006618 -0.363611341 0 0 0 0 0
1489239020.641407728 -0.018026691 -0.358205378 0 0 0 0 0
1489239020.682442188 0.008461431 -0.576926053 0 0 0 0 0
1489239020.723778486 -0.014772326 -0.452756971 0 0 0 0 0
1489239020.723827600 -0.008295697 -0.237107113 0 0 0 0 0
1489239020.768693209 -0.019679256 -0.454148859 0 0 0 0 0
1489239020.805395365 -0.033216655 -0.579290450 0 0 0 0 0
1489239020.846468210 -0.054129057 -0.321565628 0 0 0 0 0
1489239020.887576580 0.016507387 -0.458193839 0 0 0 0 0
1489239020.928323507 0.000142269 -0.517955124 0 0 0 0 0
1489239020.969529152 0.039135188 -0.580093622 0 0 0 0 0
1489239021.010390043 0.008999808 -0.217940882 0 0 0 0 0
1489239021.051445961 0.049783982 -0.603294492 0 0 0 0 0
1489239021.092553854 -0.002771621 -0.319336414 0 0 0 0 0
1489239021.133625507 -0.023490613 -0.392653495 0 0 0 0 0
1489239021.133651972 0.003451635 -0.528701425 0 0 0 0 0
1489239021.174367666 -0.036486425 -0.493670225 0 0 0 0 0
1489239021.219822407 -0.017839435 -0.051252075 0 0 0 0 0
1489239021.256595850 -0.001855870 -0.478122532 0 0 0 0 0
1489239021.379546404 0.049411725 -0.653400779 0 0 0 0 0
1489239021.420636892 -0.019433949 -0.251292944 0 0 0 0 0
1489239021.461666107 -0.005536917 -0.427902222 0 0 0 0 0
1489239021.502323389 0.006229495 -0.444432974 0 0 0 0 0
1489239021.543504715 0.030594021 -0.332533509 0 0 0 0 0
1489239021.543532133 0.033962592 -0.342083693 0 0 0 0 0
1489239021.584393024 0.055707306 -0.388935506 0 0 0 0 0
1489239021.625542879 -0.009715776 -0.312546730 0 0 0 0 0
1489239021.709121943 0.038167257 -0.364244848 0 0 0 0 0
1489239021.709140301 0.006948979 -0.338084280 0 0 0 0 0
1489239021.748543501 -0.020763300 -0.303164244 0 0 0 0 0
1489239021.789516211 -0.008828625 -0.393844306 0 0 0 0 0
1489239021.830377340 -0.004853266 -0.214128524 0 0 0 0 0
1489239021.871237516 0.023168648 -0.595713496 0 0 0 0 0
1489239021.912464857 0.004857269 -0.245464087 0 0 0 0 0
1489239021.953584433 0.014492368 -0.379518032 0 0 0 0 0
1489239021.957706928 0.036110878 -0.414866120 0 0 0 0 0
1489239021.994413137 0.027983677 -0.495629072 0 0 0 0 0
1489239022.035563469 -0.035208851 -0.160853639 0 0 0 0 0
1489239022.076372862 -0.007425457 -0.496030241 0 0 0 0 0
1489239022.124641895 -0.003565489 -0.442715257 0 0 0 0 0
1489239022.158362627 0.000692533 -0.245175451 0 0 0 0 0
1489239022.199635267 0.036050953 -0.496550411 0 0 0 0 0
1489239022.240562201 0.037362557 -0.372012377 0 0 0 0 0
1489239022.281418800 0.017836163 -0.349024653 0 0 0 0 0
1489239022.322589874 0.017976129 -0.428843558 0 0 0 0 0
1489239022.322612524 0.036676295 -0.363169879 0 0 0 0 0
1489239022.363713503 -0.005465566 -0.323335230 0 0 0 0 0
1489239022.408542633 0.038246274 -0.512483060 0 0 0 0 0
1489239022.445708275 0.030646941 -0.370150506 0 0 0 0 0
1489239022.486519098 0.042422634 -0.372619271 0 0 0 0 0
1489239022.527450323 0.068684958 -0.455071151 0 0 0 0 0
1489239022.571064472 0.035343952 -0.360642970 0 0 0 0 0
1489239022.609480381 0.077083692 -0.294307619 0 0 0 0 0
1489239022.650420666 0.064581200 -0.500737309 0 0 0 0 0
1489239022.691554546 0.126303568 -0.493326604 0 0 0 0 0
1489239022.736240625 0.002723432 -0.317225307 0 0 0 0 0
1489239022.736276388 0.075496592 -0.527651727 0 0 0 0 0
1489239022.773333311 0.055784065 -0.520369887 0 0 0 0 0
1489239022.814414024 0.077713743 -0.261526346 0 0 0 0 0
1489239022.859589338 0.027053779 -0.505922377 0 0 0 0 0
1489239022.896170616 0.091559395 -0.546582341 0 0 0 0 0
1489239022.937383175 0.040428404 -0.276710868 0 0 0 0 0
1489239022.978419542 0.059582014 -0.490647703 0 0 0 0 0
1489239023.022496939 0.049136821 -0.428423494 0 0 0 0 0
1489239023.060342312 0.022676479 -0.309937358 0 0 0 0 0
1489239023.101740837 0.043596525 -0.462796271 0 0 0 0 0
1489239023.142480373 0.093295813 -0.444724888 0 0 0 0 0
1489239023.183566332 0.052638698 -0.275175273 0 0 0 0 0
1489239023.183596134 0.072220877 -0.408576906 0 0 0 0 0
1489239023.224375725 0.103631780 -0.517948985 0 0 0 0 0
1489239023.265638351 0.039686602 -0.263391256 0 0 0 0 0
1489239023.310499668 0.035178162 -0.314508289 0 0 0 0 0
1489239023.347594738 0.050316531 -0.392230332 0 0 0 0 0
1489239023.388387442 0.103615008 -0.618120790 0 0 0 0 0
1489239023.429590940 -0.008126366 0.114954889 0 0 0 0 0
1489239023.472519875 0.046444882 -0.693966746 0 0 0 0 0
1489239023.511510134 0.029497182 -0.358907878 0 0 0 0 0
1489239023.552368641 0.066673994 -0.322136939 0 0 0 0 0
1489239023.593728781 0.014985588 -0.313416779 0 0 0 0 0
1489239023.635822296 0.075684272 -0.573535323 0 0 0 0 0
1489239023.675356627 -0.002401618 -0.249167562 0 0 0 0 0
1489239023.716381073 0.007874755 -0.275914788 0 0 0 0 0
1489239023.757446766 0.035606913 -0.611563861 0 0 0 0 0
1489239023.798506021 0.044349745 -0.330078512 0 0 0 0 0
1489239023.839408636 -0.083423056 0.125709146 0 0 0 0 0
1489239023.880576372 0.034243919 -0.926118195 0 0 0 0 0
1489239023.884649515 -0.025489336 0.107645348 0 0 0 0 0
1489239023.921468496 -0.023097832 -0.145538867 0 0 0 0 0
1489239023.962625980 0.022221595 -0.617653966 0 0 0 0 0
1489239024.003348589 -0.016893432 -0.079860888 0 0 0 0 0
1489239024.048503160 -0.009363804 -0.118967891 0 0 0 0 0
1489239024.085654497 0.012532326 -0.469303221 0 0 0 0 0
1489239024.126580954 -0.004332791 -0.372387350 0 0 0 0 0
1489239024.167546034 0.000274413 -0.071435809 0 0 0 0 0
1489239024.212475061 0.000991440 -0.381287962 0 0 0 0 0
1489239024.249346256 0.021085063 -0.351395726 0 0 0 0 0
1489239024.290360928 -0.014400381 -0.076117173 0 0 0 0 0
1489239024.331454039 -0.031631187 -0.312292069 0 0 0 0 0
1489239024.372378111 -0.039293218 -0.237681955 0 0 0 0 0
1489239024.413489342 -0.032682985 -0.183242336 0 0 0 0 0
1489239024.454365730 0.001852551 -0.231433794 0 0 0 0 0
1489239024.495536566 -0.017490137 -0.283008873 0 0 0 0 0
1489239024.536696196 -0.069591835 -0.220686764 0 0 0 0 0
1489239024.659469843 -0.023407804 -0.189674646 0 0 0 0 0
1489239024.703392029 -0.079198062 -0.096676074 0 0 0 0 0
1489239024.741432667 -0.059190549 -0.218539238 0 0 0 0 0
1489239024.782429457 -0.135623038 -0.009644639 0 0 0 0 0
1489239024.823642731 -0.145834237 -0.137876034 0 0 0 0 0
1489239024.864351749 -0.133683011 -0.181816310 0 0 0 0 0
1489239024.905354977 -0.152151540 -0.023094475 0 0 0 0 0
1489239024.946582317 -0.182983354 -0.083724797 0 0 0 0 0
1489239024.987405062 -0.196835250 -0.243316576 0 0 0 0 0
1489239025.028506041 -0.224823043 -0.057184577 0 0 0 0 0
1489239025.069554567 -0.231072456 -0.027952531 0 0 0 0 0
1489239025.114679813 -0.278243750 -0.109935544 0 0 0 0 0
1489239025.151348591 -0.267928481 -0.013400081 0 0 0 0 0
1489239025.192569494 -0.275780857 -0.144210398 0 0 0 0 0
1489239025.233529091 -0.246031478 -0.068633251 0 0 0 0 0
1489239025.274359703 -0.313995749 -0.021645993 0 0 0 0 0
1489239025.315389395 -0.324443936 -0.120062567 0 0 0 0 0
1489239025.356509209 -0.311444104 -0.190506384 0 0 0 0 0
1489239025.397630453 -0.327290863 -0.044340797 0 0 0 0 0
1489239025.438457012 -0.324724287 -0.054308396 0 0 0 0 0
1489239025.438480854 -0.330557913 -0.264580071 0 0 0 0 0
1489239025.479547262 -0.355827987 -0.015970241 0 0 0 0 0
1489239025.520403147 -0.331104457 -0.097060181 0 0 0 0 0
1489239025.602464676 -0.345868051 -0.306116730 0 0 0 0 0
1489239025.602479696 -0.352231681 -0.104573622 0 0 0 0 0
1489239025.643541098 -0.373860121 0.066373304 0 0 0 0 0
1489239025.684348345 -0.329363912 -0.346124321 0 0 0 0 0
1489239025.725663900 -0.366084188 0.023174006 0 0 0 0 0
1489239025.766516209 -0.368015349 -0.004394436 0 0 0 0 0
1489239025.807359457 -0.319667637 -0.328360856 0 0 0 0 0
1489239025.848362446 -0.335478127 -0.113450661 0 0 0 0 0
1489239025.889496088 -0.354499400 0.006725581 0 0 0 0 0
1489239025.930520296 -0.318363577 -0.156484112 0 0 0 0 0
1489239025.930558443 -0.413303316 -0.275955766 0 0 0 0 0
1489239025.971518517 -0.417644173 0.026387900 0 0 0 0 0
1489239026.016570568 -0.357054263 -0.106733635 0 0 0 0 0
1489239026.053447247 -0.359579146 -0.302422196 0 0 0 0 0
1489239026.094397783 -0.372825623 0.090657905 0 0 0 0 0
1489239026.135545254 -0.341463149 -0.137414247 0 0 0 0 0
1489239026.176389456 -0.396721303 -0.156181499 0 0 0 0 0
1489239026.217338800 -0.372817278 0.001855922 0 0 0 0 0
1489239026.258443117 -0.382518113 -0.043353595 0 0 0 0 0
1489239026.303478718 -0.367667586 -0.311106265 0 0 0 0 0
1489239026.340338707 -0.382250696 -0.039978374 0 0 0 0 0
1489239026.381326199 -0.450424820 -0.081711441 0 0 0 0 0
1489239026.422420263 -0.392309189 -0.310595661 0 0 0 0 0
1489239026.467805624 -0.314069092 0.022667948 0 0 0 0 0
1489239026.504280329 -0.402910143 -0.181288436 0 0 0 0 0
1489239026.545439959 -0.313700944 -0.074690260 0 0 0 0 0
1489239026.586676121 -0.367568493 -0.233992264 0 0 0 0 0
1489239026.629512787 -0.395535797 0.033491805 0 0 0 0 0
1489239026.629531860 -0.373641968 -0.309058666 0 0 0 0 0
1489239026.668476820 -0.399715722 -0.061491143 0 0 0 0 0
1489239026.709514141 -0.410677612 -0.034519624 0 0 0 0 0
1489239026.754586220 -0.359302342 -0.069022849 0 0 0 0 0
1489239026.791471720 -0.429408163 -0.197340429 0 0 0 0 0
1489239026.832363605 -0.472951233 -0.020526886 0 0 0 0 0
1489239026.873434067 -0.408101737 -0.040857337 0 0 0 0 0
1489239026.918525696 -0.415221214 -0.168620661 0 0 0 0 0
1489239026.955400467 -0.377715528 -0.104642890 0 0 0 0 0
1489239026.996482611 -0.485966057 -0.007046901 0 0 0 0 0
1489239027.037439823 -0.477791160 -0.192285985 0 0 0 0 0
1489239027.078378677 -0.515958846 -0.047328226 0 0 0 0 0
1489239027.119490385 -0.456491053 -0.006308819 0 0 0 0 0
1489239027.160476208 -0.437969446 -0.187597170 0 0 0 0 0
1489239027.201451540 -0.441172600 0.020334005 0 0 0 0 0
1489239027.242581367 -0.500975013 -0.073743537 0 0 0 0 0
1489239027.242604494 -0.464306891 -0.169092998 0 0 0 0 0
1489239027.324563503 -0.533798397 -0.010093857 0 0 0 0 0
1489239027.365485668 -0.546740174 -0.154869780 0 0 0 0 0
1489239027.406265736 -0.557763398 0.176313803 0 0 0 0 0
1489239027.447447777 -0.505283535 -0.282167256 0 0 0 0 0
1489239027.489628315 -0.558169067 -0.110110924 0 0 0 0 0
1489239027.529521704 -0.509020507 0.078406252 0 0 0 0 0
1489239027.570375919 -0.486414582 -0.234275818 0 0 0 0 0
1489239027.611456633 -0.494854271 -0.085709259 0 0 0 0 0
1489239027.652513027 -0.510473788 -0.069197536 0 0 0 0 0
1489239027.697277308 -0.506446123 -0.145233229 0 0 0 0 0
1489239027.734589577 -0.520910978 -0.114470936 0 0 0 0 0
1489239027.775415182 -0.576093376 -0.072856396 0 0 0 0 0
1489239027.820746422 -0.510274291 -0.275957674 0 0 0 0 0
1489239027.857348204 -0.561869025 0.032257758 0 0 0 0 0
1489239027.898542643 -0.541794419 -0.138604149 0 0 0 0 0
1489239027.943495274 -0.561781645 -0.273502111 0 0 0 0 0
1489239027.980408669 -0.557704151 0.030198237 0 0 0 0 0
1489239028.021221399 -0.497694016 -0.407197654 0 0 0 0 0
1489239028.062519550 -0.542210340 0.166320294 0 0 0 0 0
1489239028.144525290 -0.465633243 -0.302588940 0 0 0 0 0
1489239028.185407639 -0.495711267 -0.212444633 0 0 0 0 0
1489239028.226709604 -0.503172517 0.036661316 0 0 0 0 0
1489239028.271585703 -0.488036096 -0.245623186 0 0 0 0 0
1489239028.308357954 -0.501106083 -0.203749493 0 0 0 0 0
1489239028.349597216 -0.502039433 -0.062115185 0 0 0 0 0
1489239028.431485415 -0.452157199 -0.247454733 0 0 0 0 0
1489239028.472305536 -0.459496975 -0.103717789 0 0 0 0 0
1489239028.513566256 -0.469118744 -0.067413375 0 0 0 0 0
1489239028.554438591 -0.531559765 -0.238561302 0 0 0 0 0
1489239028.596632481 -0.476533234 -0.038119890 0 0 0 0 0
1489239028.636347771 -0.545036912 -0.044983305 0 0 0 0 0
1489239028.677358150 -0.530320525 -0.334344000 0 0 0 0 0
1489239028.719236374 -0.566870570 0.077984281 0 0 0 0 0
1489239028.759391546 -0.538617373 -0.157917351 0 0 0 0 0
1489239028.800276995 -0.534226716 -0.111005485 0 0 0 0 0
1489239028.882390976 -0.545903325 -0.209661394 0 0 0 0 0
1489239028.923429489 -0.581553876 0.045227051 0 0 0 0 0
1489239028.964528799 -0.505339742 -0.277046502 0 0 0 0 0
1489239029.005246878 -0.565965056 0.035900138 0 0 0 0 0
1489239029.046288729 -0.504907727 -0.072759628 0 0 0 0 0
1489239029.087634325 -0.528535664 -0.103411056 0 0 0 0 0
1489239029.128463268 -0.548786044 0.064133599 0 0 0 0 0
1489239029.173407078 -0.502142727 -0.200628802 0 0 0 0 0
1489239029.210392714 -0.511508584 -0.028246736 0 0 0 0 0
1489239029.292501926 -0.539799571 -0.053810149 0 0 0 0 0
1489239029.333348989 -0.581393421 0.128217131 0 0 0 0 0
1489239029.374287128 -0.525526047 -0.345142901 0 0 0 0 0
1489239029.415548801 -0.586089969 0.165437713 0 0 0 0 0
1489239029.460649967 -0.517297328 -0.235629514 0 0 0 0 0
1489239029.497361660 -0.622106194 0.064886242 0 0 0 0 0
1489239029.579555511 -0.554758430 -0.157231882 0 0 0 0 0
1489239029.622736454 -0.572651744 -0.096391007 0 0 0 0 0
1489239029.661520243 -0.601892591 0.067541219 0 0 0 0 0
1489239029.702312231 -0.548109651 -0.340100944 0 0 0 0 0
1489239029.747560263 -0.602871656 0.138590962 0 0 0 0 0
1489239029.825387716 -0.546489120 -0.062335849 0 0 0 0 0
1489239029.866584778 -0.520876884 -0.338809580 0 0 0 0 0
1489239029.911580324 -0.600325704 0.320224464 0 0 0 0 0
1489239029.948409319 -0.510768771 -0.482221037 0 0 0 0 0
1489239030.030569077 -0.582613289 0.193861008 0 0 0 0 0
1489239030.071405172 -0.458112240 -0.180660576 0 0 0 0 0
1489239030.112367630 -0.545232654 -0.030837944 0 0 0 0 0
1489239030.153532743 -0.570579648 -0.099746689 0 0 0 0 0
1489239030.235377550 -0.573643744 -0.064878307 0 0 0 0 0
1489239030.276418447 -0.582127094 -0.116441108 0 0 0 0 0
1489239030.317352295 -0.597939372 -0.017127050 0 0 0 0 0
1489239030.399379015 -0.554044902 -0.230033204 0 0 0 0 0
1489239030.440339804 -0.603401065 0.002450041 0 0 0 0 0
1489239030.481448412 -0.586964548 -0.058712244 0 0 0 0 0
1489239030.563516140 -0.578601182 -0.128555626 0 0 0 0 0
1489239030.604337215 -0.561048627 -0.047608454 0 0 0 0 0
1489239030.689725637 -0.510694385 -0.049026191 0 0 0 0 0
1489239030.727727413 -0.511384130 -0.123971954 0 0 0 0 0
1489239030.768438816 -0.488344669 -0.021238988 0 0 0 0 0
1489239030.813410759 -0.445017338 -0.119313873 0 0 0 0 0
1489239030.891298056 -0.422831535 -0.056187846 0 0 0 0 0
1489239030.932411671 -0.429324001 -0.115927972 0 0 0 0 0
1489239031.014575720 -0.456197321 -0.063716583 0 0 0 0 0
1489239031.056234837 -0.423127472 -0.130902618 0 0 0 0 0
1489239031.100616455 -0.443882883 -0.000718260 0 0 0 0 0
1489239031.178419590 -0.407270521 -0.119628862 0 0 0 0 0
1489239031.219191313 -0.421977818 -0.082846418 0 0 0 0 0
1489239031.301447153 -0.371356517 -0.043578215 0 0 0 0 0
1489239031.342425346 -0.331687033 -0.061927967 0 0 0 0 0
1489239031.424357653 -0.324257433 -0.057216726 0 0 0 0 0
1489239031.465564966 -0.297712475 -0.098042183 0 0 0 0 0
1489239031.547515154 -0.279050559 -0.070398502 0 0 0 0 0
1489239031.588165045 -0.247659683 -0.023013350 0 0 0 0 0
1489239031.670279026 -0.160366237 -0.073800094 0 0 0 0 0
1489239031.715504885 -0.188980117 -0.006779414 0 0 0 0 0
1489239031.793511629 -0.163988397 -0.090017818 0 0 0 0 0
1489239031.834300995 -0.165172175 0.014670099 0 0 0 0 0
1489239031.916373014 -0.094409332 -0.004951044 0 0 0 0 0
1489239031.957507133 -0.062574536 0.009995478 0 0 0 0 0
1489239032.039354563 -0.024986062 -0.032919995 0 0 0 0 0
1489239032.080308676 -0.011103759 -0.000801752 0 0 0 0 0
1489239032.166573048 0.004398346 0.010769948 0 0 0 0 0
1489239032.244488478 0.029298538 -0.016214658 0 0 0 0 0
1489239032.285446405 0.001585356 0.027313316 0 0 0 0 0
1489239032.367517710 0.001587097 0.004709583 0 0 0 0 0
1489239032.408416510 0.034053914 -0.019422125 0 0 0 0 0
1489239032.490531445 -0.008323018 0.041014962 0 0 0 0 0
1489239032.572274208 0.012299967 -0.017600548 0 0 0 0 0
1489239032.654878139 0.018030744 -0.016690014 0 0 0 0 0
1489239032.695339441 -0.007515115 0.022826331 0 0 0 0 0
1489239032.736540556 0.019413423 -0.004368751 0 0 0 0 0
1489239032.818442583 0.012680849 0.022160877 0 0 0 0 0
1489239032.859397411 -0.001163164 0.007280727 0 0 0 0 0
1489239032.941267014 0.020607408 -0.008696064 0 0 0 0 0
1489239033.023314953 0.016643219 0.013060833 0 0 0 0 0
1489239033.068634510 0.023728851 0.010284582 0 0 0 0 0
1489239033.146256208 0.019797897 -0.013487863 0 0 0 0 0
1489239033.191445589 0.011488786 0.022999194 0 0 0 0 0
1489239033.269317389 0.025704524 -0.042724382 0 0 0 0 0
1489239033.392327547 0.015482453 -0.047966175 0 0 0 0 0
1489239033.474300385 0.022586284 0.021486619 0 0 0 0 0
1489239033.519762754 0.006529375 -0.040253669 0 0 0 0 0
1489239033.597252607 -0.000396305 0.030515432 0 0 0 0 0
1489239033.680469513 0.016238913 0.019801881 0 0 0 0 0
1489239033.720253944 0.019019986 -0.029524719 0 0 0 0 0
1489239033.802313805 0.010314802 0.010310554 0 0 0 0 0
1489239033.843471289 -0.001962197 -0.006326877 0 0 0 0 0
1489239033.925285339 0.015052411 0.030442512 0 0 0 0 0
1489239033.970412731 0.013770336 -0.011817749 0 0 0 0 0
1489239034.048536539 0.010296635 0.010305168 0 0 0 0 0
1489239034.130381107 0.017427478 0.001194325 0 0 0 0 0
1489239034.171169043 0.018611971 0.005138434 0 0 0 0 0
1489239034.253983974 0.024541030 0.008312911 0 0 0 0 0
1489239034.294278383 0.012163537 0.004057967 0 0 0 0 0
1489239034.376277685 0.001954603 0.006924787 0 0 0 0 0
1489239034.458367825 0.010675647 0.001983264 0 0 0 0 0
1489239034.499187708 -0.001585032 0.010676231 0 0 0 0 0
1489239034.581266403 0.017099656 -0.003541673 0 0 0 0 0
1489239034.622306824 0.019397251 0.015435207 0 0 0 0 0
1489239034.704329014 0.014633765 0.002770636 0 0 0 0 0
1489239034.747228146 -0.000581796 0.010691154 0 0 0 0 0
1489239034.827364922 0.028110763 0.003574363 0 0 0 0 0
1489239034.909846783 0.003164229 0.006324825 0 0 0 0 0
1489239034.950235128 0.017810579 0.007520023 0 0 0 0 0
1489239035.032568693 0.004853505 0.008654207 0 0 0 0 0
1489239035.073201180 0.011863500 0.005145431 0 0 0 0 0
