# text file for ../bag/translation1.bag
# format: time stamp x y z qx qy qz qw
1489656701.311582565 0.000000000 -0.072370268 0 0 0 0 0
1489656701.393728018 0.001468049 -0.113981411 0 0 0 0 0
1489656701.434580088 0.000000000 -0.032158650 0 0 0 0 0
1489656701.516664267 0.012594983 0.010612343 0 0 0 0 0
1489656701.600920916 0.000000000 0.000260198 0 0 0 0 0
1489656701.639762640 0.000000000 0.025022417 0 0 0 0 0
1489656701.680646658 0.000000000 -0.060173012 0 0 0 0 0
1489656701.762609720 -0.003147340 -0.001050717 0 0 0 0 0
1489656701.803721905 0.000000000 -0.038414031 0 0 0 0 0
1489656701.885758400 -0.002748003 -0.021591948 0 0 0 0 0
1489656701.926622629 -0.001571996 -0.035508104 0 0 0 0 0
1489656702.008691549 0.001374374 -0.011322005 0 0 0 0 0
1489656702.049762249 0.008810459 -0.002989361 0 0 0 0 0
1489656702.131619692 0.000000000 -0.113341853 0 0 0 0 0
1489656702.178105354 0.000000000 -0.084388688 0 0 0 0 0
1489656702.254609585 -0.003145418 -0.091404982 0 0 0 0 0
1489656702.295580149 -0.003995851 -0.241721570 0 0 0 0 0
1489656702.377671957 0.000000000 -0.445715755 0 0 0 0 0
1489656702.418674231 0.000000000 0.000000000 0 0 0 0 0
1489656702.500600815 -0.017624896 -0.858573496 0 0 0 0 0
1489656702.582710266 -0.040723760 -1.161378264 0 0 0 0 0
1489656702.667894125 -0.049246095 -1.095635772 0 0 0 0 0
1489656702.705531120 -0.078878336 -1.225420237 0 0 0 0 0
1489656702.746823311 -0.130476072 -1.114340425 0 0 0 0 0
1489656702.828531027 -0.149336144 -0.425733745 0 0 0 0 0
1489656702.869617224 -0.174663588 -0.108592793 0 0 0 0 0
1489656702.951795340 -0.221418947 0.564148545 0 0 0 0 0
1489656703.033630133 -0.262559474 0.750099063 0 0 0 0 0
1489656703.080183744 -0.126878634 0.464655995 0 0 0 0 0
1489656703.156611443 -0.230796456 0.223261833 0 0 0 0 0
1489656703.197683334 -0.266008466 0.530783236 0 0 0 0 0
1489656703.238669395 -0.236288071 0.184159011 0 0 0 0 0
1489656703.279748678 -0.322562039 0.264509141 0 0 0 0 0
1489656703.361583233 -0.313780576 0.203171179 0 0 0 0 0
1489656703.402740002 -0.377522171 0.190111786 0 0 0 0 0
1489656703.443645954 -0.352176934 0.160975844 0 0 0 0 0
1489656703.484576941 -0.352376312 0.194181666 0 0 0 0 0
1489656703.566646576 -0.403426170 0.242545918 0 0 0 0 0
1489656703.607685804 -0.432156801 0.283473253 0 0 0 0 0
1489656703.648699522 -0.458567858 0.267397106 0 0 0 0 0
1489656703.694389343 -0.425515085 0.265478760 0 0 0 0 0
1489656703.771773577 -0.500657976 0.305230916 0 0 0 0 0
1489656703.812570095 -0.450177550 0.294386774 0 0 0 0 0
1489656703.853561640 -0.527552724 0.333843052 0 0 0 0 0
1489656703.894632339 -0.457658321 0.289824903 0 0 0 0 0
1489656703.935785532 -0.514910817 0.296072125 0 0 0 0 0
1489656704.017799139 -0.520006418 0.274936616 0 0 0 0 0
1489656704.058576822 -0.493911177 0.285953790 0 0 0 0 0
1489656704.099599600 -0.525831461 0.271324813 0 0 0 0 0
1489656704.140687227 -0.530328274 0.276878208 0 0 0 0 0
1489656704.222719908 -0.532646120 0.288295418 0 0 0 0 0
1489656704.263637543 -0.528118610 0.402833760 0 0 0 0 0
1489656704.304554462 -0.537105322 0.495488048 0 0 0 0 0
1489656704.345610619 -0.523033857 0.455775410 0 0 0 0 0
1489656704.386615276 -0.530086994 0.431045383 0 0 0 0 0
1489656704.468723297 -0.526814044 0.486031413 0 0 0 0 0
1489656704.509661436 -0.531161964 0.408048064 0 0 0 0 0
1489656704.550607920 -0.576295435 0.429027557 0 0 0 0 0
1489656704.592052221 -0.542886794 0.355718911 0 0 0 0 0
1489656704.673780203 -0.574283242 0.003132716 0 0 0 0 0
1489656704.714670181 -0.577797711 -0.110718064 0 0 0 0 0
1489656704.755716085 0.000000000 0.000000000 0 0 0 0 0
1489656704.837706804 0.000000000 0.000000000 0 0 0 0 0
1489656704.884236574 -0.451430321 -0.188095972 0 0 0 0 0
1489656704.960681200 -0.478914768 0.794169843 0 0 0 0 0
1489656705.001712322 -0.483209729 0.692600548 0 0 0 0 0
1489656705.042689562 0.000000000 0.000000000 0 0 0 0 0
1489656705.083663940 -0.613835633 0.445246011 0 0 0 0 0
1489656705.165700436 -0.672819257 0.491609991 0 0 0 0 0
1489656705.206548452 -0.605226636 0.461706340 0 0 0 0 0
1489656705.247545958 -0.605688930 0.388064533 0 0 0 0 0
1489656705.288602114 -0.417703003 0.301411182 0 0 0 0 0
1489656705.334931135 -0.493463099 0.387776196 0 0 0 0 0
1489656705.370662212 -0.603786409 0.449612260 0 0 0 0 0
1489656705.411717892 -0.619477630 0.358165890 0 0 0 0 0
1489656705.458292246 -0.353578895 0.141852602 0 0 0 0 0
1489656705.534665823 -0.605093062 0.382338703 0 0 0 0 0
1489656705.575688362 -0.617047906 0.290593714 0 0 0 0 0
1489656705.616617203 -0.516934633 0.233437344 0 0 0 0 0
1489656705.659636497 -0.438210219 0.456402808 0 0 0 0 0
1489656705.698704958 -0.556673765 0.400573224 0 0 0 0 0
1489656705.739649773 -0.475004494 0.379185587 0 0 0 0 0
1489656705.780686140 -0.494678319 0.404282629 0 0 0 0 0
1489656705.821772337 -0.487453163 0.364598453 0 0 0 0 0
1489656705.903712511 -0.434413254 0.355303198 0 0 0 0 0
1489656705.944605350 -0.468326479 0.298347980 0 0 0 0 0
1489656705.985641003 -0.406164557 0.256928802 0 0 0 0 0
1489656706.026592255 -0.339190900 0.262015760 0 0 0 0 0
1489656706.108585358 -0.297282338 -0.026847342 0 0 0 0 0
1489656706.149637461 -0.267126828 0.236663267 0 0 0 0 0
1489656706.190612555 -0.074244738 0.020295823 0 0 0 0 0
1489656706.237068176 -0.171847939 0.092693880 0 0 0 0 0
1489656706.313633680 -0.080837920 0.041609086 0 0 0 0 0
1489656706.354616404 -0.098654047 0.018836839 0 0 0 0 0
1489656706.395725727 -0.033571757 0.014422196 0 0 0 0 0
1489656706.436774969 0.000106217 0.006479247 0 0 0 0 0
1489656706.518688679 0.004781150 0.001593717 0 0 0 0 0
1489656706.559628963 0.006918605 0.000000000 0 0 0 0 0
1489656706.600660801 0.015009830 -0.001416198 0 0 0 0 0
1489656706.641645670 0.010770241 -0.001770247 0 0 0 0 0
1489656706.723812342 0.061385941 -0.001143093 0 0 0 0 0
1489656706.764702797 0.046954874 -0.005551976 0 0 0 0 0
1489656706.811297417 0.098871164 -0.011982663 0 0 0 0 0
1489656706.887663603 0.113076188 -0.004635238 0 0 0 0 0
1489656706.928682566 0.101016164 -0.002684625 0 0 0 0 0
1489656706.975332022 0.158538416 -0.010268690 0 0 0 0 0
1489656707.010723352 0.101778463 -0.010983812 0 0 0 0 0
1489656707.092616081 0.189528614 -0.020735586 0 0 0 0 0
1489656707.133579969 0.162308469 -0.004034977 0 0 0 0 0
1489656707.174757957 0.060591657 0.088084780 0 0 0 0 0
1489656707.215746164 0.222653389 -0.109213218 0 0 0 0 0
1489656707.297521353 0.233375713 0.000000000 0 0 0 0 0
1489656707.338632107 0.131186768 0.146909505 0 0 0 0 0
1489656707.379685640 0.248472214 -0.145641997 0 0 0 0 0
1489656707.426536083 0.237908840 0.000000000 0 0 0 0 0
1489656707.502663136 0.249155730 -0.019249793 0 0 0 0 0
1489656707.543705463 0.264850378 -0.006176634 0 0 0 0 0
1489656707.584630013 0.268680334 -0.040175505 0 0 0 0 0
1489656707.666772366 0.268664300 -0.033758722 0 0 0 0 0
1489656707.707527876 0.267803699 -0.005162218 0 0 0 0 0
1489656707.753399611 0.297616005 -0.037705343 0 0 0 0 0
1489656707.789634943 0.276535690 -0.003136595 0 0 0 0 0
1489656707.871613026 0.312114865 0.112286113 0 0 0 0 0
1489656707.912624836 0.282916576 -0.141055018 0 0 0 0 0
1489656707.953791618 0.331459433 -0.049359765 0 0 0 0 0
1489656708.000276566 0.256666392 0.041833833 0 0 0 0 0
1489656708.076649427 0.424141318 -0.084781781 0 0 0 0 0
1489656708.117662907 0.421742588 -0.034216098 0 0 0 0 0
1489656708.158648968 0.475422621 -0.067741886 0 0 0 0 0
1489656708.199654102 0.394249588 -0.124440670 0 0 0 0 0
1489656708.240700960 0.483088493 -0.081980683 0 0 0 0 0
1489656708.322813034 0.503744006 -0.085561357 0 0 0 0 0
1489656708.363698483 0.507211149 -0.069934413 0 0 0 0 0
1489656708.404617548 0.502388597 -0.069851473 0 0 0 0 0
1489656708.486835480 0.514819503 -0.093879893 0 0 0 0 0
1489656708.527644396 0.520091534 -0.114924327 0 0 0 0 0
1489656708.568777800 0.501831114 -0.157489941 0 0 0 0 0
1489656708.650964975 0.479890257 -0.236391068 0 0 0 0 0
1489656708.691831589 0.506256759 -0.247059345 0 0 0 0 0
1489656708.732686043 0.431478173 -0.181865722 0 0 0 0 0
1489656708.779111624 0.394588053 -0.090385161 0 0 0 0 0
1489656708.855632067 0.420768976 -0.152100906 0 0 0 0 0
1489656708.896627665 0.366629481 -0.278649598 0 0 0 0 0
1489656708.978682041 0.130565479 0.261130959 0 0 0 0 0
1489656709.019701958 0.055896461 -0.111792922 0 0 0 0 0
1489656709.101655722 0.226787463 -0.024979649 0 0 0 0 0
1489656709.142744541 0.353894830 -0.261695623 0 0 0 0 0
1489656709.230393648 0.000000000 0.000000000 0 0 0 0 0
1489656709.265542030 0.143159345 -0.260251373 0 0 0 0 0
1489656709.347713470 0.323624730 -0.131577954 0 0 0 0 0
1489656709.388581514 0.388965070 -0.278361946 0 0 0 0 0
1489656709.429594755 0.378019333 -0.235309362 0 0 0 0 0
1489656709.470629930 0.513799429 -0.308579832 0 0 0 0 0
1489656709.552619457 0.522488713 -0.287313342 0 0 0 0 0
1489656709.593580484 0.408650100 -0.298725843 0 0 0 0 0
1489656709.634615183 0.504026651 -0.261487603 0 0 0 0 0
1489656709.718229055 0.395453393 -0.315133095 0 0 0 0 0
1489656709.757775545 0.524629533 -0.292821974 0 0 0 0 0
1489656709.798766851 0.333912760 -0.213084280 0 0 0 0 0
1489656709.839689016 0.531498373 -0.300375640 0 0 0 0 0
1489656709.921801090 0.516317427 -0.288460344 0 0 0 0 0
1489656709.962676764 0.519571841 -0.230257362 0 0 0 0 0
1489656710.003554821 0.549498439 -0.296977699 0 0 0 0 0
1489656710.085632324 0.527185738 -0.288102180 0 0 0 0 0
1489656710.132376432 0.581299007 -0.276811689 0 0 0 0 0
1489656710.167706013 0.530599236 -0.310842127 0 0 0 0 0
1489656710.208552837 0.538293898 -0.289930671 0 0 0 0 0
1489656710.290732861 0.526944041 -0.171018422 0 0 0 0 0
1489656710.331838369 0.458410561 0.057450105 0 0 0 0 0
1489656710.413596153 0.463142067 0.397848755 0 0 0 0 0
1489656710.454651356 0.445463508 0.839031279 0 0 0 0 0
1489656710.536690474 0.501747727 0.990624726 0 0 0 0 0
1489656710.583522797 0.507893443 0.579437554 0 0 0 0 0
1489656710.659856319 0.474752843 0.434255451 0 0 0 0 0
1489656710.700700760 0.476573080 -0.037071683 0 0 0 0 0
1489656710.782780647 0.589721203 0.116700567 0 0 0 0 0
1489656710.823761940 0.000000000 0.000000000 0 0 0 0 0
1489656710.870020866 0.693414807 0.095539823 0 0 0 0 0
1489656710.905498028 0.642776132 0.004596901 0 0 0 0 0
1489656710.987630606 0.597235084 -0.171793669 0 0 0 0 0
1489656711.034106731 0.644262075 -0.288377553 0 0 0 0 0
1489656711.069535494 0.696352065 -0.236451983 0 0 0 0 0
1489656711.110610247 0.561898232 -0.278788954 0 0 0 0 0
1489656711.157275677 0.492959231 -0.283923745 0 0 0 0 0
