# text file for ../bag/translation5.bag
# format: time stamp x y z qx qy qz qw
1489656885.689451218 0.000000000 0.000000000 0 0 0 0 0
1489656885.730464935 0.000000000 0.000000000 0 0 0 0 0
1489656885.777253628 0.000000000 0.000000000 0 0 0 0 0
1489656885.853572130 0.000000000 0.000000000 0 0 0 0 0
1489656885.894387007 0.000000000 0.000000000 0 0 0 0 0
1489656885.935395718 0.000000000 0.000000000 0 0 0 0 0
1489656885.976253510 0.000000000 0.000000000 0 0 0 0 0
1489656886.017179012 0.000000000 0.000000000 0 0 0 0 0
1489656886.103350639 -0.029131508 -0.041673515 0 0 0 0 0
1489656886.140271425 0.023139244 0.048846636 0 0 0 0 0
1489656886.181257963 -0.133454666 -0.099629752 0 0 0 0 0
1489656886.228054047 0.000000000 0.000000000 0 0 0 0 0
1489656886.304223061 0.000000000 0.000000000 0 0 0 0 0
1489656886.345276594 0.000000000 0.000000000 0 0 0 0 0
1489656886.386276007 0.000000000 0.000000000 0 0 0 0 0
1489656886.427425146 0.000000000 0.000000000 0 0 0 0 0
1489656886.468216896 0.000000000 0.000000000 0 0 0 0 0
1489656886.550123453 0.000000000 0.000000000 0 0 0 0 0
1489656886.591236591 0.000000000 0.000000000 0 0 0 0 0
1489656886.632270098 0.000000000 0.000000000 0 0 0 0 0
1489656886.673193216 0.000000000 0.000000000 0 0 0 0 0
1489656886.755225658 0.000000000 0.000000000 0 0 0 0 0
1489656886.796374798 0.000000000 0.000000000 0 0 0 0 0
1489656886.837216139 0.000000000 0.000000000 0 0 0 0 0
1489656886.919334650 0.000000000 0.000000000 0 0 0 0 0
1489656886.960416317 0.000000000 0.000000000 0 0 0 0 0
1489656887.001251221 0.000000000 0.215010405 0 0 0 0 0
1489656887.083320141 0.021101460 0.259570658 0 0 0 0 0
1489656887.124268055 0.053921480 0.071497835 0 0 0 0 0
1489656887.165259838 0.020070903 0.110156156 0 0 0 0 0
1489656887.247329235 -0.002084118 0.088790931 0 0 0 0 0
1489656887.288283348 0.042192794 0.115517497 0 0 0 0 0
1489656887.370337963 0.039837461 0.359756052 0 0 0 0 0
1489656887.417055607 -0.008410873 0.630594015 0 0 0 0 0
1489656887.493371487 0.016508758 0.734779477 0 0 0 0 0
1489656887.534192562 0.105988488 0.692294002 0 0 0 0 0
1489656887.616343021 0.006515085 0.553609490 0 0 0 0 0
1489656887.657304049 0.054458201 0.964205146 0 0 0 0 0
1489656887.739354134 0.017106803 1.058469892 0 0 0 0 0
1489656887.821330547 0.037399992 1.140699625 0 0 0 0 0
1489656887.868061066 0.066685610 1.076021910 0 0 0 0 0
1489656887.944432259 0.017569533 1.275548100 0 0 0 0 0
1489656887.985234499 0.017188020 1.593021870 0 0 0 0 0
1489656888.067998171 0.079137959 1.078269362 0 0 0 0 0
1489656888.149284840 0.096969977 0.970900655 0 0 0 0 0
1489656888.190212011 0.106606029 0.723809123 0 0 0 0 0
1489656888.272282839 0.080650292 0.616561055 0 0 0 0 0
1489656888.318887949 0.214626729 -0.031153563 0 0 0 0 0
1489656888.395187855 0.218594566 -0.215713188 0 0 0 0 0
1489656888.436249018 0.156337798 0.412298083 0 0 0 0 0
1489656888.518373013 0.100766540 0.734394491 0 0 0 0 0
1489656888.559412241 0.160639375 0.251075476 0 0 0 0 0
1489656888.641308784 0.231259108 0.132271141 0 0 0 0 0
1489656888.682312250 0.242895678 0.093228839 0 0 0 0 0
1489656888.723329306 0.000000000 0.000000000 0 0 0 0 0
1489656888.805184126 0.228287175 0.246613458 0 0 0 0 0
1489656888.846225500 0.234907657 0.411315769 0 0 0 0 0
1489656888.887429476 0.165580198 0.615012228 0 0 0 0 0
1489656888.969251633 0.000000000 0.000000000 0 0 0 0 0
1489656889.010349274 0.293805748 0.000770973 0 0 0 0 0
1489656889.093908548 0.317104965 -0.166350037 0 0 0 0 0
1489656889.133195639 0.329543173 -0.014601419 0 0 0 0 0
1489656889.174410582 0.328133702 -0.079657748 0 0 0 0 0
1489656889.220950603 0.179026395 0.200076014 0 0 0 0 0
1489656889.297275066 0.314597398 0.096614428 0 0 0 0 0
1489656889.338319540 0.153717548 0.377262771 0 0 0 0 0
1489656889.379407406 0.213114858 0.406914949 0 0 0 0 0
1489656889.461290836 0.262226909 0.477592945 0 0 0 0 0
1489656889.507679462 0.240247533 0.428097636 0 0 0 0 0
1489656889.584170580 0.252389729 0.476478010 0 0 0 0 0
1489656889.625227690 0.206054255 0.452773988 0 0 0 0 0
1489656889.672108889 0.123713925 0.391944885 0 0 0 0 0
1489656889.748459578 0.268243849 0.468163818 0 0 0 0 0
1489656889.789392710 0.271964580 0.496458709 0 0 0 0 0
1489656889.830191374 0.276795477 0.500265718 0 0 0 0 0
1489656889.871302366 0.276481122 0.490294367 0 0 0 0 0
1489656889.953292847 0.270365804 0.498937368 0 0 0 0 0
1489656889.994408846 0.271384865 0.479296625 0 0 0 0 0
1489656890.035282373 0.257147372 0.503889561 0 0 0 0 0
1489656890.117327929 0.234001324 0.504114985 0 0 0 0 0
1489656890.161420107 0.278946191 0.506417692 0 0 0 0 0
1489656890.199348450 0.276448816 0.486179739 0 0 0 0 0
1489656890.246215343 0.255271673 0.504146934 0 0 0 0 0
1489656890.322480679 0.275320798 0.505176425 0 0 0 0 0
1489656890.363259554 0.273824662 0.472329229 0 0 0 0 0
1489656890.410024166 0.251744330 0.504542708 0 0 0 0 0
1489656890.486373663 0.262825787 0.496429443 0 0 0 0 0
1489656890.527278662 0.260428309 0.481863022 0 0 0 0 0
1489656890.574290991 0.256187409 0.438722908 0 0 0 0 0
1489656890.609219790 0.231234819 0.427155346 0 0 0 0 0
1489656890.691267729 0.206483394 0.217920333 0 0 0 0 0
1489656890.732186556 0.163373590 0.247276276 0 0 0 0 0
1489656890.814244747 0.100632392 0.180510014 0 0 0 0 0
1489656890.860890865 0.122077502 0.110115603 0 0 0 0 0
1489656890.937328815 0.054410059 0.289077967 0 0 0 0 0
1489656890.978293180 0.133803189 0.153304487 0 0 0 0 0
1489656891.060614824 0.033452898 0.296911567 0 0 0 0 0
1489656891.101370335 0.000000000 0.000000000 0 0 0 0 0
1489656891.187510729 0.000000000 0.000000000 0 0 0 0 0
1489656891.265383005 0.000000000 0.000000000 0 0 0 0 0
1489656891.311978579 0.000000000 0.000000000 0 0 0 0 0
1489656891.388284445 0.000000000 0.000000000 0 0 0 0 0
1489656891.429265261 0.000000000 0.000000000 0 0 0 0 0
1489656891.511384964 0.000000000 0.000000000 0 0 0 0 0
1489656891.593548298 0.000000000 0.000000000 0 0 0 0 0
1489656891.634321690 0.000000000 0.000000000 0 0 0 0 0
1489656891.716255665 0.329763204 -0.164881602 0 0 0 0 0
1489656891.763186216 0.381686211 -0.270916104 0 0 0 0 0
1489656891.839355230 0.328938335 -0.201768249 0 0 0 0 0
1489656891.880305290 0.301865309 -0.095493399 0 0 0 0 0
1489656891.926759720 0.419942468 -0.187970176 0 0 0 0 0
1489656892.003124952 0.439747900 -0.227331355 0 0 0 0 0
1489656892.044310808 0.447215945 -0.198045731 0 0 0 0 0
1489656892.085304022 0.400496960 -0.275970638 0 0 0 0 0
1489656892.126246929 0.369359076 -0.245687321 0 0 0 0 0
1489656892.208270788 0.438315809 -0.371121645 0 0 0 0 0
1489656892.255029440 0.261575162 -0.227774054 0 0 0 0 0
1489656892.290213585 0.479613632 -0.333287686 0 0 0 0 0
1489656892.331241608 0.420962483 -0.297079146 0 0 0 0 0
1489656892.413399458 0.261467844 -0.238239974 0 0 0 0 0
1489656892.454404593 0.382996082 -0.242915183 0 0 0 0 0
1489656892.495451927 0.202375695 -0.223849982 0 0 0 0 0
1489656892.536363840 0.094059050 -0.202204376 0 0 0 0 0
1489656892.577471733 0.045040496 -0.105752572 0 0 0 0 0
1489656892.618327379 0.238104075 -0.258820057 0 0 0 0 0
1489656892.664922714 0.237987369 -0.249820188 0 0 0 0 0
1489656892.700314522 -0.160665661 -0.119855151 0 0 0 0 0
1489656892.741306782 -0.076913595 -0.041623473 0 0 0 0 0
1489656892.782278538 0.111866392 -0.241349384 0 0 0 0 0
1489656892.827147961 -0.039407413 -0.009781333 0 0 0 0 0
1489656892.864259005 -0.003417869 -0.005152333 0 0 0 0 0
1489656892.905277252 -0.005736917 0.024798730 0 0 0 0 0
1489656892.946271181 -0.031561304 -0.018181480 0 0 0 0 0
1489656892.987299919 -0.299787968 0.525381923 0 0 0 0 0
1489656893.028270006 -0.158845320 0.382744044 0 0 0 0 0
1489656893.069307089 0.004720533 -0.048347376 0 0 0 0 0
1489656893.110320091 -0.542553842 0.195597932 0 0 0 0 0
1489656893.152957678 -0.278028965 0.705314159 0 0 0 0 0
1489656893.192331553 0.418148577 -0.528257787 0 0 0 0 0
1489656893.233310938 -1.181345820 0.883582413 0 0 0 0 0
1489656893.233392239 0.117234655 -0.043688256 0 0 0 0 0
1489656893.275461197 -0.196570754 0.402789682 0 0 0 0 0
1489656893.315302849 -0.653453887 0.187700510 0 0 0 0 0
1489656893.356353760 0.000000000 0.000000000 0 0 0 0 0
1489656893.397340536 0.000000000 0.000000000 0 0 0 0 0
1489656893.438178778 0.000000000 0.000000000 0 0 0 0 0
1489656893.479350567 -0.794418573 0.256264091 0 0 0 0 0
1489656893.520347357 0.000000000 0.000000000 0 0 0 0 0
1489656893.561357498 0.000000000 0.000000000 0 0 0 0 0
1489656893.602230787 0.000000000 0.000000000 0 0 0 0 0
1489656893.643224239 0.000000000 0.000000000 0 0 0 0 0
1489656893.643233061 0.000000000 0.000000000 0 0 0 0 0
1489656893.684292316 0.000000000 0.000000000 0 0 0 0 0
1489656893.725198746 0.000000000 0.000000000 0 0 0 0 0
1489656893.766356468 0.000000000 0.000000000 0 0 0 0 0
1489656893.807276249 0.000000000 0.000000000 0 0 0 0 0
1489656893.848335981 0.000000000 0.000000000 0 0 0 0 0
1489656893.889245510 0.000000000 0.000000000 0 0 0 0 0
1489656893.930155039 0.000000000 0.000000000 0 0 0 0 0
1489656893.971204758 0.000000000 0.000000000 0 0 0 0 0
1489656894.012293339 0.000000000 0.000000000 0 0 0 0 0
1489656894.053375006 0.000000000 0.000000000 0 0 0 0 0
1489656894.053383350 0.000000000 0.000000000 0 0 0 0 0
1489656894.094253302 0.000000000 0.000000000 0 0 0 0 0
1489656894.135319948 0.000000000 0.000000000 0 0 0 0 0
1489656894.180332422 0.000000000 0.000000000 0 0 0 0 0
1489656894.217219591 0.000000000 0.000000000 0 0 0 0 0
1489656894.258351803 0.000000000 0.000000000 0 0 0 0 0
1489656894.299273729 0.000000000 0.000000000 0 0 0 0 0
1489656894.340318203 0.000000000 0.000000000 0 0 0 0 0
1489656894.381270170 0.000000000 0.000000000 0 0 0 0 0
1489656894.422273159 0.000000000 0.000000000 0 0 0 0 0
1489656894.422292233 0.000000000 0.000000000 0 0 0 0 0
1489656894.468884468 0.000000000 0.000000000 0 0 0 0 0
1489656894.504224777 0.000000000 0.000000000 0 0 0 0 0
1489656894.545343637 0.000000000 0.000000000 0 0 0 0 0
1489656894.586306572 0.000000000 0.000000000 0 0 0 0 0
1489656894.627322435 0.000000000 0.000000000 0 0 0 0 0
1489656894.668273449 0.000000000 0.000000000 0 0 0 0 0
1489656894.709370852 0.000000000 0.000000000 0 0 0 0 0
1489656894.750195026 0.000000000 0.000000000 0 0 0 0 0
1489656894.791221142 0.000000000 0.000000000 0 0 0 0 0
1489656894.832353592 0.000000000 0.000000000 0 0 0 0 0
1489656894.832397938 -0.497328728 -2.486643791 0 0 0 0 0
1489656894.873372078 -0.145512775 -0.496455401 0 0 0 0 0
1489656894.919931412 -0.006913498 0.069135010 0 0 0 0 0
1489656894.955309629 -0.348094106 -0.990213871 0 0 0 0 0
1489656894.996409178 -0.237589568 -0.513035715 0 0 0 0 0
1489656895.037345648 -0.185028583 -0.249001220 0 0 0 0 0
1489656895.078973532 -0.410636276 -0.452262908 0 0 0 0 0
1489656895.119293213 0.229232758 0.072758116 0 0 0 0 0
1489656895.160348415 0.044082709 -0.080833286 0 0 0 0 0
1489656895.201211214 0.241688475 -0.312293142 0 0 0 0 0
1489656895.242212057 -0.081064224 -0.152064919 0 0 0 0 0
1489656895.283280373 -0.057448220 -0.413371891 0 0 0 0 0
1489656895.324336052 -0.031805586 -0.308215827 0 0 0 0 0
1489656895.370791435 0.025227383 -0.385962695 0 0 0 0 0
1489656895.406280994 0.021206284 -0.477293789 0 0 0 0 0
1489656895.447408676 0.025948269 -0.286520213 0 0 0 0 0
1489656895.488404751 0.000000000 0.000000000 0 0 0 0 0
1489656895.570300341 0.000000000 0.000000000 0 0 0 0 0
1489656895.611221075 -0.008480458 -0.522795975 0 0 0 0 0
1489656895.652264833 -0.003973897 -0.311975211 0 0 0 0 0
1489656895.693355083 0.071079470 -0.369940430 0 0 0 0 0
1489656895.734305620 0.000000000 -0.369455934 0 0 0 0 0
1489656895.775241613 0.000000000 -0.449828327 0 0 0 0 0
1489656895.857341528 0.000000000 -0.499359787 0 0 0 0 0
1489656895.898396015 -0.005322809 -0.460010350 0 0 0 0 0
1489656895.939372301 -0.024912205 -0.489059359 0 0 0 0 0
1489656896.021249294 -0.090851262 -0.473839462 0 0 0 0 0
1489656896.062278271 -0.077460498 -0.460024536 0 0 0 0 0
1489656896.146782398 -0.154781118 -0.474967539 0 0 0 0 0
1489656896.146851778 -0.118658572 -0.403618872 0 0 0 0 0
1489656896.226221085 -0.180504784 -0.438842773 0 0 0 0 0
1489656896.273146391 -0.183701307 -0.409137964 0 0 0 0 0
1489656896.308208466 -0.165043399 -0.368585467 0 0 0 0 0
1489656896.390309334 -0.242670685 -0.381717950 0 0 0 0 0
1489656896.431267262 -0.259135514 -0.438127100 0 0 0 0 0
1489656896.472203732 -0.305899262 -0.369532466 0 0 0 0 0
1489656896.554330111 -0.289942801 -0.318985045 0 0 0 0 0
1489656896.595227957 -0.316589504 -0.270616472 0 0 0 0 0
1489656896.636222124 -0.377730757 -0.234907389 0 0 0 0 0
1489656896.677354097 -0.375020683 -0.191618949 0 0 0 0 0
1489656896.759374380 -0.408588022 -0.229336381 0 0 0 0 0
1489656896.800236225 -0.426066816 -0.173813865 0 0 0 0 0
1489656896.841302872 -0.403137743 -0.153315559 0 0 0 0 0
1489656896.923336267 -0.457447767 -0.186910838 0 0 0 0 0
1489656896.964319229 -0.450155318 -0.172076374 0 0 0 0 0
1489656897.011245251 -0.488848269 -0.193271369 0 0 0 0 0
1489656897.214334011 -0.487652063 -0.157882452 0 0 0 0 0
1489656897.214567661 -0.492215544 -0.086546719 0 0 0 0 0
1489656897.292283058 -0.499381304 -0.108350433 0 0 0 0 0
1489656897.333470345 -0.460388660 -0.031422831 0 0 0 0 0
1489656897.374459267 -0.529210091 -0.089061566 0 0 0 0 0
1489656897.415253878 -0.548408270 -0.112357259 0 0 0 0 0
1489656897.497331619 -0.404987484 -0.048108261 0 0 0 0 0
1489656897.538338900 -0.532110214 -0.141477868 0 0 0 0 0
1489656897.579309225 -0.508769453 -0.151631981 0 0 0 0 0
1489656897.625925064 -0.475847960 -0.034305729 0 0 0 0 0
1489656897.702271223 -0.508330464 -0.107675627 0 0 0 0 0
1489656897.784359932 -0.474044710 -0.051403165 0 0 0 0 0
1489656897.825247526 -0.510575950 -0.255291045 0 0 0 0 0
1489656897.948295116 -0.533167124 -0.234593540 0 0 0 0 0
1489656897.989412308 0.000000000 0.000000000 0 0 0 0 0
1489656898.071383238 0.000000000 0.000000000 0 0 0 0 0
1489656898.112324476 0.000000000 0.000000000 0 0 0 0 0
1489656898.153338432 -0.503289342 0.315871924 0 0 0 0 0
1489656898.240423441 -0.787393093 -0.013773829 0 0 0 0 0
1489656898.276259422 -0.390379220 -0.046902116 0 0 0 0 0
1489656898.317268610 0.000000000 0.000000000 0 0 0 0 0
1489656898.358361244 0.000000000 0.000000000 0 0 0 0 0
1489656898.399382353 -0.437079221 0.079331614 0 0 0 0 0
1489656898.440431595 -0.366837472 0.194774434 0 0 0 0 0
1489656898.481296778 -0.330531448 0.064686894 0 0 0 0 0
1489656898.522334576 -0.357567549 0.357411981 0 0 0 0 0
1489656898.528048754 0.513235807 1.463859677 0 0 0 0 0
1489656898.563417435 -0.002423227 -0.792682528 0 0 0 0 0
1489656898.604461432 -0.689212561 0.000000000 0 0 0 0 0
1489656898.645339251 -0.689663708 -0.027586550 0 0 0 0 0
1489656898.686304331 -0.683792114 0.000000000 0 0 0 0 0
1489656898.727393627 0.000000000 0.000000000 0 0 0 0 0
1489656898.768421650 1.230916262 0.022395523 0 0 0 0 0
1489656898.809346914 -0.151779041 0.220529452 0 0 0 0 0
1489656898.850246429 0.000000000 0.000000000 0 0 0 0 0
1489656898.891353607 0.000000000 0.000000000 0 0 0 0 0
1489656898.932318211 0.000000000 0.000000000 0 0 0 0 0
1489656898.932447433 -0.567561626 0.082603708 0 0 0 0 0
1489656898.978994370 0.000000000 0.000000000 0 0 0 0 0
1489656899.014321804 0.000000000 0.000000000 0 0 0 0 0
1489656899.055332422 0.000000000 0.000000000 0 0 0 0 0
1489656899.096368551 0.000000000 0.000000000 0 0 0 0 0
1489656899.139394283 0.000000000 0.000000000 0 0 0 0 0
1489656899.178325415 0.000000000 0.000000000 0 0 0 0 0
1489656899.219267607 0.000000000 0.000000000 0 0 0 0 0
1489656899.260315895 0.000000000 0.000000000 0 0 0 0 0
1489656899.301258087 0.000000000 0.000000000 0 0 0 0 0
1489656899.301385641 0.000000000 0.000000000 0 0 0 0 0
1489656899.342377663 0.000000000 0.000000000 0 0 0 0 0
1489656899.383391142 0.000000000 0.000000000 0 0 0 0 0
1489656899.425858259 0.000000000 0.000000000 0 0 0 0 0
1489656899.465317249 0.000000000 0.000000000 0 0 0 0 0
1489656899.506331682 0.000000000 0.000000000 0 0 0 0 0
1489656899.547376633 0.000000000 0.000000000 0 0 0 0 0
1489656899.588361979 0.000000000 0.000000000 0 0 0 0 0
1489656899.711310625 0.000000000 0.000000000 0 0 0 0 0
1489656899.716992617 0.000000000 0.000000000 0 0 0 0 0
1489656899.752309561 0.000000000 0.000000000 0 0 0 0 0
1489656899.794414043 0.000000000 0.000000000 0 0 0 0 0
1489656899.834416151 -1.718641639 -0.324272007 0 0 0 0 0
1489656899.875385523 -1.043945193 -0.393185049 0 0 0 0 0
1489656899.916303635 0.257756412 -0.302734256 0 0 0 0 0
1489656899.957341909 -0.724028647 -0.019404897 0 0 0 0 0
1489656899.998379230 -0.226683021 -0.266029805 0 0 0 0 0
1489656900.039296389 -0.325830460 -0.130149499 0 0 0 0 0
1489656900.080270529 -1.161987662 0.177250639 0 0 0 0 0
1489656900.121481419 -0.163402528 -0.030015098 0 0 0 0 0
1489656900.162511587 -0.654498160 0.066905744 0 0 0 0 0
1489656900.207876682 -0.441320390 0.037095137 0 0 0 0 0
1489656900.244228363 -0.477287561 0.029794164 0 0 0 0 0
1489656900.285275221 -0.632918358 -0.115408987 0 0 0 0 0
1489656900.330777168 0.000000000 0.000000000 0 0 0 0 0
1489656900.367335320 0.000000000 0.000000000 0 0 0 0 0
1489656900.449321270 0.000000000 0.000000000 0 0 0 0 0
1489656900.490306377 -0.805620551 -0.024050072 0 0 0 0 0
1489656900.531218767 -0.512575269 -0.007740074 0 0 0 0 0
1489656900.613255024 -0.719381332 0.044704732 0 0 0 0 0
1489656900.654331446 -0.720842659 0.002767509 0 0 0 0 0
1489656900.695314884 -0.738804221 0.074134305 0 0 0 0 0
1489656900.736319542 -0.733266234 0.000000000 0 0 0 0 0
1489656900.818297386 0.000000000 0.000000000 0 0 0 0 0
1489656900.859327316 -0.675117135 0.000000000 0 0 0 0 0
1489656900.905956030 -0.686832488 -0.015756760 0 0 0 0 0
1489656900.982261419 -0.749878943 0.000000000 0 0 0 0 0
1489656901.105426550 -0.701258719 0.001313405 0 0 0 0 0
1489656901.146384478 -0.669924259 -0.001332365 0 0 0 0 0
1489656901.187253952 -0.675909162 0.026316881 0 0 0 0 0
1489656901.228422165 -0.665461898 0.025735129 0 0 0 0 0
1489656901.269436836 -0.606367886 0.000000000 0 0 0 0 0
1489656901.351257324 -0.576437593 0.044721160 0 0 0 0 0
1489656901.392310619 -0.548578382 0.004376786 0 0 0 0 0
1489656901.433255672 -0.549799085 0.006523837 0 0 0 0 0
1489656901.515297651 -0.505161881 0.012818408 0 0 0 0 0
1489656901.556335211 -0.462889284 -0.036022134 0 0 0 0 0
1489656901.597331762 -0.505930066 0.010036639 0 0 0 0 0
1489656901.679269314 -0.472825706 0.008172558 0 0 0 0 0
1489656901.808060646 -0.481670439 0.019246060 0 0 0 0 0
1489656901.884301662 -0.435724676 0.015430659 0 0 0 0 0
1489656901.925242662 -0.365574807 0.001193254 0 0 0 0 0
1489656901.971867561 -0.324464262 0.021641288 0 0 0 0 0
1489656902.048356295 -0.322324216 0.004179528 0 0 0 0 0
1489656902.089422226 -0.193443134 -0.050752033 0 0 0 0 0
1489656902.131811380 -0.176449090 0.048836082 0 0 0 0 0
1489656902.212328911 -0.158859670 0.120260715 0 0 0 0 0
1489656902.253318548 -0.149345666 -0.091224395 0 0 0 0 0
1489656902.294307709 -0.215793490 -0.005337868 0 0 0 0 0
1489656902.376328230 -0.146601945 0.036669061 0 0 0 0 0
1489656902.423005819 -0.021253768 -0.122788407 0 0 0 0 0
1489656902.458354712 -0.190976083 0.144206971 0 0 0 0 0
1489656902.540290833 -0.025598085 -0.065496579 0 0 0 0 0
1489656902.581317186 -0.076097213 0.027652085 0 0 0 0 0
1489656902.663271189 -0.155497998 0.110325933 0 0 0 0 0
1489656902.704291582 -0.023447877 -0.036201213 0 0 0 0 0
1489656902.745322466 -0.072038069 0.000183456 0 0 0 0 0
1489656902.827323914 0.068581119 0.028697852 0 0 0 0 0
1489656902.874212980 0.035410102 -0.054650284 0 0 0 0 0
1489656902.950347662 -0.077129826 0.077977702 0 0 0 0 0
1489656902.991313934 0.035304762 -0.065973856 0 0 0 0 0
1489656903.032306671 0.039553512 0.044664927 0 0 0 0 0
1489656903.114400625 0.032483079 -0.055627268 0 0 0 0 0
1489656903.199035883 -0.020561522 0.109757796 0 0 0 0 0
1489656903.237364531 0.051225126 -0.048353080 0 0 0 0 0
1489656903.278360128 -0.028497165 0.111742616 0 0 0 0 0
1489656903.325148106 0.049539365 -0.052395899 0 0 0 0 0
1489656903.401305199 0.072888277 0.077514037 0 0 0 0 0
1489656903.442390442 0.008227965 0.065802954 0 0 0 0 0
1489656903.524348259 0.019425740 -0.055079598 0 0 0 0 0
1489656903.565346956 0.035926372 0.070686281 0 0 0 0 0
1489656903.612204313 0.087888867 0.035573140 0 0 0 0 0
1489656903.688379526 -0.001216208 0.032877330 0 0 0 0 0
1489656903.729299068 0.001455186 0.089617439 0 0 0 0 0
1489656903.811386108 0.029048342 -0.054761242 0 0 0 0 0
1489656903.852341413 0.032123391 0.039216213 0 0 0 0 0
1489656903.899126053 0.011225538 -0.015496123 0 0 0 0 0
1489656903.975309849 -0.004276609 0.020630991 0 0 0 0 0
1489656904.016591072 0.028983319 0.062413596 0 0 0 0 0
1489656904.098408699 -0.024569910 0.137327611 0 0 0 0 0
1489656904.139321804 0.052560616 -0.068626769 0 0 0 0 0
1489656904.180337191 0.039555196 0.025933951 0 0 0 0 0
1489656904.266506195 0.017006822 0.064397395 0 0 0 0 0
1489656904.303308010 -0.002324276 0.005912700 0 0 0 0 0
1489656904.385318756 0.064831689 0.035764240 0 0 0 0 0
1489656904.426280737 0.009673038 0.035394818 0 0 0 0 0
1489656904.467384338 -0.013300617 0.001159577 0 0 0 0 0
1489656904.549321413 0.030445199 -0.046326168 0 0 0 0 0
1489656904.590319872 0.012102412 0.022059321 0 0 0 0 0
1489656904.672217607 0.020941705 0.038886745 0 0 0 0 0
1489656904.713263512 0.032932002 -0.007405537 0 0 0 0 0
1489656904.754473448 -0.000084786 0.040975343 0 0 0 0 0
1489656904.836296558 -0.016244188 -0.070546918 0 0 0 0 0
1489656904.877246141 0.068659842 0.044972867 0 0 0 0 0
1489656904.959280252 0.075045139 0.048252631 0 0 0 0 0
1489656905.000240803 0.064918816 0.065116927 0 0 0 0 0
1489656905.041236639 -0.031547975 0.048102587 0 0 0 0 0
1489656905.128959656 0.076220557 -0.044941261 0 0 0 0 0
1489656905.164315462 0.003597547 0.057422865 0 0 0 0 0
1489656905.246368885 0.018387053 0.009325880 0 0 0 0 0
