# text file for ../bag/translation2.bag
# format: time stamp x y z qx qy qz qw
1489656735.777891636 0.000000000 0.000000000 0 0 0 0 0
1489656735.778031826 0.000000000 0.001707193 0 0 0 0 0
1489656735.778084993 0.000000000 0.000000000 0 0 0 0 0
1489656735.783780575 0.000000000 0.000000000 0 0 0 0 0
1489656735.834063292 0.001707533 0.000000000 0 0 0 0 0
1489656735.875046253 0.000000000 0.001600903 0 0 0 0 0
1489656735.921614885 -0.001509619 0.001509619 0 0 0 0 0
1489656735.956997633 0.000000000 0.000000000 0 0 0 0 0
1489656736.038907290 0.000000000 0.000000000 0 0 0 0 0
1489656736.083449602 0.000000000 0.000000000 0 0 0 0 0
1489656736.120702744 0.000000000 -0.003414725 0 0 0 0 0
1489656736.202658176 0.000000000 0.000000000 0 0 0 0 0
1489656736.243831635 0.000000000 -0.003412924 0 0 0 0 0
1489656736.284856796 0.000000000 0.000000000 0 0 0 0 0
1489656736.325695992 0.000000000 0.003417618 0 0 0 0 0
1489656736.407781124 0.000000000 0.001600853 0 0 0 0 0
1489656736.448840380 0.000000000 0.000000000 0 0 0 0 0
1489656736.489840984 0.000000000 0.001506685 0 0 0 0 0
1489656736.571847439 0.000000000 0.000000000 0 0 0 0 0
1489656736.612728357 0.000000000 0.001601946 0 0 0 0 0
1489656736.653664112 -0.001708743 0.000000000 0 0 0 0 0
1489656736.694676399 -0.005123552 0.003415702 0 0 0 0 0
1489656736.776674271 0.000000000 0.000000000 0 0 0 0 0
1489656736.823324680 -0.001600031 0.003200062 0 0 0 0 0
1489656736.858745813 0.000000000 0.000000000 0 0 0 0 0
1489656736.899764299 0.000000000 0.001601912 0 0 0 0 0
1489656736.983954191 0.000000000 0.000000000 0 0 0 0 0
1489656737.022769690 -0.001507130 -0.001507130 0 0 0 0 0
1489656737.063768148 0.000000000 0.000000000 0 0 0 0 0
1489656737.151054144 0.000000000 0.000000000 0 0 0 0 0
1489656737.186822891 -0.004522228 0.001708651 0 0 0 0 0
1489656737.227855921 -0.001830698 0.000000000 0 0 0 0 0
1489656737.274465561 -0.007119379 0.010228204 0 0 0 0 0
1489656737.350773096 -0.011899220 0.010833684 0 0 0 0 0
1489656737.391876698 -0.032063656 0.048271138 0 0 0 0 0
1489656737.432845831 -0.021584224 0.078920119 0 0 0 0 0
1489656737.473863125 -0.038904786 0.119597390 0 0 0 0 0
1489656737.555713177 -0.049178250 0.213570908 0 0 0 0 0
1489656737.596767426 -0.061560325 0.235143930 0 0 0 0 0
1489656737.637770653 -0.075615905 0.220221087 0 0 0 0 0
1489656737.719902754 -0.123709425 0.238263816 0 0 0 0 0
1489656737.760904551 -0.147801131 0.207931370 0 0 0 0 0
1489656737.801713467 -0.188945189 0.270396173 0 0 0 0 0
1489656737.842850447 -0.182685316 0.230143428 0 0 0 0 0
1489656737.924689293 -0.205170318 0.196104303 0 0 0 0 0
1489656737.965855837 -0.241906449 0.217410922 0 0 0 0 0
1489656738.006732464 -0.302101225 0.210230350 0 0 0 0 0
1489656738.048279047 -0.306879938 0.217357114 0 0 0 0 0
1489656738.088709354 -0.403390348 0.262512207 0 0 0 0 0
1489656738.170897722 -0.397220552 0.270791978 0 0 0 0 0
1489656738.211941719 -0.424793243 0.303790659 0 0 0 0 0
1489656738.252722502 -0.386172324 0.324525565 0 0 0 0 0
1489656738.293772221 -0.467921585 0.363029808 0 0 0 0 0
1489656738.334857941 -0.461386383 0.365783215 0 0 0 0 0
1489656738.416778803 -0.497395128 0.337748140 0 0 0 0 0
1489656738.457798958 -0.489913464 0.314357430 0 0 0 0 0
1489656738.498777390 -0.529003024 0.317577899 0 0 0 0 0
1489656738.539819002 -0.532171607 0.305394560 0 0 0 0 0
1489656738.580868959 -0.527291656 0.301102489 0 0 0 0 0
1489656738.662860155 -0.534779668 0.354595721 0 0 0 0 0
1489656738.703783512 -0.534073949 0.438825935 0 0 0 0 0
1489656738.744925499 -0.533910751 0.338304579 0 0 0 0 0
1489656738.785707951 -0.550061762 0.413158268 0 0 0 0 0
1489656738.826697111 -0.544781685 0.402221173 0 0 0 0 0
1489656738.908899307 -0.513097584 -0.060830284 0 0 0 0 0
1489656738.949815273 0.000000000 0.000000000 0 0 0 0 0
1489656739.031842232 0.000000000 0.000000000 0 0 0 0 0
1489656739.115925074 0.000000000 0.000000000 0 0 0 0 0
1489656739.154796362 -0.630080342 0.233040735 0 0 0 0 0
1489656739.201348305 -0.208883598 0.115550861 0 0 0 0 0
1489656739.277767181 -0.582355738 0.344304174 0 0 0 0 0
1489656739.318870783 -0.584312797 0.343265414 0 0 0 0 0
1489656739.365365028 -0.337920159 0.075138196 0 0 0 0 0
1489656739.400742054 -0.464747280 0.309123874 0 0 0 0 0
1489656739.441787243 -0.769284844 0.406994879 0 0 0 0 0
1489656739.523766994 -0.753916144 0.360674202 0 0 0 0 0
1489656739.564703465 -0.786122918 0.404471338 0 0 0 0 0
1489656739.605728388 -0.771502554 0.472962439 0 0 0 0 0
1489656739.652199030 -0.783281088 0.516313493 0 0 0 0 0
1489656739.728751659 -0.789694905 0.503391147 0 0 0 0 0
1489656739.769858360 -0.832728565 0.534152329 0 0 0 0 0
1489656739.816662550 -0.788558304 0.409502566 0 0 0 0 0
1489656739.851800680 -0.776667476 0.580743909 0 0 0 0 0
1489656739.933762074 -0.873955071 0.628208935 0 0 0 0 0
1489656739.980484962 -0.673990846 0.439770877 0 0 0 0 0
1489656740.056749344 -0.797163785 0.657796443 0 0 0 0 0
1489656740.097678661 -0.802523315 0.498726636 0 0 0 0 0
1489656740.179720640 -0.821465194 -0.241337568 0 0 0 0 0
1489656740.220720768 -0.614177763 0.015897162 0 0 0 0 0
1489656740.302875280 -0.656881213 0.589611530 0 0 0 0 0
1489656740.343926430 -0.748674572 0.386642486 0 0 0 0 0
1489656740.384764671 -0.804855645 0.544461131 0 0 0 0 0
1489656740.466719389 -0.839578450 0.561746836 0 0 0 0 0
1489656740.507982016 -0.738024175 -0.357829928 0 0 0 0 0
1489656740.548796892 -0.739144325 0.431167513 0 0 0 0 0
1489656740.630754948 -0.793605089 0.463331997 0 0 0 0 0
1489656740.671827555 -0.324270785 0.320662946 0 0 0 0 0
1489656740.718414307 -0.664977551 0.375228643 0 0 0 0 0
1489656740.794836044 -0.685397625 0.322460592 0 0 0 0 0
1489656740.835877180 -0.594524145 0.395554125 0 0 0 0 0
1489656740.917857170 -0.500791907 0.304800928 0 0 0 0 0
1489656740.958808184 -0.729879797 0.478681087 0 0 0 0 0
1489656741.005638838 -0.501549304 0.133084074 0 0 0 0 0
1489656741.081858397 -0.419882029 0.723337412 0 0 0 0 0
1489656741.122822285 0.000000000 0.000000000 0 0 0 0 0
1489656741.209666014 0.000000000 0.000000000 0 0 0 0 0
1489656741.286690950 -0.329944879 -0.231853113 0 0 0 0 0
1489656741.333539248 -0.532402277 0.313966990 0 0 0 0 0
1489656741.409777164 -0.554542243 0.354178846 0 0 0 0 0
1489656741.450713873 -0.558030367 0.380822867 0 0 0 0 0
1489656741.491750956 -0.572855294 0.329419434 0 0 0 0 0
1489656741.573833704 -0.352047741 0.141534746 0 0 0 0 0
1489656741.620416641 -0.548307776 0.184562951 0 0 0 0 0
1489656741.696818352 -0.356832117 0.180308878 0 0 0 0 0
1489656741.737765789 -0.277873755 0.252556264 0 0 0 0 0
1489656741.784496784 -0.401050657 0.268678010 0 0 0 0 0
1489656741.860862494 -0.247592241 0.184922740 0 0 0 0 0
1489656741.907337904 -0.356569141 0.048704732 0 0 0 0 0
1489656741.983720541 -0.398941755 0.189024627 0 0 0 0 0
1489656742.024754286 -0.313237101 0.223683715 0 0 0 0 0
1489656742.106704473 -0.314782113 0.094253018 0 0 0 0 0
1489656742.188874960 -0.359764785 0.173722923 0 0 0 0 0
1489656742.229787588 -0.192791626 0.037332498 0 0 0 0 0
1489656742.270866394 -0.226356536 0.182052448 0 0 0 0 0
1489656742.352710009 -0.212902278 0.166640937 0 0 0 0 0
1489656742.393697023 -0.155347586 0.013218788 0 0 0 0 0
1489656742.475822210 -0.199152276 -0.083672367 0 0 0 0 0
1489656742.522417784 -0.058211636 0.034138668 0 0 0 0 0
1489656742.598803043 -0.140688330 0.047190662 0 0 0 0 0
1489656742.639788389 0.013114909 -0.146579951 0 0 0 0 0
1489656742.721755505 -0.159679949 0.057214566 0 0 0 0 0
1489656742.762802124 -0.017557805 -0.040196724 0 0 0 0 0
1489656742.844772339 0.044282056 0.018699368 0 0 0 0 0
1489656742.926759005 -0.023718657 0.104043350 0 0 0 0 0
1489656742.973628998 -0.024525065 0.052339304 0 0 0 0 0
1489656743.049968481 -0.043488082 0.061400540 0 0 0 0 0
1489656743.090826988 -0.005399087 0.040479288 0 0 0 0 0
1489656743.172768116 -0.012406657 0.035405852 0 0 0 0 0
1489656743.254890442 0.097325861 -0.016345864 0 0 0 0 0
1489656743.295753479 -0.017498771 0.001922053 0 0 0 0 0
1489656743.377771139 -0.033176426 0.144512504 0 0 0 0 0
1489656743.424279928 0.071608648 0.010623175 0 0 0 0 0
1489656743.500745773 -0.026331753 0.018420001 0 0 0 0 0
1489656743.541829824 -0.018857822 0.050196350 0 0 0 0 0
1489656743.623756409 -0.022164706 0.087842427 0 0 0 0 0
1489656743.705872536 0.029726103 0.005894673 0 0 0 0 0
1489656743.746865034 0.008358931 -0.025807053 0 0 0 0 0
1489656743.828878880 0.048855390 0.061163746 0 0 0 0 0
1489656743.875347614 -0.008381533 0.118364237 0 0 0 0 0
1489656743.951780081 -0.024520272 0.028673541 0 0 0 0 0
1489656744.033705235 0.004572010 0.062572993 0 0 0 0 0
1489656744.074935436 -0.041377611 0.039297231 0 0 0 0 0
1489656744.156669855 -0.005683676 0.077367678 0 0 0 0 0
1489656744.199370861 0.100809477 -0.006630904 0 0 0 0 0
1489656744.279864311 -0.104007639 0.211536691 0 0 0 0 0
1489656744.326182604 0.004241166 0.056049246 0 0 0 0 0
1489656744.402706385 -0.034187742 0.001751971 0 0 0 0 0
1489656744.484666586 0.039482255 0.058680523 0 0 0 0 0
1489656744.525756598 0.017000709 0.161291242 0 0 0 0 0
1489656744.607745647 0.004586610 -0.014895916 0 0 0 0 0
1489656744.648859024 0.045098945 0.087141350 0 0 0 0 0
1489656744.730769157 -0.175356999 0.184793904 0 0 0 0 0
1489656744.812745333 0.030607378 0.066022694 0 0 0 0 0
1489656744.853811264 0.099918500 -0.077868626 0 0 0 0 0
1489656744.935756445 -0.010730296 0.006360644 0 0 0 0 0
1489656744.976850986 0.003372777 -0.037957646 0 0 0 0 0
