# text file for ../bag/translation4.bag
# format: time stamp x y z qx qy qz qw
1489656833.004119635 0.000000000 0.000000000 0 0 0 0 0
1489656833.045239925 0.003876375 -0.027134620 0 0 0 0 0
1489656833.086306572 0.000000000 0.000000000 0 0 0 0 0
1489656833.168347836 -0.003655012 0.000000000 0 0 0 0 0
1489656833.209254503 0.000000000 0.000000000 0 0 0 0 0
1489656833.255889416 0.000000000 0.000000000 0 0 0 0 0
1489656833.291002989 0.000000000 0.000000000 0 0 0 0 0
1489656833.373013735 0.000000000 0.000000000 0 0 0 0 0
1489656833.457247496 0.001970654 0.009853269 0 0 0 0 0
1489656833.457315207 0.000000000 0.000000000 0 0 0 0 0
1489656833.537116766 0.006091997 0.006091997 0 0 0 0 0
1489656833.578205585 0.000000000 0.000000000 0 0 0 0 0
1489656833.619093180 0.011856706 -0.007114024 0 0 0 0 0
1489656833.660057783 0.000000000 0.000000000 0 0 0 0 0
1489656833.742060423 0.000000000 0.000000000 0 0 0 0 0
1489656833.783048391 0.000000000 0.000000000 0 0 0 0 0
1489656833.824152946 0.000000000 0.000000000 0 0 0 0 0
1489656833.906201124 0.000000000 0.000000000 0 0 0 0 0
1489656833.947211266 0.000000000 0.000000000 0 0 0 0 0
1489656833.988126516 -0.003411674 -0.006823349 0 0 0 0 0
1489656834.029100657 0.000000000 0.000000000 0 0 0 0 0
1489656834.111114502 0.000000000 0.000000000 0 0 0 0 0
1489656834.152107000 0.000000000 0.000000000 0 0 0 0 0
1489656834.192997932 0.020620687 -0.020121800 0 0 0 0 0
1489656834.234119654 0.000000000 0.001422754 0 0 0 0 0
1489656834.316143513 0.008379022 -0.008300200 0 0 0 0 0
1489656834.357079506 0.018016066 -0.019851534 0 0 0 0 0
1489656834.398166656 0.028092366 -0.025729507 0 0 0 0 0
1489656834.483577251 0.039641418 -0.042776845 0 0 0 0 0
1489656834.521039486 0.023770902 -0.054680187 0 0 0 0 0
1489656834.562118292 0.067197092 -0.048749752 0 0 0 0 0
1489656834.608958006 0.091322936 -0.064998798 0 0 0 0 0
1489656834.685048819 0.098528601 -0.088777766 0 0 0 0 0
1489656834.726100445 0.117912933 -0.039636455 0 0 0 0 0
1489656834.772919178 0.138695538 -0.133011550 0 0 0 0 0
1489656834.808062077 0.117000356 -0.121589102 0 0 0 0 0
1489656834.890146732 0.121665142 -0.145336568 0 0 0 0 0
1489656834.931028128 0.158643082 -0.162975371 0 0 0 0 0
1489656834.972125053 0.182043269 -0.204859570 0 0 0 0 0
1489656835.054096460 0.204536587 -0.193096459 0 0 0 0 0
1489656835.095256090 0.127917767 -0.205238149 0 0 0 0 0
1489656835.136141539 0.000000000 0.000000000 0 0 0 0 0
1489656835.177154303 0.190251648 -0.214433059 0 0 0 0 0
1489656835.259202242 0.160966322 -0.179143399 0 0 0 0 0
1489656835.300131559 0.192994118 -0.119197130 0 0 0 0 0
1489656835.341103315 0.248416543 -0.136875138 0 0 0 0 0
1489656835.382100105 0.240078658 -0.134803459 0 0 0 0 0
1489656835.464182377 0.285496920 -0.134322345 0 0 0 0 0
1489656835.505099773 0.250916630 -0.131743237 0 0 0 0 0
1489656835.551594973 0.260288298 -0.134020090 0 0 0 0 0
1489656835.628202677 0.244498417 -0.147019356 0 0 0 0 0
1489656835.674603939 0.290635169 -0.187619239 0 0 0 0 0
1489656835.710158110 0.258673489 -0.181606650 0 0 0 0 0
1489656835.751150131 0.289208949 -0.174135610 0 0 0 0 0
1489656835.832990170 0.289445400 -0.172749490 0 0 0 0 0
1489656835.874076843 0.114513695 -0.099752277 0 0 0 0 0
1489656835.915138245 0.243446007 -0.397447318 0 0 0 0 0
1489656835.997305393 0.311461776 -0.340597540 0 0 0 0 0
1489656836.038059950 0.331221789 -0.663611889 0 0 0 0 0
1489656836.120037317 0.166265845 0.022085845 0 0 0 0 0
1489656836.161147356 0.000000000 0.000000000 0 0 0 0 0
1489656836.202061892 0.000000000 0.000000000 0 0 0 0 0
1489656836.284065485 0.000000000 0.000000000 0 0 0 0 0
1489656836.325115442 0.000000000 0.000000000 0 0 0 0 0
1489656836.407068491 0.000000000 0.000000000 0 0 0 0 0
1489656836.448672771 0.000000000 0.000000000 0 0 0 0 0
1489656836.489059925 0.000000000 0.000000000 0 0 0 0 0
1489656836.530408144 0.342557460 -0.633516014 0 0 0 0 0
1489656836.576769829 0.331656098 -0.440307617 0 0 0 0 0
1489656836.653073549 0.277486116 -0.477800995 0 0 0 0 0
1489656836.694305420 -0.154971123 0.383994132 0 0 0 0 0
1489656836.735095739 0.000000000 0.000000000 0 0 0 0 0
1489656836.776071787 -0.088393532 -0.043124080 0 0 0 0 0
1489656836.817101955 -0.179227531 0.221042350 0 0 0 0 0
1489656836.858073473 0.554507494 -0.052407097 0 0 0 0 0
1489656836.899111032 0.231373236 0.119400159 0 0 0 0 0
1489656836.940166712 0.402600348 -0.068620130 0 0 0 0 0
1489656836.981056213 -0.112387449 0.381289482 0 0 0 0 0
1489656837.022140265 0.000000000 0.000000000 0 0 0 0 0
1489656837.028091431 0.000000000 0.000000000 0 0 0 0 0
1489656837.063167334 0.656926990 -0.207377240 0 0 0 0 0
1489656837.104072809 -0.469701558 0.246710330 0 0 0 0 0
1489656837.145074368 0.563617527 -0.182907403 0 0 0 0 0
1489656837.186096191 -0.500411570 0.111231685 0 0 0 0 0
1489656837.227164984 0.476707220 0.000000000 0 0 0 0 0
1489656837.268220901 -1.356393099 0.492690325 0 0 0 0 0
1489656837.309022188 0.075627521 -0.149512172 0 0 0 0 0
1489656837.350110292 -2.761375427 0.475075364 0 0 0 0 0
1489656837.391086102 -1.228862762 0.132450268 0 0 0 0 0
1489656837.432203770 -1.305390358 0.144177616 0 0 0 0 0
1489656837.432224989 0.000000000 0.000000000 0 0 0 0 0
1489656837.517209530 0.000000000 0.000000000 0 0 0 0 0
1489656837.517228365 1.641667724 -0.983149290 0 0 0 0 0
1489656837.555014610 0.496997774 -0.496997774 0 0 0 0 0
1489656837.596132517 0.000000000 0.000000000 0 0 0 0 0
1489656837.637073517 0.000000000 0.000000000 0 0 0 0 0
1489656837.719142675 0.000000000 0.000000000 0 0 0 0 0
1489656837.760194778 0.000000000 0.000000000 0 0 0 0 0
1489656837.801055670 0.000000000 0.000000000 0 0 0 0 0
1489656837.842184544 0.000000000 0.000000000 0 0 0 0 0
1489656837.842201710 0.000000000 0.000000000 0 0 0 0 0
1489656837.883020639 0.000000000 0.000000000 0 0 0 0 0
1489656837.929400682 0.000000000 0.000000000 0 0 0 0 0
1489656837.965201855 0.000000000 0.000000000 0 0 0 0 0
1489656838.006039858 0.000000000 0.000000000 0 0 0 0 0
1489656838.047128439 0.000000000 0.000000000 0 0 0 0 0
1489656838.088042498 0.000000000 0.000000000 0 0 0 0 0
1489656838.129142523 0.000000000 0.000000000 0 0 0 0 0
1489656838.170080423 0.000000000 0.000000000 0 0 0 0 0
1489656838.211035967 0.000000000 0.000000000 0 0 0 0 0
1489656838.216823101 0.000000000 0.000000000 0 0 0 0 0
1489656838.252034903 0.000000000 0.000000000 0 0 0 0 0
1489656838.293102264 0.000000000 0.000000000 0 0 0 0 0
1489656838.334135771 0.000000000 0.000000000 0 0 0 0 0
1489656838.377341270 0.000000000 0.000000000 0 0 0 0 0
1489656838.416123629 0.000000000 0.000000000 0 0 0 0 0
1489656838.457137823 0.000000000 0.000000000 0 0 0 0 0
1489656838.497969151 0.000000000 0.000000000 0 0 0 0 0
1489656838.544479847 0.000000000 0.000000000 0 0 0 0 0
1489656838.580075026 0.000000000 0.000000000 0 0 0 0 0
1489656838.621133327 0.000000000 0.000000000 0 0 0 0 0
1489656838.621199846 0.000000000 0.000000000 0 0 0 0 0
1489656838.667830706 0.000000000 0.000000000 0 0 0 0 0
1489656838.703023911 0.000000000 0.000000000 0 0 0 0 0
1489656838.744124413 0.000000000 0.000000000 0 0 0 0 0
1489656838.785136461 0.000000000 0.000000000 0 0 0 0 0
1489656838.826093435 0.000000000 0.000000000 0 0 0 0 0
1489656838.867140770 0.000000000 0.000000000 0 0 0 0 0
1489656838.908094406 0.000000000 0.000000000 0 0 0 0 0
1489656838.949249029 0.360822380 1.756030440 0 0 0 0 0
1489656838.990072489 0.000000000 0.000000000 0 0 0 0 0
1489656839.031168461 0.000000000 0.000000000 0 0 0 0 0
1489656839.031183720 0.000000000 0.000000000 0 0 0 0 0
1489656839.072245359 0.000000000 0.000000000 0 0 0 0 0
1489656839.119018316 0.914421976 0.998427629 0 0 0 0 0
1489656839.154141188 0.000000000 0.000000000 0 0 0 0 0
1489656839.195110798 0.000000000 0.000000000 0 0 0 0 0
1489656839.236204863 0.000000000 0.000000000 0 0 0 0 0
1489656839.277133703 0.228100628 1.466361165 0 0 0 0 0
1489656839.318118334 0.000000000 0.000000000 0 0 0 0 0
1489656839.359217167 0.749515235 1.612154841 0 0 0 0 0
1489656839.400128126 0.944890499 0.595890880 0 0 0 0 0
1489656839.443234205 1.158585310 1.515073061 0 0 0 0 0
1489656839.443297148 1.391473174 1.666262388 0 0 0 0 0
1489656839.482068777 -0.301665127 0.298407704 0 0 0 0 0
1489656839.523071051 -0.149278924 0.140831441 0 0 0 0 0
1489656839.569787502 0.505371571 0.655468106 0 0 0 0 0
1489656839.605091572 -0.036924809 0.427479714 0 0 0 0 0
1489656839.646166325 -0.506224334 0.126358241 0 0 0 0 0
1489656839.687095404 0.024494935 0.107027650 0 0 0 0 0
1489656839.728099108 -0.101018503 -0.113187529 0 0 0 0 0
1489656839.769150019 0.062349916 0.302308798 0 0 0 0 0
1489656839.810153008 -0.055424012 -0.135428324 0 0 0 0 0
1489656839.851123571 0.197014019 0.120556481 0 0 0 0 0
1489656839.892052650 0.000000000 0.000000000 0 0 0 0 0
1489656839.933074236 0.000000000 0.000000000 0 0 0 0 0
1489656839.933197260 0.000000000 0.000000000 0 0 0 0 0
1489656839.974193573 -0.208717495 0.666315973 0 0 0 0 0
1489656840.020982265 0.087964557 0.159366295 0 0 0 0 0
1489656840.056175709 0.040032394 0.318477720 0 0 0 0 0
1489656840.138123512 0.243807435 0.537368119 0 0 0 0 0
1489656840.179021597 0.168585286 0.469632506 0 0 0 0 0
1489656840.220136642 0.202414200 0.309945047 0 0 0 0 0
1489656840.261214256 0.009797959 0.236166865 0 0 0 0 0
1489656840.302060604 0.156447053 0.479393303 0 0 0 0 0
1489656840.343083620 0.093012951 0.502346039 0 0 0 0 0
1489656840.384147882 0.229563132 0.464469641 0 0 0 0 0
1489656840.425165653 0.084844828 0.398391277 0 0 0 0 0
1489656840.511271477 0.151861399 0.383882433 0 0 0 0 0
1489656840.548107147 0.200576857 0.536028981 0 0 0 0 0
1489656840.589102507 0.228773683 0.554607391 0 0 0 0 0
1489656840.630147457 0.182539389 0.417438567 0 0 0 0 0
1489656840.671117544 0.174566507 0.555355847 0 0 0 0 0
1489656840.712205648 0.254087538 0.540126801 0 0 0 0 0
1489656840.794148684 0.200781688 0.821547687 0 0 0 0 0
1489656840.835051537 0.000000000 0.000000000 0 0 0 0 0
1489656840.876052141 0.240636259 0.225236714 0 0 0 0 0
1489656840.958307981 0.187281936 0.348641098 0 0 0 0 0
1489656840.999061346 0.000000000 0.000000000 0 0 0 0 0
1489656841.081094027 0.149172798 0.206834435 0 0 0 0 0
1489656841.163089991 0.000000000 0.000000000 0 0 0 0 0
1489656841.209869146 0.000000000 0.000000000 0 0 0 0 0
1489656841.286108732 0.000000000 0.000000000 0 0 0 0 0
1489656841.327077389 0.000000000 0.000000000 0 0 0 0 0
1489656841.409060240 0.000000000 0.000000000 0 0 0 0 0
1489656841.532075167 0.000000000 0.000000000 0 0 0 0 0
1489656841.537978888 0.000000000 0.000000000 0 0 0 0 0
1489656841.614107847 0.000000000 0.000000000 0 0 0 0 0
1489656841.660585165 0.000000000 0.000000000 0 0 0 0 0
1489656841.737158298 0.000000000 0.000000000 0 0 0 0 0
1489656841.819150686 0.000000000 0.000000000 0 0 0 0 0
1489656841.860181332 0.000000000 0.000000000 0 0 0 0 0
1489656841.942264080 0.000000000 0.000000000 0 0 0 0 0
1489656841.983130217 0.000000000 0.000000000 0 0 0 0 0
1489656842.065137625 0.000000000 0.000000000 0 0 0 0 0
1489656842.147090912 0.000000000 0.000000000 0 0 0 0 0
1489656842.188099146 0.000000000 0.000000000 0 0 0 0 0
1489656842.275538206 0.000000000 0.000000000 0 0 0 0 0
1489656842.310970306 0.000000000 0.000000000 0 0 0 0 0
1489656842.393245935 0.000000000 0.000000000 0 0 0 0 0
1489656842.475122452 0.000000000 0.000000000 0 0 0 0 0
1489656842.516117811 -0.086351320 0.233186290 0 0 0 0 0
1489656842.598080397 -0.124311119 0.432489723 0 0 0 0 0
1489656842.639050722 -0.179054350 0.338299662 0 0 0 0 0
1489656842.727009296 -0.190092385 0.384629309 0 0 0 0 0
1489656842.803230762 -0.111240089 0.335305631 0 0 0 0 0
1489656842.844183922 -0.231137916 0.268463701 0 0 0 0 0
1489656842.926082850 -0.216542125 0.378948718 0 0 0 0 0
1489656842.967228651 -0.135212258 0.293736994 0 0 0 0 0
1489656843.013997316 -0.235434085 0.311351866 0 0 0 0 0
1489656843.090133429 -0.167941451 0.264607012 0 0 0 0 0
1489656843.131511450 -0.273443758 0.349811316 0 0 0 0 0
1489656843.177983999 -0.331286222 0.248072788 0 0 0 0 0
1489656843.254125118 -0.341277212 0.186257094 0 0 0 0 0
1489656843.295417309 -0.316618860 0.177902490 0 0 0 0 0
1489656843.336267471 -0.442214191 0.225936458 0 0 0 0 0
1489656843.418101788 -0.386271149 0.189730242 0 0 0 0 0
1489656843.459215879 -0.453000218 0.228281707 0 0 0 0 0
1489656843.501831532 -0.394000083 0.161118835 0 0 0 0 0
1489656843.582076550 -0.480505794 0.244160742 0 0 0 0 0
1489656843.628716946 -0.483086586 0.264084339 0 0 0 0 0
1489656843.664067984 -0.519460618 0.251474679 0 0 0 0 0
1489656843.705059052 -0.492618233 0.249690026 0 0 0 0 0
1489656843.751679897 -0.459513843 0.229923174 0 0 0 0 0
1489656843.828256607 -0.468284428 0.310866445 0 0 0 0 0
1489656843.869188309 -0.521980703 0.239303425 0 0 0 0 0
1489656843.910104513 -0.545708418 0.140423432 0 0 0 0 0
1489656843.951076269 -0.448999226 0.210574150 0 0 0 0 0
1489656843.992478609 -0.536703885 0.123800017 0 0 0 0 0
1489656844.033163309 -0.563662589 0.238507494 0 0 0 0 0
1489656844.080006838 -0.770891488 0.408805996 0 0 0 0 0
1489656844.115133286 -0.348492265 0.413538337 0 0 0 0 0
1489656844.156079292 -0.234235480 0.557329535 0 0 0 0 0
1489656844.197124958 -0.703152537 0.182839826 0 0 0 0 0
1489656844.238106728 -0.480336398 0.127121210 0 0 0 0 0
1489656844.279131413 -0.550931096 0.378160685 0 0 0 0 0
1489656844.320192337 -0.845787525 -0.743267775 0 0 0 0 0
1489656844.361186743 0.000000000 0.000000000 0 0 0 0 0
1489656844.366944075 0.000000000 0.000000000 0 0 0 0 0
1489656844.402096748 0.000000000 0.000000000 0 0 0 0 0
1489656844.443110466 0.000000000 0.000000000 0 0 0 0 0
1489656844.484081030 0.000000000 0.000000000 0 0 0 0 0
1489656844.529066086 0.000000000 -1.108573318 0 0 0 0 0
1489656844.566142797 0.000000000 0.000000000 0 0 0 0 0
1489656844.607102633 0.000000000 0.000000000 0 0 0 0 0
1489656844.648153067 0.000000000 0.000000000 0 0 0 0 0
1489656844.689052343 0.000000000 0.000000000 0 0 0 0 0
1489656844.730129719 0.000000000 0.000000000 0 0 0 0 0
1489656844.771161556 0.000000000 0.000000000 0 0 0 0 0
1489656844.771186829 -0.587720633 0.000000000 0 0 0 0 0
1489656844.817725182 0.000000000 0.000000000 0 0 0 0 0
1489656844.853099108 -0.555069566 -0.195906892 0 0 0 0 0
1489656844.894105673 0.010092020 0.312693447 0 0 0 0 0
1489656844.935123682 -1.137262344 -0.199519724 0 0 0 0 0
1489656844.976077795 0.000000000 0.000000000 0 0 0 0 0
1489656845.017296553 0.276735038 0.264314383 0 0 0 0 0
1489656845.058259010 0.110017978 -0.000418246 0 0 0 0 0
1489656845.099594831 -0.513956070 0.018765790 0 0 0 0 0
1489656845.140114784 -0.568408847 -0.110339046 0 0 0 0 0
1489656845.181021929 -0.441094220 -0.057801776 0 0 0 0 0
1489656845.222071171 -0.281754822 -0.038068242 0 0 0 0 0
1489656845.268917561 -0.371438384 -0.095103987 0 0 0 0 0
1489656845.304106712 -0.541631758 -0.091123387 0 0 0 0 0
1489656845.386125565 -0.451428801 -0.062572844 0 0 0 0 0
1489656845.468224525 -0.477983236 -0.159415454 0 0 0 0 0
1489656845.468247175 -0.529923022 -0.192751348 0 0 0 0 0
1489656845.509093285 -0.450287163 -0.313696206 0 0 0 0 0
1489656845.555910349 -0.480714500 -0.234145239 0 0 0 0 0
1489656845.632262468 -0.475511372 -0.261384934 0 0 0 0 0
1489656845.673199654 -0.332403719 -0.278675288 0 0 0 0 0
1489656845.719982624 -0.412098885 -0.230282471 0 0 0 0 0
1489656845.796139717 -0.322487503 -0.181558028 0 0 0 0 0
1489656845.837101221 -0.342564940 -0.248179838 0 0 0 0 0
1489656845.919114828 -0.473914802 -0.199070290 0 0 0 0 0
1489656845.960118055 -0.449582666 -0.026000557 0 0 0 0 0
1489656846.006967068 0.000000000 0.000000000 0 0 0 0 0
1489656846.083125353 0.000000000 0.000000000 0 0 0 0 0
1489656846.124170780 0.000000000 0.000000000 0 0 0 0 0
1489656846.206146955 0.000000000 0.000000000 0 0 0 0 0
1489656846.247184753 0.000000000 0.000000000 0 0 0 0 0
1489656846.329304695 -0.252760768 0.351268530 0 0 0 0 0
1489656846.370151520 -0.327185661 -0.223413989 0 0 0 0 0
1489656846.452212334 -0.377760768 -0.178132877 0 0 0 0 0
1489656846.494504690 -0.292251050 -0.426099747 0 0 0 0 0
1489656846.575093508 -0.310075581 -0.352250993 0 0 0 0 0
1489656846.621430159 -0.262771487 -0.442550510 0 0 0 0 0
1489656846.657125711 -0.275295079 -0.399095714 0 0 0 0 0
1489656846.698123217 -0.245074600 -0.505323529 0 0 0 0 0
1489656846.745168686 -0.276323527 -0.531526327 0 0 0 0 0
1489656846.821077347 -0.444660842 -0.153043658 0 0 0 0 0
1489656846.862111092 -0.430568784 -0.493162423 0 0 0 0 0
1489656846.903074741 -0.283390433 -0.236891702 0 0 0 0 0
1489656846.944062233 -0.222173229 -0.359919488 0 0 0 0 0
1489656846.985049725 -0.251110733 -0.489736199 0 0 0 0 0
1489656847.026262283 -0.290872037 0.199978516 0 0 0 0 0
1489656847.067402840 0.000696742 -0.645757258 0 0 0 0 0
1489656847.108182907 -0.050699741 -0.096172690 0 0 0 0 0
1489656847.149186850 0.140446827 -0.120601512 0 0 0 0 0
1489656847.190167427 -0.332389653 0.325827003 0 0 0 0 0
1489656847.195942402 0.000000000 -0.526730776 0 0 0 0 0
1489656847.231372833 -0.080050841 0.087927103 0 0 0 0 0
1489656847.272104263 -0.030099545 -0.692289472 0 0 0 0 0
1489656847.313079357 0.000000000 -0.683107913 0 0 0 0 0
1489656847.359767437 0.621021569 0.339733601 0 0 0 0 0
1489656847.395178080 0.820763052 0.623779893 0 0 0 0 0
1489656847.436125040 0.000000000 0.000000000 0 0 0 0 0
1489656847.477080345 0.000000000 -0.699749589 0 0 0 0 0
1489656847.562670946 0.159383625 -0.230217576 0 0 0 0 0
1489656847.562695026 0.175285831 -0.053423248 0 0 0 0 0
1489656847.600118399 -0.138933301 -0.185951799 0 0 0 0 0
1489656847.641155958 -0.100897074 -0.515772641 0 0 0 0 0
1489656847.682161331 0.116619714 0.054996073 0 0 0 0 0
1489656847.723221779 -0.233392164 -0.232076049 0 0 0 0 0
1489656847.764149904 -0.198025033 -0.510047436 0 0 0 0 0
1489656847.805131674 0.000000000 -0.593907416 0 0 0 0 0
1489656847.846127033 0.011592491 -0.610527515 0 0 0 0 0
1489656847.887054682 0.360794932 -0.664961159 0 0 0 0 0
1489656847.928123474 -0.091938511 -0.271272957 0 0 0 0 0
1489656847.974702597 0.023324683 -0.595646679 0 0 0 0 0
1489656848.010140181 0.110738948 -0.561644852 0 0 0 0 0
1489656848.051095486 0.072673157 -0.384280026 0 0 0 0 0
1489656848.133169174 0.228947476 -0.642151535 0 0 0 0 0
1489656848.174226284 0.216155335 -0.538764894 0 0 0 0 0
1489656848.215127468 0.238347962 -0.538753271 0 0 0 0 0
1489656848.261958361 0.190455064 -0.538535416 0 0 0 0 0
1489656848.297204256 0.347323507 -0.545357585 0 0 0 0 0
1489656848.379159212 0.194096982 -0.383206487 0 0 0 0 0
1489656848.425784349 0.272672892 -0.507416606 0 0 0 0 0
1489656848.461430550 0.266758770 -0.508766532 0 0 0 0 0
1489656848.543158531 0.290945053 -0.507393956 0 0 0 0 0
1489656848.589338779 0.353202581 -0.494638741 0 0 0 0 0
1489656848.625135422 0.311327577 -0.354125082 0 0 0 0 0
1489656848.707133293 0.254337877 -0.439860046 0 0 0 0 0
1489656848.748267174 0.214319155 -0.032890588 0 0 0 0 0
1489656848.830175161 0.413040578 -0.123020686 0 0 0 0 0
1489656848.876772404 0.256618202 -0.362940848 0 0 0 0 0
1489656848.953146696 0.401416123 -0.335564792 0 0 0 0 0
1489656848.999970198 0.421968937 -0.248851880 0 0 0 0 0
1489656849.076108456 0.273449272 -0.157598317 0 0 0 0 0
1489656849.117161512 0.000000000 0.000000000 0 0 0 0 0
1489656849.163783550 0.606668353 -0.316599548 0 0 0 0 0
1489656849.199065447 0.407080442 -0.126264304 0 0 0 0 0
1489656849.240120649 0.516213059 -0.167534292 0 0 0 0 0
1489656849.281151772 0.498291194 -0.166458681 0 0 0 0 0
1489656849.363291979 0.392737448 -0.110405803 0 0 0 0 0
1489656849.404165030 0.136809930 0.166274711 0 0 0 0 0
1489656849.445206404 0.057100207 -0.352613389 0 0 0 0 0
1489656849.486812115 0.493269980 -0.434056312 0 0 0 0 0
1489656849.487010717 0.007808805 0.052125629 0 0 0 0 0
1489656849.527106285 -0.740691423 0.949642956 0 0 0 0 0
1489656849.568174839 0.405875534 -0.277454972 0 0 0 0 0
1489656849.614892721 -0.515601397 0.162278742 0 0 0 0 0
1489656849.650129795 -0.287371069 0.355430365 0 0 0 0 0
1489656849.691204786 -1.112673998 0.835451245 0 0 0 0 0
1489656849.732297659 0.031272553 0.113593102 0 0 0 0 0
1489656849.778683424 0.551550448 -0.027577525 0 0 0 0 0
1489656849.814116478 0.507597029 -0.059717305 0 0 0 0 0
1489656849.855051994 0.000000000 0.000000000 0 0 0 0 0
1489656849.896183014 0.000974417 -0.399994582 0 0 0 0 0
1489656849.901973486 0.000000000 0.000000000 0 0 0 0 0
1489656849.937100410 0.000000000 0.000000000 0 0 0 0 0
1489656849.978142500 0.334045529 -2.004273176 0 0 0 0 0
1489656850.019175529 0.000000000 0.000000000 0 0 0 0 0
1489656850.065801144 0.000000000 0.000000000 0 0 0 0 0
1489656850.101282835 0.000000000 0.000000000 0 0 0 0 0
1489656850.142279863 0.000000000 0.000000000 0 0 0 0 0
1489656850.183066845 0.000000000 0.000000000 0 0 0 0 0
1489656850.225216150 0.000000000 0.000000000 0 0 0 0 0
1489656850.265158415 0.000000000 0.000000000 0 0 0 0 0
1489656850.265240192 0.000000000 0.000000000 0 0 0 0 0
1489656850.306149006 0.000000000 0.000000000 0 0 0 0 0
1489656850.352528334 0.000000000 0.000000000 0 0 0 0 0
1489656850.388160944 0.000000000 0.000000000 0 0 0 0 0
1489656850.429064274 0.000000000 0.000000000 0 0 0 0 0
1489656850.470129013 0.000000000 0.000000000 0 0 0 0 0
1489656850.555825472 0.000000000 0.000000000 0 0 0 0 0
1489656850.555848122 0.000000000 0.000000000 0 0 0 0 0
1489656850.593260765 0.000000000 0.000000000 0 0 0 0 0
1489656850.634219170 0.000000000 0.000000000 0 0 0 0 0
1489656850.675183773 0.000000000 0.000000000 0 0 0 0 0
1489656850.675319195 0.000000000 0.000000000 0 0 0 0 0
1489656850.716217756 0.000000000 0.000000000 0 0 0 0 0
1489656850.757185221 0.000000000 0.000000000 0 0 0 0 0
1489656850.798196316 0.000000000 0.000000000 0 0 0 0 0
1489656850.839098454 0.000000000 0.000000000 0 0 0 0 0
1489656850.880027533 0.000000000 0.000000000 0 0 0 0 0
1489656850.921264648 0.000000000 0.000000000 0 0 0 0 0
1489656850.962134123 0.000000000 0.000000000 0 0 0 0 0
1489656851.003015757 0.000000000 0.000000000 0 0 0 0 0
1489656851.044137478 0.000000000 0.000000000 0 0 0 0 0
1489656851.085290909 0.000000000 0.000000000 0 0 0 0 0
1489656851.085323811 0.000000000 0.000000000 0 0 0 0 0
1489656851.126207113 0.000000000 0.000000000 0 0 0 0 0
1489656851.167192459 0.000000000 0.000000000 0 0 0 0 0
1489656851.208198786 0.000000000 0.000000000 0 0 0 0 0
1489656851.249241352 0.000000000 0.000000000 0 0 0 0 0
1489656851.290292263 0.000000000 0.000000000 0 0 0 0 0
1489656851.331150055 0.000000000 0.000000000 0 0 0 0 0
1489656851.372199535 0.000000000 0.000000000 0 0 0 0 0
1489656851.413248301 0.000000000 0.000000000 0 0 0 0 0
1489656851.454162836 0.000000000 0.000000000 0 0 0 0 0
1489656851.495274544 0.000000000 0.000000000 0 0 0 0 0
1489656851.495294094 0.000000000 0.000000000 0 0 0 0 0
1489656851.536242247 0.839558363 1.169384837 0 0 0 0 0
1489656851.577129364 0.278869748 1.541985512 0 0 0 0 0
1489656851.618161917 0.000000000 0.000000000 0 0 0 0 0
1489656851.659130335 0.000000000 0.000000000 0 0 0 0 0
1489656851.700237751 0.000000000 0.000000000 0 0 0 0 0
1489656851.741254091 0.000000000 0.000000000 0 0 0 0 0
1489656851.782151699 0.000000000 0.000000000 0 0 0 0 0
1489656851.823173046 0.000000000 0.000000000 0 0 0 0 0
1489656851.864178896 0.000000000 0.000000000 0 0 0 0 0
1489656851.905056238 2.480221510 2.480221510 0 0 0 0 0
1489656851.905189276 0.032598756 0.032598756 0 0 0 0 0
1489656851.946118116 0.000000000 0.000000000 0 0 0 0 0
1489656851.987149954 0.000000000 0.000000000 0 0 0 0 0
1489656852.028156996 0.000000000 0.000000000 0 0 0 0 0
1489656852.069141150 2.608950615 2.641562462 0 0 0 0 0
1489656852.110093832 0.000000000 0.000000000 0 0 0 0 0
1489656852.151099920 0.000000000 0.000000000 0 0 0 0 0
1489656852.192179203 0.000000000 0.000000000 0 0 0 0 0
1489656852.233173847 0.000000000 0.000000000 0 0 0 0 0
1489656852.274220228 0.000000000 0.000000000 0 0 0 0 0
1489656852.274242640 0.000000000 0.000000000 0 0 0 0 0
1489656852.320834160 0.000000000 0.000000000 0 0 0 0 0
1489656852.356148243 0.000000000 0.000000000 0 0 0 0 0
1489656852.397105694 0.000000000 0.000000000 0 0 0 0 0
1489656852.438133240 0.000000000 0.000000000 0 0 0 0 0
1489656852.481913328 0.000000000 0.000000000 0 0 0 0 0
1489656852.520187378 0.000000000 0.000000000 0 0 0 0 0
1489656852.561127424 0.000000000 0.000000000 0 0 0 0 0
1489656852.602255583 0.000000000 0.000000000 0 0 0 0 0
1489656852.643200874 0.000000000 0.000000000 0 0 0 0 0
1489656852.684176445 0.000000000 0.000000000 0 0 0 0 0
1489656852.684193850 0.000000000 0.000000000 0 0 0 0 0
1489656852.725246429 0.000000000 0.000000000 0 0 0 0 0
1489656852.771922112 0.000000000 0.000000000 0 0 0 0 0
1489656852.807236910 0.000000000 0.000000000 0 0 0 0 0
1489656852.848227978 0.000000000 0.000000000 0 0 0 0 0
1489656852.889159918 0.000000000 0.000000000 0 0 0 0 0
1489656852.930304527 0.000000000 0.000000000 0 0 0 0 0
1489656852.971185684 0.000000000 0.000000000 0 0 0 0 0
1489656853.012228489 0.000000000 0.000000000 0 0 0 0 0
1489656853.053089857 0.000000000 0.000000000 0 0 0 0 0
1489656853.094117641 0.000000000 0.000000000 0 0 0 0 0
1489656853.094183445 0.000000000 0.000000000 0 0 0 0 0
1489656853.135029078 0.000000000 0.000000000 0 0 0 0 0
1489656853.176109076 0.000000000 0.000000000 0 0 0 0 0
1489656853.222755671 0.000000000 0.000000000 0 0 0 0 0
1489656853.258181095 0.000000000 0.000000000 0 0 0 0 0
1489656853.299137592 0.000000000 0.000000000 0 0 0 0 0
1489656853.340209484 0.000000000 0.000000000 0 0 0 0 0
1489656853.381139755 0.000000000 0.000000000 0 0 0 0 0
1489656853.422205925 1.289041400 1.044286847 0 0 0 0 0
1489656853.463201523 0.000000000 0.000000000 0 0 0 0 0
1489656853.504229546 0.000000000 0.000000000 0 0 0 0 0
1489656853.550975561 0.000000000 0.000000000 0 0 0 0 0
1489656853.551031351 0.000000000 0.000000000 0 0 0 0 0
