# text file for ../bag/translation3.bag
# format: time stamp x y z qx qy qz qw
1489656786.591956615 0.046932980 -0.071419753 0 0 0 0 0
1489656786.673994064 0.000208684 -0.001769116 0 0 0 0 0
1489656786.714946270 -0.045472812 0.092783056 0 0 0 0 0
1489656786.755961180 0.000000000 -0.004330026 0 0 0 0 0
1489656786.796941042 0.018415272 -0.059537422 0 0 0 0 0
1489656786.837978125 0.000000000 0.000000000 0 0 0 0 0
1489656786.919920444 0.000000000 0.000000000 0 0 0 0 0
1489656786.961911201 0.004887781 0.079207204 0 0 0 0 0
1489656787.001881123 -0.002020404 0.000000000 0 0 0 0 0
1489656787.043113947 0.039926860 -0.035245683 0 0 0 0 0
1489656787.083845615 0.000000000 0.000000000 0 0 0 0 0
1489656787.165908098 -0.056492694 0.044134922 0 0 0 0 0
1489656787.206963301 -0.012319222 -0.029660184 0 0 0 0 0
1489656787.247950077 0.000000000 0.000000000 0 0 0 0 0
1489656787.288908243 0.022719633 -0.062278591 0 0 0 0 0
1489656787.329926968 -0.001773406 0.000000000 0 0 0 0 0
1489656787.411918163 0.000000000 0.000000000 0 0 0 0 0
1489656787.452842474 -0.066495553 -0.008750582 0 0 0 0 0
1489656787.493947029 0.000000000 0.000000000 0 0 0 0 0
1489656787.535038233 0.000000000 0.000000000 0 0 0 0 0
1489656787.575891495 -0.022626825 0.065994903 0 0 0 0 0
1489656787.657891273 0.024391904 -0.080126762 0 0 0 0 0
1489656787.698885918 0.000000000 0.000000000 0 0 0 0 0
1489656787.739984512 0.000000000 0.000000000 0 0 0 0 0
1489656787.780932903 -0.001898550 0.000000000 0 0 0 0 0
1489656787.862855196 -0.013125733 0.073473603 0 0 0 0 0
1489656787.903894663 -0.024109770 0.084384188 0 0 0 0 0
1489656787.945035458 0.000000000 0.000000000 0 0 0 0 0
1489656787.988578796 0.026910299 -0.041509841 0 0 0 0 0
1489656788.026897430 0.000000000 0.000000000 0 0 0 0 0
1489656788.067900896 -0.054547340 0.117175758 0 0 0 0 0
1489656788.149855614 0.081292398 -0.047884561 0 0 0 0 0
1489656788.190951824 0.001895869 0.000000000 0 0 0 0 0
1489656788.231941223 0.001895869 0.000000000 0 0 0 0 0
1489656788.278569937 -0.152828380 0.049191270 0 0 0 0 0
1489656788.354922533 0.000000000 0.000000000 0 0 0 0 0
1489656788.395968437 0.001658851 0.001561272 0 0 0 0 0
1489656788.436979055 0.000000000 0.000000000 0 0 0 0 0
1489656788.477835894 0.059287418 0.060391378 0 0 0 0 0
1489656788.518870592 0.001474469 0.015426882 0 0 0 0 0
1489656788.600938320 0.012232983 0.037494801 0 0 0 0 0
1489656788.642196894 0.045107301 0.086397223 0 0 0 0 0
1489656788.682992220 0.047145288 0.165194243 0 0 0 0 0
1489656788.729444504 0.073078990 0.160270974 0 0 0 0 0
1489656788.805935144 0.033360921 0.210861176 0 0 0 0 0
1489656788.846907854 0.050933372 0.239654869 0 0 0 0 0
1489656788.888012648 0.011218486 0.258492291 0 0 0 0 0
1489656788.928962231 0.036415081 0.245886356 0 0 0 0 0
1489656789.010933399 0.008086228 0.262954652 0 0 0 0 0
1489656789.056200266 0.032491241 0.263034284 0 0 0 0 0
1489656789.093021631 0.051972855 0.284415543 0 0 0 0 0
1489656789.133899212 0.088705063 0.306708455 0 0 0 0 0
1489656789.180747509 0.070312172 0.280882925 0 0 0 0 0
1489656789.256971836 0.126651078 0.299934626 0 0 0 0 0
1489656789.297930956 0.198814556 0.367791295 0 0 0 0 0
1489656789.338992119 0.190206930 0.380664647 0 0 0 0 0
1489656789.379991770 0.214193970 0.367180318 0 0 0 0 0
1489656789.461996078 0.247790158 0.359630585 0 0 0 0 0
1489656789.503019333 0.276682198 0.460306913 0 0 0 0 0
1489656789.544003487 0.222498626 0.425638258 0 0 0 0 0
1489656789.584980488 0.257134765 0.355927259 0 0 0 0 0
1489656789.626465082 0.260603428 0.307703078 0 0 0 0 0
1489656789.749008417 0.305330575 0.271441609 0 0 0 0 0
1489656789.789867640 0.253074497 0.252213687 0 0 0 0 0
1489656789.830946445 0.294883043 0.222373292 0 0 0 0 0
1489656789.912992477 0.290744871 0.317788750 0 0 0 0 0
1489656789.953848839 0.300756216 0.362868130 0 0 0 0 0
1489656789.994826317 0.314291656 0.267897248 0 0 0 0 0
1489656790.035978556 0.309734970 0.317438841 0 0 0 0 0
1489656790.082593203 0.342618942 0.115348198 0 0 0 0 0
1489656790.158940077 0.354307443 0.242961943 0 0 0 0 0
1489656790.199987173 0.408519506 0.213140622 0 0 0 0 0
1489656790.241117239 0.000000000 0.000000000 0 0 0 0 0
1489656790.281886578 0.378192842 0.291595995 0 0 0 0 0
1489656790.363893270 0.382228017 0.395642400 0 0 0 0 0
1489656790.404881716 0.391911626 0.431849629 0 0 0 0 0
1489656790.445977449 0.341145903 0.224510953 0 0 0 0 0
1489656790.533271551 0.463253677 0.059459742 0 0 0 0 0
1489656790.569005728 0.312105149 0.181095243 0 0 0 0 0
1489656790.650885344 0.323598027 -0.068140000 0 0 0 0 0
1489656790.691894531 0.368010193 -0.071754396 0 0 0 0 0
1489656790.773986101 0.383742094 -0.244309604 0 0 0 0 0
1489656790.855845213 0.378100514 0.185400039 0 0 0 0 0
1489656790.897048473 0.381682485 -0.070740446 0 0 0 0 0
1489656790.979644299 0.397709370 0.077910408 0 0 0 0 0
1489656791.019984245 0.363193929 0.272821933 0 0 0 0 0
1489656791.102017641 0.370608240 0.317656934 0 0 0 0 0
1489656791.143144846 0.325003982 0.345407397 0 0 0 0 0
1489656791.225038290 0.452934116 0.395358711 0 0 0 0 0
1489656791.271417618 0.443590015 0.312263429 0 0 0 0 0
1489656791.348067284 0.414836496 0.178411394 0 0 0 0 0
1489656791.389075041 0.396166623 0.318583816 0 0 0 0 0
1489656791.431760311 0.187048763 0.377587378 0 0 0 0 0
1489656791.511958838 0.499355644 0.518156111 0 0 0 0 0
1489656791.553036928 0.415435761 0.519166112 0 0 0 0 0
1489656791.594016790 0.467164844 0.451638699 0 0 0 0 0
1489656791.675951719 0.493623495 0.496857792 0 0 0 0 0
1489656791.722778082 0.502163589 0.444721133 0 0 0 0 0
1489656791.757964611 0.469613552 0.486478388 0 0 0 0 0
1489656791.798949003 0.497365713 0.492527068 0 0 0 0 0
1489656791.881017208 0.345559001 0.346680641 0 0 0 0 0
1489656791.922031164 0.487711906 0.488435924 0 0 0 0 0
1489656791.962968826 0.450966895 0.490596622 0 0 0 0 0
1489656792.047486782 0.441658318 0.490433544 0 0 0 0 0
1489656792.086009502 0.485415518 0.500175476 0 0 0 0 0
1489656792.126939058 0.440459073 0.487067610 0 0 0 0 0
1489656792.173558235 0.488475889 0.506789088 0 0 0 0 0
1489656792.249925375 0.386575162 0.504239798 0 0 0 0 0
1489656792.290949583 0.457619488 0.484499544 0 0 0 0 0
1489656792.331943512 0.528813660 0.403217465 0 0 0 0 0
1489656792.413945675 0.352200955 0.284086347 0 0 0 0 0
1489656792.454961777 0.472834796 0.172770515 0 0 0 0 0
1489656792.537008286 0.077572323 -0.068686709 0 0 0 0 0
1489656792.577915907 0.402510971 0.304134518 0 0 0 0 0
1489656792.660021544 0.000000000 0.000000000 0 0 0 0 0
1489656792.700948954 0.000000000 0.000000000 0 0 0 0 0
1489656792.782878637 0.000000000 0.000000000 0 0 0 0 0
1489656792.864917517 0.381811589 -0.045887485 0 0 0 0 0
1489656792.906052113 0.249525160 0.249525160 0 0 0 0 0
1489656792.946881294 0.246638238 0.243885010 0 0 0 0 0
1489656793.028939724 -0.015207522 0.109136358 0 0 0 0 0
1489656793.114501715 0.066299185 0.740694880 0 0 0 0 0
1489656793.152035475 0.003874524 0.265439153 0 0 0 0 0
1489656793.192989588 0.018770706 0.154452324 0 0 0 0 0
1489656793.233994246 -0.199227810 -0.091629468 0 0 0 0 0
1489656793.316015005 -0.014733805 -0.015800849 0 0 0 0 0
1489656793.362582922 -0.025830945 -0.172867030 0 0 0 0 0
1489656793.439020395 0.057148349 -0.218223780 0 0 0 0 0
1489656793.480043173 0.004792342 -0.490608424 0 0 0 0 0
1489656793.526785135 0.000000000 0.000000000 0 0 0 0 0
1489656793.602935553 -0.102495790 -0.255374759 0 0 0 0 0
1489656793.644037485 0.039045710 -0.485492557 0 0 0 0 0
1489656793.725969791 0.000000000 0.000000000 0 0 0 0 0
1489656793.766954660 -0.153949693 -0.335569441 0 0 0 0 0
1489656793.849037647 0.000000000 0.000000000 0 0 0 0 0
1489656793.889940262 0.000000000 0.000000000 0 0 0 0 0
1489656793.972157717 0.000000000 0.000000000 0 0 0 0 0
1489656794.012944221 0.000000000 0.000000000 0 0 0 0 0
1489656794.094964743 0.000000000 0.000000000 0 0 0 0 0
1489656794.140488625 0.000000000 0.000000000 0 0 0 0 0
1489656794.218045712 -0.143915966 0.419233471 0 0 0 0 0
1489656794.300050259 -0.295286268 0.324375093 0 0 0 0 0
1489656794.341152430 -0.227831677 0.017836895 0 0 0 0 0
1489656794.428765059 -0.219371602 -0.040339429 0 0 0 0 0
1489656794.463943481 -0.373300105 -0.000545491 0 0 0 0 0
1489656794.545982838 -0.252557337 -0.021013152 0 0 0 0 0
1489656794.586919546 -0.246431589 -0.357123256 0 0 0 0 0
1489656794.627933264 -0.394692719 -0.269644111 0 0 0 0 0
1489656794.669032097 -0.313622057 -0.158101574 0 0 0 0 0
1489656794.750940561 -0.372230709 -0.259869635 0 0 0 0 0
1489656794.792079210 -0.421262264 -0.130557090 0 0 0 0 0
1489656794.832967043 -0.440078735 -0.248836786 0 0 0 0 0
1489656794.915003538 -0.185823813 -0.124995157 0 0 0 0 0
1489656794.956028938 -0.464800775 -0.240334064 0 0 0 0 0
1489656794.996984243 -0.414749205 -0.241763800 0 0 0 0 0
1489656795.038110018 -0.441844851 -0.231694460 0 0 0 0 0
1489656795.119952679 -0.451822609 -0.251399100 0 0 0 0 0
1489656795.161048174 -0.345503986 -0.142905995 0 0 0 0 0
1489656795.201936722 -0.484206855 -0.230702788 0 0 0 0 0
1489656795.243019581 -0.453448474 -0.275716722 0 0 0 0 0
1489656795.327462673 -0.446491420 -0.244923741 0 0 0 0 0
1489656795.365952730 -0.489820063 -0.219577283 0 0 0 0 0
1489656795.407054424 -0.539060891 -0.073477976 0 0 0 0 0
