# text file for ../bag/translation3.bag
# format: time stamp x y z qx qy qz qw
1489656786.525205374 -0.000303279 -0.000046244 0 0 0 0 0
1489656786.550258160 -0.000328760 -0.000063912 0 0 0 0 0
1489656786.575219870 -0.000322186 -0.000038768 0 0 0 0 0
1489656786.575238943 -0.000312684 -0.000033889 0 0 0 0 0
1489656786.600131273 -0.000266720 0.000000286 0 0 0 0 0
1489656786.625218153 -0.000214189 0.000035072 0 0 0 0 0
1489656786.650184631 -0.000154755 0.000073936 0 0 0 0 0
1489656786.675158739 -0.000119554 0.000076327 0 0 0 0 0
1489656786.675190687 -0.000125740 0.000096222 0 0 0 0 0
1489656786.700152397 -0.000122879 0.000116973 0 0 0 0 0
1489656786.725169897 -0.000152046 0.000141513 0 0 0 0 0
1489656786.750171900 -0.000162739 0.000187098 0 0 0 0 0
1489656786.775182486 -0.000113409 0.000251110 0 0 0 0 0
1489656786.775210857 -0.000094914 0.000326472 0 0 0 0 0
1489656786.800138712 -0.000066819 0.000377746 0 0 0 0 0
1489656786.825211763 -0.000054811 0.000360753 0 0 0 0 0
1489656786.850179434 -0.000079671 0.000331586 0 0 0 0 0
1489656786.875221491 -0.000095826 0.000250305 0 0 0 0 0
1489656786.875244141 -0.000126318 0.000183598 0 0 0 0 0
1489656786.900177002 -0.000189821 0.000173472 0 0 0 0 0
1489656786.950106144 -0.000233147 0.000148651 0 0 0 0 0
1489656786.950116396 -0.000222299 0.000084365 0 0 0 0 0
1489656786.975250959 -0.000179686 0.000009256 0 0 0 0 0
1489656787.000177145 -0.000108776 -0.000086481 0 0 0 0 0
1489656787.000206232 -0.000022996 -0.000154858 0 0 0 0 0
1489656787.025228262 0.000052654 -0.000201165 0 0 0 0 0
1489656787.050122023 0.000152201 -0.000170577 0 0 0 0 0
1489656787.075172901 0.000188508 -0.000077816 0 0 0 0 0
1489656787.075189829 0.000235639 0.000016542 0 0 0 0 0
1489656787.100092173 0.000214386 0.000094548 0 0 0 0 0
1489656787.125149965 0.000174072 0.000131800 0 0 0 0 0
1489656787.150178671 0.000109076 0.000142714 0 0 0 0 0
1489656787.175194979 0.000024128 0.000126585 0 0 0 0 0
1489656787.200180769 -0.000054367 0.000086016 0 0 0 0 0
1489656787.200197935 -0.000149592 0.000039440 0 0 0 0 0
1489656787.225229025 -0.000197269 0.000003264 0 0 0 0 0
1489656787.250165939 -0.000221824 0.000033632 0 0 0 0 0
1489656787.275214911 -0.000200448 0.000079316 0 0 0 0 0
1489656787.275228977 -0.000140803 0.000161091 0 0 0 0 0
1489656787.300121546 -0.000052255 0.000234075 0 0 0 0 0
1489656787.325227737 0.000016243 0.000241734 0 0 0 0 0
1489656787.350155115 0.000058834 0.000216667 0 0 0 0 0
1489656787.375151396 0.000056647 0.000153059 0 0 0 0 0
1489656787.375163078 0.000067845 0.000123689 0 0 0 0 0
1489656787.400114536 0.000034636 0.000111238 0 0 0 0 0
1489656787.425143719 -0.000020687 0.000119059 0 0 0 0 0
1489656787.450170994 -0.000105355 0.000128710 0 0 0 0 0
1489656787.475274801 -0.000180931 0.000091050 0 0 0 0 0
1489656787.500236034 -0.000249607 -0.000026184 0 0 0 0 0
1489656787.500270844 -0.000295621 -0.000153318 0 0 0 0 0
1489656787.525272369 -0.000318600 -0.000263275 0 0 0 0 0
1489656787.550148487 -0.000290933 -0.000284581 0 0 0 0 0
1489656787.575085878 -0.000228037 -0.000277166 0 0 0 0 0
1489656787.575098515 -0.000153086 -0.000219135 0 0 0 0 0
1489656787.600097179 -0.000091984 -0.000183436 0 0 0 0 0
1489656787.625133038 -0.000017471 -0.000239934 0 0 0 0 0
1489656787.650100708 0.000083336 -0.000294372 0 0 0 0 0
1489656787.675112963 0.000106533 -0.000531793 0 0 0 0 0
1489656787.675121069 0.000162371 -0.000705846 0 0 0 0 0
1489656787.700032473 0.000396079 -0.000643895 0 0 0 0 0
1489656787.725157738 0.000487234 -0.000329511 0 0 0 0 0
1489656787.750159025 0.000546741 0.000037452 0 0 0 0 0
1489656787.775182009 0.000664368 0.000394681 0 0 0 0 0
1489656787.800178289 0.000696513 0.000805956 0 0 0 0 0
1489656787.800199270 0.000721180 0.000862556 0 0 0 0 0
1489656787.825193644 0.000529119 0.000891213 0 0 0 0 0
1489656787.850203037 0.000351483 0.000682511 0 0 0 0 0
1489656787.875209332 0.000125047 0.000547212 0 0 0 0 0
1489656787.875230074 -0.000079988 0.000446529 0 0 0 0 0
1489656787.900182486 -0.000208322 0.000328353 0 0 0 0 0
1489656787.925194740 -0.000305873 0.000277544 0 0 0 0 0
1489656787.950152397 -0.000365315 0.000298932 0 0 0 0 0
1489656787.975141525 -0.000370284 0.000368774 0 0 0 0 0
1489656788.025130749 -0.000317687 0.000452424 0 0 0 0 0
1489656788.050196409 -0.000385431 0.000447872 0 0 0 0 0
1489656788.075151443 -0.000401328 0.000410688 0 0 0 0 0
1489656788.075166941 -0.000411691 0.000359545 0 0 0 0 0
1489656788.100148916 -0.000363412 0.000311230 0 0 0 0 0
1489656788.125112295 -0.000285005 0.000301048 0 0 0 0 0
1489656788.125122547 -0.000148644 0.000354261 0 0 0 0 0
1489656788.150069237 -0.000008940 0.000511261 0 0 0 0 0
1489656788.175139427 0.000154134 0.000739021 0 0 0 0 0
1489656788.175153494 0.000353421 0.001113003 0 0 0 0 0
1489656788.200233698 0.000540093 0.001560219 0 0 0 0 0
1489656788.225225210 0.000804508 0.002082539 0 0 0 0 0
1489656788.225257874 0.001129687 0.002680927 0 0 0 0 0
1489656788.250272036 0.001520583 0.003250804 0 0 0 0 0
1489656788.275144339 0.001985087 0.003711410 0 0 0 0 0
1489656788.300105810 0.002395349 0.003907901 0 0 0 0 0
1489656788.300120831 0.002897271 0.003874183 0 0 0 0 0
1489656788.325147390 0.003432391 0.003807035 0 0 0 0 0
1489656788.350106955 0.004110131 0.003797108 0 0 0 0 0
1489656788.375163794 0.004801205 0.004076793 0 0 0 0 0
1489656788.375184774 0.005568795 0.004648131 0 0 0 0 0
1489656788.400118113 0.006510817 0.005405085 0 0 0 0 0
1489656788.425184965 0.007662752 0.006521611 0 0 0 0 0
1489656788.450111389 0.009078532 0.008074215 0 0 0 0 0
1489656788.475061655 0.010656807 0.010021562 0 0 0 0 0
1489656788.475070477 0.012417944 0.012494439 0 0 0 0 0
1489656788.500043392 0.014477503 0.015524801 0 0 0 0 0
1489656788.525091887 0.016797150 0.019200498 0 0 0 0 0
1489656788.550150633 0.019419253 0.023373840 0 0 0 0 0
1489656788.575106382 0.023040080 0.029091982 0 0 0 0 0
1489656788.600190401 0.026439531 0.034586750 0 0 0 0 0
1489656788.600215673 0.029663574 0.039842501 0 0 0 0 0
1489656788.625276089 0.033307429 0.045527969 0 0 0 0 0
1489656788.650166988 0.037350375 0.051596321 0 0 0 0 0
1489656788.675247908 0.041721966 0.058025017 0 0 0 0 0
1489656788.675271511 0.046361122 0.064744674 0 0 0 0 0
1489656788.700216770 0.051282384 0.071635932 0 0 0 0 0
1489656788.725177050 0.056155577 0.078714281 0 0 0 0 0
1489656788.750149250 0.061079193 0.085992359 0 0 0 0 0
1489656788.775092363 0.066074431 0.093263067 0 0 0 0 0
1489656788.775100708 0.070936285 0.100523546 0 0 0 0 0
1489656788.800122023 0.075556435 0.107989110 0 0 0 0 0
1489656788.825173378 0.080327511 0.116519153 0 0 0 0 0
1489656788.850142717 0.084154993 0.123713627 0 0 0 0 0
1489656788.875149727 0.087580025 0.130956203 0 0 0 0 0
1489656788.900236845 0.090984844 0.138220102 0 0 0 0 0
1489656788.900260687 0.093917705 0.145543322 0 0 0 0 0
1489656788.925180674 0.096418828 0.152871057 0 0 0 0 0
1489656788.950206757 0.098510817 0.159913316 0 0 0 0 0
1489656788.975211859 0.100569561 0.166731328 0 0 0 0 0
1489656788.975239992 0.102664515 0.173513070 0 0 0 0 0
1489656789.000248671 0.104617618 0.180097789 0 0 0 0 0
1489656789.025183201 0.106355779 0.186339810 0 0 0 0 0
1489656789.050247669 0.107944079 0.192399293 0 0 0 0 0
1489656789.075175047 0.109545968 0.198291644 0 0 0 0 0
1489656789.100153446 0.113460325 0.208276883 0 0 0 0 0
1489656789.125157118 0.116274729 0.215519071 0 0 0 0 0
1489656789.125170231 0.118981764 0.222070679 0 0 0 0 0
1489656789.150218725 0.121657073 0.227989972 0 0 0 0 0
1489656789.175122976 0.123513363 0.231863707 0 0 0 0 0
1489656789.175141096 0.124676533 0.233856797 0 0 0 0 0
1489656789.200163364 0.126081660 0.235925242 0 0 0 0 0
1489656789.225230694 0.127760679 0.238127246 0 0 0 0 0
1489656789.250226498 0.129970625 0.240732029 0 0 0 0 0
1489656789.275201321 0.132512733 0.243285209 0 0 0 0 0
1489656789.275232553 0.135314330 0.246093243 0 0 0 0 0
1489656789.300118208 0.138283953 0.248839125 0 0 0 0 0
1489656789.325210094 0.141589850 0.251799464 0 0 0 0 0
1489656789.350133419 0.144990429 0.255077451 0 0 0 0 0
1489656789.375188351 0.149687603 0.260181129 0 0 0 0 0
1489656789.400088072 0.154184237 0.264607817 0 0 0 0 0
1489656789.400112152 0.157495573 0.266902864 0 0 0 0 0
1489656789.425159931 0.160960644 0.269345671 0 0 0 0 0
1489656789.450192213 0.164685667 0.271472871 0 0 0 0 0
1489656789.475149632 0.168316782 0.273456365 0 0 0 0 0
1489656789.475163937 0.172028169 0.275475830 0 0 0 0 0
1489656789.500097513 0.175795183 0.277662903 0 0 0 0 0
1489656789.525154591 0.179772243 0.279751182 0 0 0 0 0
1489656789.550142050 0.183520272 0.281653225 0 0 0 0 0
1489656789.575302601 0.187258631 0.283324629 0 0 0 0 0
1489656789.600141764 0.190917403 0.284644186 0 0 0 0 0
1489656789.625319958 0.194671929 0.285840034 0 0 0 0 0
1489656789.625348091 0.201175019 0.290150613 0 0 0 0 0
1489656789.650189638 0.205659971 0.291466296 0 0 0 0 0
1489656789.675181866 0.208320484 0.290488541 0 0 0 0 0
1489656789.675193071 0.211091310 0.289233118 0 0 0 0 0
1489656789.700155258 0.213864774 0.287867039 0 0 0 0 0
1489656789.725170374 0.216592893 0.286217690 0 0 0 0 0
1489656789.750250340 0.219297141 0.284559697 0 0 0 0 0
1489656789.775189161 0.221940041 0.282894403 0 0 0 0 0
1489656789.775204659 0.224667192 0.281169564 0 0 0 0 0
1489656789.800124168 0.227294371 0.279287159 0 0 0 0 0
1489656789.825251579 0.229675904 0.277436644 0 0 0 0 0
1489656789.850141287 0.232070833 0.275716960 0 0 0 0 0
1489656789.875292063 0.234479561 0.274340212 0 0 0 0 0
1489656789.900242567 0.236668587 0.273164093 0 0 0 0 0
1489656789.900261164 0.240189761 0.274097413 0 0 0 0 0
1489656789.925141573 0.241541848 0.273178697 0 0 0 0 0
1489656789.950116396 0.242984235 0.272777289 0 0 0 0 0
1489656789.975138903 0.244689092 0.272668749 0 0 0 0 0
1489656789.975148916 0.246360987 0.272622734 0 0 0 0 0
1489656790.000092268 0.248028040 0.272533000 0 0 0 0 0
1489656790.025225639 0.249900624 0.272477150 0 0 0 0 0
1489656790.050215721 0.252051532 0.272323579 0 0 0 0 0
1489656790.075185061 0.254207641 0.272047162 0 0 0 0 0
1489656790.075206518 0.256512791 0.271555156 0 0 0 0 0
1489656790.100101948 0.258924931 0.270835787 0 0 0 0 0
1489656790.125177145 0.261711299 0.269962490 0 0 0 0 0
1489656790.175123215 0.264691204 0.269000173 0 0 0 0 0
1489656790.175149441 0.275151014 0.274657667 0 0 0 0 0
1489656790.200162172 0.282263696 0.277306020 0 0 0 0 0
1489656790.225236893 0.288460016 0.279302984 0 0 0 0 0
1489656790.225262165 0.291869760 0.279011339 0 0 0 0 0
1489656790.250187159 0.292732745 0.276769221 0 0 0 0 0
1489656790.275155783 0.291737705 0.273247540 0 0 0 0 0
1489656790.300199509 0.291136503 0.270566911 0 0 0 0 0
1489656790.300212145 0.290868521 0.268519849 0 0 0 0 0
1489656790.325148106 0.290693998 0.266999513 0 0 0 0 0
1489656790.350142956 0.290842354 0.266114891 0 0 0 0 0
1489656790.375135660 0.291311234 0.265812814 0 0 0 0 0
1489656790.375144958 0.291914582 0.265965819 0 0 0 0 0
1489656790.400082827 0.292547822 0.266304523 0 0 0 0 0
1489656790.425115347 0.293325484 0.267009556 0 0 0 0 0
1489656790.450139523 0.296242088 0.270152003 0 0 0 0 0
1489656790.475168943 0.296760380 0.271311939 0 0 0 0 0
1489656790.475189924 0.297147393 0.272700012 0 0 0 0 0
1489656790.500138760 0.297584951 0.274448037 0 0 0 0 0
1489656790.525205374 0.298212796 0.276642025 0 0 0 0 0
1489656790.550107002 0.299143553 0.279007584 0 0 0 0 0
1489656790.575134754 0.300231785 0.281267047 0 0 0 0 0
1489656790.575155497 0.301236838 0.283274621 0 0 0 0 0
1489656790.600132704 0.302414030 0.285228223 0 0 0 0 0
1489656790.625184536 0.304010808 0.287222296 0 0 0 0 0
1489656790.650085688 0.305621833 0.289155930 0 0 0 0 0
1489656790.675173044 0.307062477 0.290914357 0 0 0 0 0
1489656790.700189829 0.308301777 0.292720377 0 0 0 0 0
1489656790.700211763 0.313349694 0.298486739 0 0 0 0 0
1489656790.725232124 0.315272033 0.301168740 0 0 0 0 0
1489656790.750235081 0.314817280 0.301214337 0 0 0 0 0
1489656790.775256634 0.314559311 0.301125586 0 0 0 0 0
1489656790.775332928 0.314499915 0.300885051 0 0 0 0 0
1489656790.800222874 0.314391643 0.300483316 0 0 0 0 0
1489656790.825078726 0.314369440 0.299891889 0 0 0 0 0
1489656790.850095749 0.314460129 0.299310535 0 0 0 0 0
1489656790.875148773 0.315040439 0.298790067 0 0 0 0 0
1489656790.875167847 0.315663904 0.298309296 0 0 0 0 0
1489656790.900223494 0.316158384 0.297804445 0 0 0 0 0
1489656790.925238132 0.316511422 0.297540754 0 0 0 0 0
1489656790.950110912 0.316914976 0.297690511 0 0 0 0 0
1489656790.975144386 0.319365650 0.299966455 0 0 0 0 0
1489656790.975159883 0.319183648 0.299781054 0 0 0 0 0
1489656791.000197887 0.318901390 0.299541891 0 0 0 0 0
1489656791.025079489 0.318668693 0.299463660 0 0 0 0 0
1489656791.050155401 0.318600655 0.299464613 0 0 0 0 0
1489656791.075155973 0.318519056 0.299486876 0 0 0 0 0
1489656791.100227356 0.318466276 0.299507022 0 0 0 0 0
1489656791.100254536 0.318549752 0.299831808 0 0 0 0 0
1489656791.125197649 0.318897516 0.300340861 0 0 0 0 0
1489656791.150293827 0.319464952 0.301135182 0 0 0 0 0
1489656791.175304413 0.320171684 0.302073061 0 0 0 0 0
1489656791.175344229 0.320958257 0.303385824 0 0 0 0 0
1489656791.250273228 0.321959406 0.305041641 0 0 0 0 0
1489656791.275102139 0.343096226 0.326106101 0 0 0 0 0
1489656791.275114536 0.357609540 0.340654403 0 0 0 0 0
1489656791.300127745 0.366596729 0.349868804 0 0 0 0 0
1489656791.325200558 0.373103410 0.356718421 0 0 0 0 0
1489656791.325229883 0.375409693 0.359526545 0 0 0 0 0
1489656791.350263357 0.374218166 0.358843893 0 0 0 0 0
1489656791.375222445 0.370154709 0.355022043 0 0 0 0 0
1489656791.375256062 0.366142124 0.351113766 0 0 0 0 0
1489656791.400335312 0.360165387 0.345295191 0 0 0 0 0
1489656791.400351048 0.352582097 0.338012576 0 0 0 0 0
1489656791.425176859 0.343936503 0.329899907 0 0 0 0 0
1489656791.450236559 0.334703565 0.321272671 0 0 0 0 0
1489656791.475155592 0.327284664 0.314868540 0 0 0 0 0
1489656791.475175381 0.321430027 0.309955984 0 0 0 0 0
1489656791.500200748 0.316972286 0.306479365 0 0 0 0 0
1489656791.525214672 0.315929562 0.306511551 0 0 0 0 0
1489656791.550284386 0.313263595 0.304752886 0 0 0 0 0
1489656791.575220823 0.311800867 0.303797245 0 0 0 0 0
1489656791.600181103 0.311213404 0.303551286 0 0 0 0 0
1489656791.600195885 0.311528981 0.303717017 0 0 0 0 0
1489656791.625188589 0.312354565 0.304245651 0 0 0 0 0
1489656791.650213718 0.313430250 0.305012643 0 0 0 0 0
1489656791.675189257 0.315004319 0.306167930 0 0 0 0 0
1489656791.675213814 0.316724837 0.308034986 0 0 0 0 0
1489656791.700175762 0.318578929 0.310164481 0 0 0 0 0
1489656791.725104332 0.320309669 0.312455684 0 0 0 0 0
1489656791.750193119 0.322206706 0.314880490 0 0 0 0 0
1489656791.775205374 0.324453920 0.317365706 0 0 0 0 0
1489656791.800142527 0.331182748 0.324367315 0 0 0 0 0
1489656791.800156116 0.334626853 0.328059673 0 0 0 0 0
1489656791.825188875 0.335435718 0.329109371 0 0 0 0 0
1489656791.850219250 0.336260498 0.330115557 0 0 0 0 0
1489656791.875174522 0.337285727 0.331306547 0 0 0 0 0
1489656791.875200033 0.338437915 0.332658261 0 0 0 0 0
1489656791.900157213 0.339607060 0.333860874 0 0 0 0 0
1489656791.925124168 0.340909302 0.334923178 0 0 0 0 0
1489656791.950157166 0.342409849 0.335927963 0 0 0 0 0
1489656791.975226641 0.344012111 0.336999595 0 0 0 0 0
1489656791.975252390 0.345411897 0.337980092 0 0 0 0 0
1489656792.000213861 0.346564621 0.338806659 0 0 0 0 0
1489656792.025213480 0.347828269 0.339751154 0 0 0 0 0
1489656792.050167561 0.349218607 0.341029048 0 0 0 0 0
1489656792.075290203 0.354845673 0.346947283 0 0 0 0 0
1489656792.075309515 0.356564760 0.349336773 0 0 0 0 0
1489656792.100190639 0.355279416 0.348828167 0 0 0 0 0
1489656792.125181437 0.354404390 0.348418802 0 0 0 0 0
1489656792.150184631 0.353739440 0.347854018 0 0 0 0 0
1489656792.175019503 0.353026509 0.346974969 0 0 0 0 0
1489656792.200192690 0.352352321 0.346072882 0 0 0 0 0
1489656792.200208902 0.352071464 0.345390230 0 0 0 0 0
1489656792.225116968 0.351783693 0.344810843 0 0 0 0 0
1489656792.250073671 0.351133168 0.344117284 0 0 0 0 0
1489656792.275113821 0.350155979 0.343236297 0 0 0 0 0
1489656792.300146341 0.349206537 0.342536330 0 0 0 0 0
1489656792.325293779 0.348410994 0.342084199 0 0 0 0 0
1489656792.350191832 0.356438726 0.350676268 0 0 0 0 0
1489656792.350214720 0.360121369 0.354809403 0 0 0 0 0
1489656792.375266314 0.360369176 0.355446756 0 0 0 0 0
1489656792.400142193 0.357826233 0.353306174 0 0 0 0 0
1489656792.400156736 0.353238225 0.348715037 0 0 0 0 0
1489656792.425076246 0.349290162 0.344311953 0 0 0 0 0
1489656792.450100899 0.345802009 0.340307087 0 0 0 0 0
1489656792.475163937 0.343058884 0.336633444 0 0 0 0 0
1489656792.475181103 0.340916008 0.333324999 0 0 0 0 0
1489656792.500116587 0.338835746 0.330215693 0 0 0 0 0
1489656792.525191784 0.336895317 0.327247202 0 0 0 0 0
1489656792.550211906 0.335321814 0.324146628 0 0 0 0 0
1489656792.575267315 0.333959460 0.321055651 0 0 0 0 0
1489656792.600155354 0.332700342 0.317888170 0 0 0 0 0
1489656792.600174189 0.333459318 0.316548049 0 0 0 0 0
1489656792.625205278 0.331382602 0.312703401 0 0 0 0 0
1489656792.650231123 0.329492897 0.308729410 0 0 0 0 0
1489656792.675276518 0.327685118 0.304916382 0 0 0 0 0
1489656792.675316095 0.325587720 0.301313013 0 0 0 0 0
1489656792.700288534 0.323025942 0.297406286 0 0 0 0 0
1489656792.725251913 0.319871455 0.293337375 0 0 0 0 0
1489656792.750125647 0.316359133 0.289284110 0 0 0 0 0
1489656792.775155783 0.312646598 0.285101801 0 0 0 0 0
1489656792.775173664 0.308588594 0.280591607 0 0 0 0 0
1489656792.800155401 0.303845614 0.275763899 0 0 0 0 0
1489656792.825165749 0.298670948 0.270528406 0 0 0 0 0
1489656792.850199223 0.293091476 0.265034020 0 0 0 0 0
1489656792.875220537 0.290097982 0.262320012 0 0 0 0 0
1489656792.900170565 0.285675883 0.258561343 0 0 0 0 0
1489656792.900185347 0.278417438 0.252841711 0 0 0 0 0
1489656792.925169945 0.269173741 0.245340899 0 0 0 0 0
1489656792.950123310 0.259602994 0.237980172 0 0 0 0 0
1489656792.975216627 0.249934196 0.230413198 0 0 0 0 0
1489656792.975236893 0.239972651 0.222696394 0 0 0 0 0
1489656793.000184298 0.229670808 0.214941248 0 0 0 0 0
1489656793.025232077 0.219276309 0.207088098 0 0 0 0 0
1489656793.050200462 0.208636746 0.198835880 0 0 0 0 0
1489656793.075186014 0.197910964 0.190016240 0 0 0 0 0
1489656793.075199842 0.186935022 0.180896699 0 0 0 0 0
1489656793.100236893 0.175874919 0.171223760 0 0 0 0 0
1489656793.125204802 0.165219784 0.161858216 0 0 0 0 0
1489656793.150246143 0.153533474 0.151242375 0 0 0 0 0
1489656793.175297499 0.141523883 0.140314564 0 0 0 0 0
1489656793.200101137 0.129370019 0.128987223 0 0 0 0 0
1489656793.200123549 0.117011383 0.117138453 0 0 0 0 0
1489656793.225238323 0.104399629 0.105053417 0 0 0 0 0
1489656793.250194550 0.091284588 0.092778385 0 0 0 0 0
1489656793.275206566 0.077860482 0.080220401 0 0 0 0 0
1489656793.325155258 0.064168364 0.067376167 0 0 0 0 0
1489656793.350205421 0.048096675 0.052678678 0 0 0 0 0
1489656793.375186205 0.032308538 0.038098935 0 0 0 0 0
1489656793.400176048 0.015568866 0.022475746 0 0 0 0 0
1489656793.425226927 -0.000381237 0.007296525 0 0 0 0 0
1489656793.425251722 -0.015899822 -0.007621469 0 0 0 0 0
1489656793.450221777 -0.030387776 -0.021761529 0 0 0 0 0
1489656793.475280762 -0.043519713 -0.035088930 0 0 0 0 0
1489656793.475300550 -0.056168329 -0.047970276 0 0 0 0 0
1489656793.500209570 -0.067590438 -0.059761450 0 0 0 0 0
1489656793.500234842 -0.077938452 -0.070361435 0 0 0 0 0
1489656793.525230169 -0.087072544 -0.080013588 0 0 0 0 0
1489656793.550202131 -0.095210470 -0.088466421 0 0 0 0 0
1489656793.550226212 -0.102240436 -0.095878519 0 0 0 0 0
1489656793.575190544 -0.108560771 -0.102083117 0 0 0 0 0
1489656793.600193739 -0.114800893 -0.108137764 0 0 0 0 0
1489656793.600213289 -0.120190725 -0.113313876 0 0 0 0 0
1489656793.625193834 -0.125566244 -0.118218757 0 0 0 0 0
1489656793.650125265 -0.130087823 -0.122270398 0 0 0 0 0
1489656793.675151110 -0.135347515 -0.127225429 0 0 0 0 0
1489656793.700163126 -0.139632836 -0.131190166 0 0 0 0 0
1489656793.700185061 -0.143795997 -0.135371163 0 0 0 0 0
1489656793.725148201 -0.147956342 -0.139644876 0 0 0 0 0
1489656793.750253201 -0.151921540 -0.144149736 0 0 0 0 0
1489656793.775202751 -0.155845702 -0.148523763 0 0 0 0 0
1489656793.775220394 -0.159573257 -0.152862877 0 0 0 0 0
1489656793.800304651 -0.163300261 -0.157059297 0 0 0 0 0
1489656793.825300694 -0.166795745 -0.160917386 0 0 0 0 0
1489656793.850246429 -0.169952661 -0.164578319 0 0 0 0 0
1489656793.875226021 -0.173192084 -0.168020070 0 0 0 0 0
1489656793.875244141 -0.176207826 -0.171178520 0 0 0 0 0
1489656793.925182581 -0.179239556 -0.174195573 0 0 0 0 0
1489656793.925200701 -0.184249327 -0.178975642 0 0 0 0 0
1489656793.950164557 -0.187590137 -0.181999877 0 0 0 0 0
1489656793.975138664 -0.189475223 -0.183812127 0 0 0 0 0
1489656793.975163221 -0.191352531 -0.185370952 0 0 0 0 0
1489656794.000192642 -0.193102866 -0.186869055 0 0 0 0 0
1489656794.025151014 -0.194766045 -0.188163206 0 0 0 0 0
1489656794.050154209 -0.196519583 -0.189507321 0 0 0 0 0
1489656794.075134039 -0.198244423 -0.190973982 0 0 0 0 0
1489656794.075152159 -0.200100571 -0.192268685 0 0 0 0 0
1489656794.100116730 -0.201930314 -0.193409175 0 0 0 0 0
1489656794.125128269 -0.203486994 -0.194601566 0 0 0 0 0
1489656794.150155544 -0.204925194 -0.195956409 0 0 0 0 0
1489656794.175139666 -0.206246197 -0.197336212 0 0 0 0 0
1489656794.175164461 -0.207478777 -0.198551849 0 0 0 0 0
1489656794.200260639 -0.208532616 -0.199630916 0 0 0 0 0
1489656794.225200653 -0.209628433 -0.200535074 0 0 0 0 0
1489656794.250253677 -0.210930347 -0.201315254 0 0 0 0 0
1489656794.275200844 -0.212598383 -0.201698095 0 0 0 0 0
1489656794.275224924 -0.214349568 -0.202002406 0 0 0 0 0
1489656794.300173759 -0.216344014 -0.202199563 0 0 0 0 0
1489656794.325160027 -0.218487680 -0.202415377 0 0 0 0 0
1489656794.350213051 -0.220755681 -0.202576503 0 0 0 0 0
1489656794.375226736 -0.223235264 -0.202550605 0 0 0 0 0
1489656794.400278330 -0.226049587 -0.202532783 0 0 0 0 0
1489656794.400300026 -0.229064509 -0.202494800 0 0 0 0 0
1489656794.475186825 -0.232123718 -0.202435300 0 0 0 0 0
1489656794.500218630 -0.250727832 -0.214184985 0 0 0 0 0
1489656794.500240564 -0.264437020 -0.222140223 0 0 0 0 0
1489656794.525243282 -0.273790658 -0.226958260 0 0 0 0 0
1489656794.550121784 -0.279369950 -0.229104832 0 0 0 0 0
1489656794.550138712 -0.283469468 -0.230062723 0 0 0 0 0
1489656794.575222731 -0.284614533 -0.228835106 0 0 0 0 0
1489656794.600130320 -0.283457935 -0.226172537 0 0 0 0 0
1489656794.600148678 -0.281796008 -0.223591000 0 0 0 0 0
1489656794.625213385 -0.278436035 -0.219724745 0 0 0 0 0
1489656794.650190830 -0.275474042 -0.216356531 0 0 0 0 0
1489656794.650210619 -0.271459967 -0.212000668 0 0 0 0 0
1489656794.675207376 -0.266712815 -0.207064018 0 0 0 0 0
1489656794.675226212 -0.261368781 -0.201824307 0 0 0 0 0
1489656794.700190067 -0.255780905 -0.196441993 0 0 0 0 0
1489656794.725194931 -0.251841903 -0.192325696 0 0 0 0 0
1489656794.750210047 -0.251079887 -0.190624833 0 0 0 0 0
1489656794.775226831 -0.249515519 -0.188256532 0 0 0 0 0
1489656794.775243998 -0.249075264 -0.186634049 0 0 0 0 0
1489656794.800144196 -0.249794945 -0.185502499 0 0 0 0 0
1489656794.825376749 -0.251246512 -0.184918806 0 0 0 0 0
1489656794.850188017 -0.253375679 -0.184842348 0 0 0 0 0
1489656794.875161886 -0.256063133 -0.185074672 0 0 0 0 0
1489656794.875180721 -0.259088248 -0.185615033 0 0 0 0 0
1489656794.900222301 -0.262495607 -0.186317220 0 0 0 0 0
1489656794.925207853 -0.266007513 -0.187157795 0 0 0 0 0
1489656794.950189114 -0.269662946 -0.188191086 0 0 0 0 0
1489656794.975228310 -0.273518413 -0.189264715 0 0 0 0 0
1489656795.000155449 -0.277452350 -0.190201268 0 0 0 0 0
1489656795.000197172 -0.283209622 -0.192251697 0 0 0 0 0
1489656795.025290728 -0.286493361 -0.192676932 0 0 0 0 0
1489656795.050232172 -0.289838314 -0.192818418 0 0 0 0 0
1489656795.075176239 -0.293097168 -0.192904472 0 0 0 0 0
1489656795.100167274 -0.296307206 -0.192932323 0 0 0 0 0
1489656795.100186825 -0.299284130 -0.192948490 0 0 0 0 0
1489656795.125251055 -0.302197486 -0.192795977 0 0 0 0 0
1489656795.150233984 -0.304889768 -0.192799389 0 0 0 0 0
1489656795.175240517 -0.307544887 -0.193136513 0 0 0 0 0
1489656795.175257683 -0.310218066 -0.193383232 0 0 0 0 0
1489656795.200199842 -0.312754929 -0.193512306 0 0 0 0 0
1489656795.225229025 -0.315100580 -0.193696588 0 0 0 0 0
1489656795.250183582 -0.317588896 -0.193855897 0 0 0 0 0
1489656795.275254726 -0.322661191 -0.195207536 0 0 0 0 0
1489656795.275270700 -0.325021148 -0.195137084 0 0 0 0 0
1489656795.300228596 -0.327670634 -0.195083380 0 0 0 0 0
1489656795.325220823 -0.330714911 -0.195185453 0 0 0 0 0
1489656795.350212574 -0.334318310 -0.195306256 0 0 0 0 0
1489656795.375186682 -0.338192254 -0.195541248 0 0 0 0 0
1489656795.375201225 -0.341936797 -0.195976287 0 0 0 0 0
1489656795.400194883 -0.345695317 -0.196447611 0 0 0 0 0
1489656795.425187826 -0.350065380 -0.196936756 0 0 0 0 0
