# text file for ../bag/translation5.bag
# format: time stamp x y z qx qy qz qw
1489656885.675135851 0.002263644 -0.004009428 0 0 0 0 0
1489656885.675158978 0.002178674 -0.003984613 0 0 0 0 0
1489656885.700314283 0.002125912 -0.003944437 0 0 0 0 0
1489656885.725384951 0.002068345 -0.003893155 0 0 0 0 0
1489656885.750310659 0.001974589 -0.003807830 0 0 0 0 0
1489656885.775216579 0.001863900 -0.003702833 0 0 0 0 0
1489656885.800400734 0.001731537 -0.003544102 0 0 0 0 0
1489656885.825361252 0.001541576 -0.003348514 0 0 0 0 0
1489656885.825406313 0.001359106 -0.003181829 0 0 0 0 0
1489656885.850363970 0.001207394 -0.003038198 0 0 0 0 0
1489656885.875367403 0.001081661 -0.002926562 0 0 0 0 0
1489656885.875406027 0.000954942 -0.002808473 0 0 0 0 0
1489656885.900213242 0.000888983 -0.002741896 0 0 0 0 0
1489656885.925302267 0.000911746 -0.002755668 0 0 0 0 0
1489656885.950245857 0.001000509 -0.002828996 0 0 0 0 0
1489656885.975295782 0.001123711 -0.002897139 0 0 0 0 0
1489656885.975342512 0.001222095 -0.002891260 0 0 0 0 0
1489656886.000116110 0.001301539 -0.002833280 0 0 0 0 0
1489656886.025088072 0.001329607 -0.002720027 0 0 0 0 0
1489656886.050128937 0.001318088 -0.002574048 0 0 0 0 0
1489656886.075168848 0.001304183 -0.002375379 0 0 0 0 0
1489656886.075182199 0.001281688 -0.002230038 0 0 0 0 0
1489656886.100122929 0.001332009 -0.002171718 0 0 0 0 0
1489656886.125339508 0.001403166 -0.002162361 0 0 0 0 0
1489656886.150169134 0.001526406 -0.002228461 0 0 0 0 0
1489656886.175286293 0.001709028 -0.002320737 0 0 0 0 0
1489656886.175309896 0.001881535 -0.002384210 0 0 0 0 0
1489656886.200292587 0.002053144 -0.002399660 0 0 0 0 0
1489656886.225138664 0.002196500 -0.002355191 0 0 0 0 0
1489656886.250234365 0.002260271 -0.002246708 0 0 0 0 0
1489656886.275221348 0.002225865 -0.002043959 0 0 0 0 0
1489656886.275239706 0.002149354 -0.001811690 0 0 0 0 0
1489656886.300212383 0.002077568 -0.001572430 0 0 0 0 0
1489656886.350130558 0.001975847 -0.001341744 0 0 0 0 0
1489656886.350143433 0.001975170 -0.001180203 0 0 0 0 0
1489656886.375247478 0.002000737 -0.001074518 0 0 0 0 0
1489656886.375272751 0.002057835 -0.001010273 0 0 0 0 0
1489656886.400253773 0.002123515 -0.000949356 0 0 0 0 0
1489656886.425258398 0.002208679 -0.000904575 0 0 0 0 0
1489656886.450165272 0.002295760 -0.000862055 0 0 0 0 0
1489656886.475135088 0.002390375 -0.000811088 0 0 0 0 0
1489656886.475151777 0.002424243 -0.000737683 0 0 0 0 0
1489656886.500120878 0.002465246 -0.000627608 0 0 0 0 0
1489656886.525136948 0.002469780 -0.000519165 0 0 0 0 0
1489656886.550134897 0.002465420 -0.000409586 0 0 0 0 0
1489656886.575149059 0.002421179 -0.000298576 0 0 0 0 0
1489656886.575159788 0.002338352 -0.000222898 0 0 0 0 0
1489656886.600089788 0.002308189 -0.000143551 0 0 0 0 0
1489656886.625204086 0.002310354 -0.000048416 0 0 0 0 0
1489656886.650073051 0.002301244 0.000023644 0 0 0 0 0
1489656886.675105095 0.002320429 0.000074742 0 0 0 0 0
1489656886.700193882 0.002364557 0.000129984 0 0 0 0 0
1489656886.700211525 0.002432703 0.000204480 0 0 0 0 0
1489656886.725161552 0.002579204 0.000365211 0 0 0 0 0
1489656886.750178099 0.002720508 0.000550618 0 0 0 0 0
1489656886.775181532 0.002936621 0.000772113 0 0 0 0 0
1489656886.775197744 0.003188142 0.001015710 0 0 0 0 0
1489656886.800134182 0.003560607 0.001318395 0 0 0 0 0
1489656886.825246811 0.003998381 0.001768349 0 0 0 0 0
1489656886.850139380 0.004464610 0.002359508 0 0 0 0 0
1489656886.875274420 0.005003408 0.003047514 0 0 0 0 0
1489656886.900226831 0.005768541 0.004203253 0 0 0 0 0
1489656886.925235033 0.006437714 0.005522415 0 0 0 0 0
1489656886.925259590 0.007039718 0.006785388 0 0 0 0 0
1489656886.950258732 0.007561123 0.007972595 0 0 0 0 0
1489656886.975214243 0.008063580 0.009404029 0 0 0 0 0
1489656886.975235701 0.008520497 0.010843656 0 0 0 0 0
1489656887.000198364 0.009055653 0.012470222 0 0 0 0 0
1489656887.025268078 0.009761391 0.014301985 0 0 0 0 0
1489656887.050269842 0.010574276 0.016490314 0 0 0 0 0
1489656887.075242758 0.011484996 0.019023523 0 0 0 0 0
1489656887.075266838 0.012546219 0.021812556 0 0 0 0 0
1489656887.100193501 0.013814669 0.024903757 0 0 0 0 0
1489656887.125167370 0.015263572 0.028321942 0 0 0 0 0
1489656887.150138140 0.016840717 0.032122828 0 0 0 0 0
1489656887.175176144 0.018615996 0.036688644 0 0 0 0 0
1489656887.175189495 0.020329515 0.041065227 0 0 0 0 0
1489656887.200206757 0.022118682 0.045745607 0 0 0 0 0
1489656887.225164890 0.024046900 0.050668616 0 0 0 0 0
1489656887.250111341 0.026062794 0.055756148 0 0 0 0 0
1489656887.275125027 0.028040756 0.061102685 0 0 0 0 0
1489656887.275139332 0.030153742 0.066473126 0 0 0 0 0
1489656887.300150394 0.032136519 0.071910113 0 0 0 0 0
1489656887.325143099 0.033931118 0.077244699 0 0 0 0 0
1489656887.350233078 0.035629559 0.082588315 0 0 0 0 0
1489656887.375178337 0.037340697 0.087802351 0 0 0 0 0
1489656887.400221825 0.038980279 0.092844114 0 0 0 0 0
1489656887.425153732 0.040668875 0.097580731 0 0 0 0 0
1489656887.425181389 0.043011643 0.103657536 0 0 0 0 0
1489656887.450253725 0.044951055 0.108591579 0 0 0 0 0
1489656887.475258350 0.046515550 0.112490609 0 0 0 0 0
1489656887.475295305 0.048174508 0.116397820 0 0 0 0 0
1489656887.500153542 0.049805641 0.120123044 0 0 0 0 0
1489656887.525163174 0.051454384 0.123918831 0 0 0 0 0
1489656887.550158024 0.053203277 0.127831817 0 0 0 0 0
1489656887.575209856 0.055105869 0.131909043 0 0 0 0 0
1489656887.575239420 0.056986503 0.136059701 0 0 0 0 0
1489656887.600282192 0.058971476 0.140049204 0 0 0 0 0
1489656887.625258446 0.061101858 0.144167051 0 0 0 0 0
1489656887.650179386 0.063337579 0.148427472 0 0 0 0 0
1489656887.675260782 0.065687835 0.152774468 0 0 0 0 0
1489656887.700202465 0.067912549 0.157127753 0 0 0 0 0
1489656887.700228930 0.070326187 0.161460176 0 0 0 0 0
1489656887.725229740 0.072803237 0.165828153 0 0 0 0 0
1489656887.750156641 0.075318471 0.170373693 0 0 0 0 0
1489656887.775228977 0.077802047 0.174734861 0 0 0 0 0
1489656887.775255442 0.080429494 0.179024860 0 0 0 0 0
1489656887.800237656 0.083094560 0.183259994 0 0 0 0 0
1489656887.825272083 0.085791953 0.187356472 0 0 0 0 0
1489656887.850296259 0.088566229 0.191277519 0 0 0 0 0
1489656887.875138521 0.091330029 0.195051357 0 0 0 0 0
1489656887.875156403 0.094252847 0.198603198 0 0 0 0 0
1489656887.900224686 0.097264431 0.201984629 0 0 0 0 0
1489656887.925297499 0.100418858 0.205138847 0 0 0 0 0
1489656888.000108719 0.103538528 0.207936689 0 0 0 0 0
1489656888.000123739 0.114348076 0.223132014 0 0 0 0 0
1489656888.025128126 0.122709282 0.233791083 0 0 0 0 0
1489656888.050113678 0.128803745 0.240785733 0 0 0 0 0
1489656888.050129890 0.133150458 0.244768679 0 0 0 0 0
1489656888.075083971 0.137008414 0.247548833 0 0 0 0 0
1489656888.075097561 0.139362603 0.247883260 0 0 0 0 0
1489656888.100111485 0.140388474 0.246235728 0 0 0 0 0
1489656888.125125170 0.140378684 0.243084714 0 0 0 0 0
1489656888.125140905 0.140539169 0.240248635 0 0 0 0 0
1489656888.150119305 0.140042603 0.236485422 0 0 0 0 0
1489656888.175169468 0.138891146 0.232045114 0 0 0 0 0
1489656888.175185919 0.137299985 0.227021247 0 0 0 0 0
1489656888.200191021 0.136191845 0.223099962 0 0 0 0 0
1489656888.225127697 0.135656610 0.220239788 0 0 0 0 0
1489656888.250167370 0.135734335 0.218394712 0 0 0 0 0
1489656888.275045395 0.136397034 0.217422768 0 0 0 0 0
1489656888.275057554 0.137304366 0.216998175 0 0 0 0 0
1489656888.300191164 0.138467982 0.217030674 0 0 0 0 0
1489656888.325105190 0.139931127 0.217594013 0 0 0 0 0
1489656888.350167036 0.141688585 0.218599871 0 0 0 0 0
1489656888.375097275 0.143413290 0.219882548 0 0 0 0 0
1489656888.375111341 0.145186201 0.221243888 0 0 0 0 0
1489656888.400106668 0.146943897 0.222877890 0 0 0 0 0
1489656888.425108433 0.148994148 0.224523932 0 0 0 0 0
1489656888.450229645 0.151184663 0.226375282 0 0 0 0 0
1489656888.475232601 0.153247833 0.228371903 0 0 0 0 0
1489656888.475254297 0.155326575 0.230429143 0 0 0 0 0
1489656888.525513649 0.157290161 0.232615441 0 0 0 0 0
1489656888.525531769 0.161392242 0.238080040 0 0 0 0 0
1489656888.550283194 0.163821816 0.241143748 0 0 0 0 0
1489656888.575314045 0.165054649 0.242167085 0 0 0 0 0
1489656888.575338602 0.166302800 0.243449390 0 0 0 0 0
1489656888.600195169 0.167804256 0.244863510 0 0 0 0 0
1489656888.625342607 0.169476390 0.246188387 0 0 0 0 0
1489656888.650163889 0.170978501 0.247410864 0 0 0 0 0
1489656888.675138474 0.172465175 0.248616919 0 0 0 0 0
1489656888.700186253 0.174174666 0.249947771 0 0 0 0 0
1489656888.700195312 0.175855860 0.251172274 0 0 0 0 0
1489656888.725111723 0.177548304 0.252274066 0 0 0 0 0
1489656888.750154257 0.179111600 0.253369927 0 0 0 0 0
1489656888.775090933 0.180727020 0.254588693 0 0 0 0 0
1489656888.800154209 0.182189733 0.255948454 0 0 0 0 0
1489656888.800161839 0.184658840 0.258862346 0 0 0 0 0
1489656888.825124502 0.185713217 0.259602368 0 0 0 0 0
1489656888.850122452 0.186784804 0.260500968 0 0 0 0 0
1489656888.875117302 0.187867418 0.261559665 0 0 0 0 0
1489656888.875132799 0.188827872 0.262650847 0 0 0 0 0
1489656888.900154829 0.189937577 0.263733834 0 0 0 0 0
1489656888.925127268 0.191010475 0.264912128 0 0 0 0 0
1489656888.950082064 0.192098662 0.266302556 0 0 0 0 0
1489656888.975079060 0.193399131 0.267918169 0 0 0 0 0
1489656888.975089550 0.194750637 0.269671857 0 0 0 0 0
1489656889.000182629 0.196060061 0.271521091 0 0 0 0 0
1489656889.025237083 0.197388873 0.273568660 0 0 0 0 0
1489656889.075052738 0.198859170 0.275774121 0 0 0 0 0
1489656889.075062752 0.204399914 0.283792973 0 0 0 0 0
1489656889.100079775 0.207743809 0.288714200 0 0 0 0 0
1489656889.100089073 0.210586682 0.293090433 0 0 0 0 0
1489656889.125181675 0.211526066 0.295012534 0 0 0 0 0
1489656889.150116682 0.210794464 0.294979662 0 0 0 0 0
1489656889.175187349 0.210326999 0.295424819 0 0 0 0 0
1489656889.175201416 0.210078910 0.296182632 0 0 0 0 0
1489656889.200153589 0.210005581 0.297383100 0 0 0 0 0
1489656889.225100994 0.210332841 0.298845291 0 0 0 0 0
1489656889.250069141 0.210642546 0.300637186 0 0 0 0 0
1489656889.275108814 0.210964248 0.302903980 0 0 0 0 0
1489656889.275118351 0.211344466 0.305498928 0 0 0 0 0
1489656889.300066710 0.211978659 0.308283895 0 0 0 0 0
1489656889.325182915 0.212792039 0.311019421 0 0 0 0 0
1489656889.350259304 0.213848054 0.313684732 0 0 0 0 0
1489656889.375337124 0.215261012 0.316243321 0 0 0 0 0
1489656889.375372887 0.216731817 0.318798393 0 0 0 0 0
1489656889.400166512 0.218336836 0.321458817 0 0 0 0 0
1489656889.425146341 0.219884604 0.324107766 0 0 0 0 0
1489656889.450136423 0.221392021 0.326726586 0 0 0 0 0
1489656889.475138664 0.222638339 0.329362601 0 0 0 0 0
1489656889.475153208 0.223976970 0.331926048 0 0 0 0 0
1489656889.500142813 0.225370407 0.334379524 0 0 0 0 0
1489656889.525114298 0.226857021 0.336604774 0 0 0 0 0
1489656889.550127983 0.228147477 0.338588268 0 0 0 0 0
1489656889.575190544 0.229356676 0.340190142 0 0 0 0 0
1489656889.600154877 0.230417684 0.341771483 0 0 0 0 0
1489656889.625200272 0.234503254 0.347837329 0 0 0 0 0
1489656889.625220537 0.237587914 0.352649242 0 0 0 0 0
1489656889.650154591 0.238464341 0.354113340 0 0 0 0 0
1489656889.675027132 0.237267807 0.352840722 0 0 0 0 0
1489656889.675033569 0.236335486 0.351679772 0 0 0 0 0
1489656889.700247526 0.235539064 0.350640029 0 0 0 0 0
1489656889.725216150 0.234768793 0.349439263 0 0 0 0 0
1489656889.800139904 0.234164208 0.348014504 0 0 0 0 0
1489656889.825109959 0.251999766 0.373423219 0 0 0 0 0
1489656889.850141764 0.264231145 0.390682697 0 0 0 0 0
1489656889.850153208 0.273153484 0.403462857 0 0 0 0 0
1489656889.875163078 0.279075533 0.412376821 0 0 0 0 0
1489656889.900205612 0.280974150 0.415653944 0 0 0 0 0
1489656889.900226593 0.279855460 0.414373249 0 0 0 0 0
1489656889.925134420 0.276177555 0.409345150 0 0 0 0 0
1489656889.950220346 0.270700127 0.401646018 0 0 0 0 0
1489656889.950247049 0.263806313 0.391771436 0 0 0 0 0
1489656889.975183010 0.257621735 0.382795155 0 0 0 0 0
1489656890.000222683 0.250708669 0.372313380 0 0 0 0 0
1489656890.000240326 0.243357450 0.361107707 0 0 0 0 0
1489656890.025160551 0.237339497 0.351954341 0 0 0 0 0
1489656890.025172949 0.230924562 0.342218548 0 0 0 0 0
1489656890.050136089 0.224400431 0.332280129 0 0 0 0 0
1489656890.075179100 0.217850208 0.322224259 0 0 0 0 0
1489656890.100196600 0.213020027 0.314807802 0 0 0 0 0
1489656890.125185966 0.208160654 0.307376832 0 0 0 0 0
1489656890.150152206 0.204952836 0.302444488 0 0 0 0 0
1489656890.150169134 0.206057847 0.304317713 0 0 0 0 0
1489656890.175164223 0.206196219 0.304604530 0 0 0 0 0
1489656890.175175428 0.207069188 0.306069136 0 0 0 0 0
1489656890.200223446 0.206860483 0.306120604 0 0 0 0 0
1489656890.225186348 0.207586363 0.307430804 0 0 0 0 0
1489656890.250173330 0.208842590 0.309224308 0 0 0 0 0
1489656890.275226116 0.210291848 0.311693400 0 0 0 0 0
1489656890.275245905 0.212054566 0.314835399 0 0 0 0 0
1489656890.300174475 0.214266196 0.318243116 0 0 0 0 0
1489656890.325142622 0.216549203 0.321597755 0 0 0 0 0
1489656890.350145578 0.218935385 0.324680716 0 0 0 0 0
1489656890.375163317 0.221253321 0.327337444 0 0 0 0 0
1489656890.375185728 0.223451033 0.329741418 0 0 0 0 0
1489656890.425141811 0.225621104 0.331568331 0 0 0 0 0
1489656890.425149918 0.228874296 0.335183948 0 0 0 0 0
1489656890.450158358 0.229782924 0.335573852 0 0 0 0 0
1489656890.475268602 0.230143502 0.335435629 0 0 0 0 0
1489656890.475288391 0.229845494 0.334604263 0 0 0 0 0
1489656890.500329733 0.229229331 0.333200037 0 0 0 0 0
1489656890.525246143 0.228384331 0.331217170 0 0 0 0 0
1489656890.550278187 0.227235779 0.328690559 0 0 0 0 0
1489656890.575242996 0.225794330 0.325275123 0 0 0 0 0
1489656890.575265408 0.223947421 0.320986450 0 0 0 0 0
1489656890.600162506 0.221642196 0.316065937 0 0 0 0 0
1489656890.625122070 0.219072387 0.310725808 0 0 0 0 0
1489656890.650072813 0.216246128 0.304956377 0 0 0 0 0
1489656890.675110579 0.212802410 0.299034059 0 0 0 0 0
1489656890.700022697 0.211182758 0.295959085 0 0 0 0 0
1489656890.700028419 0.207529813 0.290284306 0 0 0 0 0
1489656890.725134611 0.202540055 0.282271892 0 0 0 0 0
1489656890.750106812 0.197569177 0.273963153 0 0 0 0 0
1489656890.775142193 0.192598209 0.265156478 0 0 0 0 0
1489656890.775152206 0.187661365 0.255808860 0 0 0 0 0
1489656890.800232410 0.182717830 0.246097907 0 0 0 0 0
1489656890.825159311 0.177784234 0.236358643 0 0 0 0 0
1489656890.850181341 0.173027337 0.226535678 0 0 0 0 0
1489656890.875178099 0.168371066 0.216578349 0 0 0 0 0
1489656890.900231838 0.163531065 0.206375688 0 0 0 0 0
1489656890.900259495 0.158792853 0.196135953 0 0 0 0 0
1489656890.925365686 0.154264882 0.185623124 0 0 0 0 0
1489656890.950235605 0.149916828 0.175016224 0 0 0 0 0
1489656890.975220203 0.145767495 0.163850293 0 0 0 0 0
1489656890.975241661 0.141691685 0.152720317 0 0 0 0 0
1489656891.000310183 0.137627468 0.141091004 0 0 0 0 0
1489656891.025157452 0.133880034 0.129187196 0 0 0 0 0
1489656891.050261736 0.130222529 0.117198825 0 0 0 0 0
1489656891.075201035 0.126912937 0.104942672 0 0 0 0 0
1489656891.075217009 0.123977520 0.092297554 0 0 0 0 0
1489656891.100261211 0.121077150 0.079879731 0 0 0 0 0
1489656891.125204086 0.118709467 0.067361698 0 0 0 0 0
1489656891.150158167 0.116897821 0.054930720 0 0 0 0 0
1489656891.175181150 0.115505718 0.042872977 0 0 0 0 0
1489656891.225520849 0.114531741 0.031376284 0 0 0 0 0
1489656891.250386477 0.123361751 0.019841878 0 0 0 0 0
1489656891.275325537 0.129566222 0.009272370 0 0 0 0 0
1489656891.275360107 0.133485869 -0.000506428 0 0 0 0 0
1489656891.300157309 0.135643855 -0.009528283 0 0 0 0 0
1489656891.325092793 0.137401775 -0.017975144 0 0 0 0 0
1489656891.325109005 0.137929752 -0.025590600 0 0 0 0 0
1489656891.350076199 0.137436792 -0.032548517 0 0 0 0 0
1489656891.375108719 0.136199832 -0.038701709 0 0 0 0 0
1489656891.375121593 0.135805368 -0.044775043 0 0 0 0 0
1489656891.400206566 0.134867832 -0.050378319 0 0 0 0 0
1489656891.400223970 0.133536547 -0.055326585 0 0 0 0 0
1489656891.425176859 0.131952971 -0.059759136 0 0 0 0 0
1489656891.450234413 0.130388945 -0.063788041 0 0 0 0 0
1489656891.475260735 0.130204424 -0.067899346 0 0 0 0 0
1489656891.500289679 0.131082833 -0.072105847 0 0 0 0 0
1489656891.500317335 0.132825375 -0.076446742 0 0 0 0 0
1489656891.525237799 0.135327458 -0.081111237 0 0 0 0 0
1489656891.550256968 0.138542533 -0.085841931 0 0 0 0 0
1489656891.575309753 0.142399102 -0.090645678 0 0 0 0 0
1489656891.575341463 0.146652937 -0.095364608 0 0 0 0 0
1489656891.600200653 0.151339293 -0.099993408 0 0 0 0 0
1489656891.625095606 0.156271249 -0.104883857 0 0 0 0 0
1489656891.650100708 0.161502853 -0.109730043 0 0 0 0 0
1489656891.675119400 0.166927174 -0.114725120 0 0 0 0 0
1489656891.675129890 0.172865197 -0.119873822 0 0 0 0 0
1489656891.700112820 0.178799778 -0.124995872 0 0 0 0 0
1489656891.725171089 0.184796035 -0.130421370 0 0 0 0 0
1489656891.750157356 0.190817475 -0.135807022 0 0 0 0 0
1489656891.775185108 0.198332667 -0.142179787 0 0 0 0 0
1489656891.775195837 0.205551222 -0.148238271 0 0 0 0 0
1489656891.800195932 0.210770696 -0.153133497 0 0 0 0 0
1489656891.825213432 0.215918928 -0.157900468 0 0 0 0 0
1489656891.850185156 0.221048668 -0.162394136 0 0 0 0 0
1489656891.875262976 0.226166114 -0.166816130 0 0 0 0 0
1489656891.875282288 0.231115714 -0.171077490 0 0 0 0 0
1489656891.900201082 0.236030996 -0.175379872 0 0 0 0 0
1489656891.925049067 0.240868688 -0.179631695 0 0 0 0 0
1489656891.950135469 0.245632648 -0.183965281 0 0 0 0 0
1489656891.975180387 0.250214219 -0.188228488 0 0 0 0 0
1489656891.975194454 0.254593372 -0.192312539 0 0 0 0 0
1489656892.000147343 0.258741021 -0.196378693 0 0 0 0 0
1489656892.025203228 0.264488399 -0.201861590 0 0 0 0 0
1489656892.050119162 0.267926008 -0.205996931 0 0 0 0 0
1489656892.075261116 0.271053374 -0.210052505 0 0 0 0 0
1489656892.075278997 0.273830771 -0.214062735 0 0 0 0 0
1489656892.100244522 0.276572496 -0.218229055 0 0 0 0 0
1489656892.125230312 0.279336125 -0.222699329 0 0 0 0 0
1489656892.150230169 0.281915575 -0.227356881 0 0 0 0 0
1489656892.175303459 0.284160018 -0.232086256 0 0 0 0 0
1489656892.175323963 0.286196828 -0.236856177 0 0 0 0 0
1489656892.200234175 0.288120717 -0.242064133 0 0 0 0 0
1489656892.225241661 0.289778680 -0.247478783 0 0 0 0 0
1489656892.250158072 0.290997744 -0.252542377 0 0 0 0 0
1489656892.275089741 0.291860759 -0.257195771 0 0 0 0 0
1489656892.300123215 0.299989998 -0.268340409 0 0 0 0 0
1489656892.325162888 0.304521412 -0.275893718 0 0 0 0 0
1489656892.325171232 0.306041211 -0.280515820 0 0 0 0 0
1489656892.350129128 0.304983735 -0.282650977 0 0 0 0 0
1489656892.375083923 0.301865399 -0.282586426 0 0 0 0 0
1489656892.375094175 0.299106419 -0.282634556 0 0 0 0 0
1489656892.425192356 0.296704262 -0.282616585 0 0 0 0 0
1489656892.425225973 0.294630349 -0.282593042 0 0 0 0 0
1489656892.450351477 0.292779267 -0.282740295 0 0 0 0 0
1489656892.475305557 0.291089058 -0.282960504 0 0 0 0 0
1489656892.475343227 0.289636940 -0.283193618 0 0 0 0 0
1489656892.500219822 0.288354188 -0.283241212 0 0 0 0 0
1489656892.525261164 0.287250370 -0.283368200 0 0 0 0 0
1489656892.550237894 0.286077112 -0.283737212 0 0 0 0 0
1489656892.575315714 0.284776241 -0.284711570 0 0 0 0 0
1489656892.575353146 0.283434391 -0.285540193 0 0 0 0 0
1489656892.600245237 0.281930804 -0.286206394 0 0 0 0 0
1489656892.625447750 0.280517399 -0.286605388 0 0 0 0 0
1489656892.650180340 0.279167980 -0.286852241 0 0 0 0 0
1489656892.675180674 0.277815461 -0.287046343 0 0 0 0 0
1489656892.675195456 0.276380211 -0.286881298 0 0 0 0 0
1489656892.700210810 0.274577975 -0.286629677 0 0 0 0 0
1489656892.725392103 0.272557914 -0.286306560 0 0 0 0 0
1489656892.750147820 0.270545751 -0.285879940 0 0 0 0 0
1489656892.775226355 0.268382758 -0.285420120 0 0 0 0 0
1489656892.775251389 0.265849203 -0.284824818 0 0 0 0 0
1489656892.825205803 0.263007343 -0.284142226 0 0 0 0 0
1489656892.825240374 0.263294131 -0.286572307 0 0 0 0 0
1489656892.850250959 0.261219144 -0.286272585 0 0 0 0 0
1489656892.875167131 0.257147521 -0.283980310 0 0 0 0 0
1489656892.875190496 0.252910644 -0.281661928 0 0 0 0 0
1489656892.900174856 0.248697758 -0.279208153 0 0 0 0 0
1489656892.925267935 0.244759306 -0.276676118 0 0 0 0 0
1489656892.950111628 0.241118684 -0.274140686 0 0 0 0 0
1489656892.975166082 0.237629235 -0.271649748 0 0 0 0 0
1489656893.000192881 0.234138042 -0.268994778 0 0 0 0 0
1489656893.000208378 0.230799496 -0.266495436 0 0 0 0 0
1489656893.025184870 0.227787733 -0.264475644 0 0 0 0 0
1489656893.050134897 0.225140110 -0.262736529 0 0 0 0 0
1489656893.075082064 0.222723499 -0.261148989 0 0 0 0 0
1489656893.075096369 0.220311612 -0.259561598 0 0 0 0 0
1489656893.100180626 0.218210801 -0.258025616 0 0 0 0 0
1489656893.125132322 0.216515929 -0.257004499 0 0 0 0 0
1489656893.150226355 0.214975610 -0.256192356 0 0 0 0 0
1489656893.175240517 0.213330150 -0.255677313 0 0 0 0 0
1489656893.175263405 0.211903572 -0.255515993 0 0 0 0 0
1489656893.200141191 0.210857034 -0.255989492 0 0 0 0 0
1489656893.225175619 0.210132331 -0.256865710 0 0 0 0 0
1489656893.250162601 0.209428981 -0.257948726 0 0 0 0 0
1489656893.275139809 0.208869591 -0.259035766 0 0 0 0 0
1489656893.275159359 0.208563119 -0.260552645 0 0 0 0 0
1489656893.300246477 0.208414659 -0.262143880 0 0 0 0 0
1489656893.325167179 0.208344400 -0.263690799 0 0 0 0 0
1489656893.375223398 0.208270773 -0.265259594 0 0 0 0 0
1489656893.375246525 0.214006975 -0.274868757 0 0 0 0 0
1489656893.400127888 0.217176601 -0.280857891 0 0 0 0 0
1489656893.425109863 0.217971638 -0.284031421 0 0 0 0 0
1489656893.425122976 0.218379065 -0.286798418 0 0 0 0 0
1489656893.450081587 0.217265293 -0.287525564 0 0 0 0 0
1489656893.475142241 0.214850962 -0.286908060 0 0 0 0 0
1489656893.500208855 0.213155255 -0.286911428 0 0 0 0 0
1489656893.500231981 0.211636707 -0.287532359 0 0 0 0 0
1489656893.525241613 0.210406318 -0.289119631 0 0 0 0 0
1489656893.550183296 0.209389836 -0.291461706 0 0 0 0 0
1489656893.575105906 0.208417922 -0.294410497 0 0 0 0 0
1489656893.575118542 0.208051443 -0.297628671 0 0 0 0 0
1489656893.625132322 0.207834825 -0.301293015 0 0 0 0 0
1489656893.625142574 0.208069161 -0.305855125 0 0 0 0 0
1489656893.650157452 0.208432019 -0.310908705 0 0 0 0 0
1489656893.675191879 0.208817810 -0.316248357 0 0 0 0 0
1489656893.675212145 0.209070876 -0.321775019 0 0 0 0 0
1489656893.700281143 0.209177792 -0.327464432 0 0 0 0 0
1489656893.725180149 0.208826736 -0.333100259 0 0 0 0 0
1489656893.750180721 0.208227649 -0.338228941 0 0 0 0 0
1489656893.775150299 0.207625538 -0.342978090 0 0 0 0 0
1489656893.775162697 0.206686422 -0.347047538 0 0 0 0 0
1489656893.800255537 0.205152586 -0.350538939 0 0 0 0 0
1489656893.825150490 0.203415379 -0.353407294 0 0 0 0 0
1489656893.850194216 0.201326430 -0.356296301 0 0 0 0 0
1489656893.875126839 0.198835552 -0.359285414 0 0 0 0 0
1489656893.900206327 0.195956603 -0.362077862 0 0 0 0 0
1489656893.900215387 0.193801373 -0.366580665 0 0 0 0 0
1489656893.925116062 0.191324964 -0.370552987 0 0 0 0 0
1489656893.950110912 0.187457845 -0.372062683 0 0 0 0 0
1489656893.975136042 0.183927938 -0.373816907 0 0 0 0 0
1489656893.975144625 0.180173278 -0.375268608 0 0 0 0 0
1489656894.000218153 0.176168784 -0.376142532 0 0 0 0 0
1489656894.025167942 0.171959564 -0.376489758 0 0 0 0 0
1489656894.050171137 0.167677045 -0.376626939 0 0 0 0 0
1489656894.075177670 0.163612112 -0.376007199 0 0 0 0 0
1489656894.100218058 0.159457877 -0.374485791 0 0 0 0 0
1489656894.100234509 0.155266091 -0.372753352 0 0 0 0 0
1489656894.125198364 0.151221573 -0.370808542 0 0 0 0 0
1489656894.150151014 0.147393227 -0.368714750 0 0 0 0 0
1489656894.175141811 0.143782794 -0.366607100 0 0 0 0 0
1489656894.175159693 0.140067294 -0.364782900 0 0 0 0 0
1489656894.200127125 0.136679024 -0.363319546 0 0 0 0 0
1489656894.225146055 0.133632451 -0.361967951 0 0 0 0 0
1489656894.250136852 0.130818352 -0.360825658 0 0 0 0 0
1489656894.275119543 0.128359452 -0.359959811 0 0 0 0 0
1489656894.275140762 0.126064420 -0.359265000 0 0 0 0 0
1489656894.300097942 0.124145895 -0.358740091 0 0 0 0 0
1489656894.325125217 0.122155607 -0.358291537 0 0 0 0 0
1489656894.350127459 0.120243654 -0.358123749 0 0 0 0 0
1489656894.375187635 0.118325576 -0.358373612 0 0 0 0 0
1489656894.375204325 0.116403438 -0.358814329 0 0 0 0 0
1489656894.450150967 0.114396095 -0.359454215 0 0 0 0 0
1489656894.475030422 0.119206727 -0.382394195 0 0 0 0 0
1489656894.475036860 0.121738754 -0.398022115 0 0 0 0 0
1489656894.500065088 0.122486509 -0.407690883 0 0 0 0 0
1489656894.525178194 0.121691734 -0.412461400 0 0 0 0 0
1489656894.525193930 0.120223127 -0.415767550 0 0 0 0 0
1489656894.550102472 0.117550723 -0.415052682 0 0 0 0 0
1489656894.575183153 0.113862887 -0.411271453 0 0 0 0 0
1489656894.575195074 0.109522179 -0.405266404 0 0 0 0 0
1489656894.600111485 0.105422094 -0.400556356 0 0 0 0 0
1489656894.625203133 0.101031944 -0.394307375 0 0 0 0 0
1489656894.625214338 0.096354142 -0.386712015 0 0 0 0 0
1489656894.650151730 0.091373131 -0.378164083 0 0 0 0 0
1489656894.675101757 0.086890079 -0.371852726 0 0 0 0 0
1489656894.675109148 0.083079547 -0.367687553 0 0 0 0 0
1489656894.700181723 0.079768509 -0.365287542 0 0 0 0 0
1489656894.725242138 0.076533824 -0.364140242 0 0 0 0 0
1489656894.750117064 0.073417112 -0.363887012 0 0 0 0 0
1489656894.775146723 0.070678227 -0.364646673 0 0 0 0 0
1489656894.775155783 0.068087086 -0.366464168 0 0 0 0 0
1489656894.800195217 0.065585181 -0.368858874 0 0 0 0 0
1489656894.825157166 0.062962726 -0.371521026 0 0 0 0 0
1489656894.850258350 0.060215347 -0.374312252 0 0 0 0 0
1489656894.875208139 0.057494991 -0.377493232 0 0 0 0 0
1489656894.875234365 0.054863792 -0.380545646 0 0 0 0 0
1489656894.900195837 0.052240681 -0.383175552 0 0 0 0 0
1489656894.925238609 0.049692243 -0.385300964 0 0 0 0 0
1489656894.950235844 0.047132090 -0.387293786 0 0 0 0 0
1489656894.975249767 0.044722702 -0.389142543 0 0 0 0 0
1489656895.000173569 0.042906873 -0.395332158 0 0 0 0 0
1489656895.000188589 0.040661562 -0.397084117 0 0 0 0 0
1489656895.025217533 0.037980113 -0.395283759 0 0 0 0 0
1489656895.050088882 0.035562608 -0.393473685 0 0 0 0 0
1489656895.075102568 0.033149201 -0.391909182 0 0 0 0 0
1489656895.075111866 0.030567285 -0.390119821 0 0 0 0 0
1489656895.100294590 0.027912298 -0.388054609 0 0 0 0 0
1489656895.125208616 0.025497315 -0.385799676 0 0 0 0 0
1489656895.150122881 0.023432514 -0.383313894 0 0 0 0 0
1489656895.175158739 0.021410942 -0.380817860 0 0 0 0 0
1489656895.175178289 0.019276442 -0.378484219 0 0 0 0 0
1489656895.200126410 0.017185669 -0.376320183 0 0 0 0 0
1489656895.225087404 0.015127009 -0.374454945 0 0 0 0 0
1489656895.250016451 0.013260419 -0.375013947 0 0 0 0 0
1489656895.275224447 0.011604479 -0.372595757 0 0 0 0 0
1489656895.275252104 0.010257157 -0.370223850 0 0 0 0 0
1489656895.300282001 0.008980903 -0.368048877 0 0 0 0 0
1489656895.325155258 0.007633014 -0.365675211 0 0 0 0 0
1489656895.350168943 0.006537177 -0.363208711 0 0 0 0 0
1489656895.375039577 0.005368683 -0.360810101 0 0 0 0 0
1489656895.400101662 0.004491517 -0.358548164 0 0 0 0 0
1489656895.400111675 0.003843511 -0.356584638 0 0 0 0 0
1489656895.425176144 0.003115284 -0.354701579 0 0 0 0 0
1489656895.450259209 0.002495378 -0.352763057 0 0 0 0 0
1489656895.475255251 0.001830527 -0.350800931 0 0 0 0 0
1489656895.500138521 0.001018892 -0.348958760 0 0 0 0 0
1489656895.525106907 0.000016975 -0.356682330 0 0 0 0 0
1489656895.525125504 -0.001154484 -0.360198021 0 0 0 0 0
1489656895.550080538 -0.002502162 -0.360425442 0 0 0 0 0
1489656895.575129747 -0.003898692 -0.357968509 0 0 0 0 0
1489656895.575151205 -0.005423174 -0.353504509 0 0 0 0 0
1489656895.600122452 -0.007013948 -0.349895000 0 0 0 0 0
1489656895.625142097 -0.008638886 -0.346852452 0 0 0 0 0
1489656895.650131702 -0.010376754 -0.344316304 0 0 0 0 0
1489656895.675178051 -0.012108191 -0.342048109 0 0 0 0 0
1489656895.675200701 -0.013813088 -0.339899510 0 0 0 0 0
1489656895.700161695 -0.015425434 -0.337690264 0 0 0 0 0
1489656895.725249529 -0.016942894 -0.335403144 0 0 0 0 0
1489656895.750164986 -0.018646972 -0.333256215 0 0 0 0 0
1489656895.775235891 -0.020499768 -0.331276029 0 0 0 0 0
1489656895.775254488 -0.022433339 -0.329207569 0 0 0 0 0
1489656895.800233603 -0.024356548 -0.327096999 0 0 0 0 0
1489656895.825153828 -0.026458582 -0.325035840 0 0 0 0 0
1489656895.850160360 -0.028552106 -0.323267758 0 0 0 0 0
1489656895.875222683 -0.030788636 -0.321754903 0 0 0 0 0
1489656895.875249386 -0.032992024 -0.320389986 0 0 0 0 0
1489656895.900185108 -0.035515890 -0.318980068 0 0 0 0 0
1489656895.925183535 -0.038254831 -0.317668527 0 0 0 0 0
1489656895.950114727 -0.041352563 -0.316530913 0 0 0 0 0
1489656895.975156546 -0.044770110 -0.315596789 0 0 0 0 0
1489656896.000096798 -0.048519969 -0.314799398 0 0 0 0 0
1489656896.000109434 -0.052527711 -0.314092845 0 0 0 0 0
1489656896.025073767 -0.056863196 -0.313243985 0 0 0 0 0
1489656896.050194025 -0.062533617 -0.316449285 0 0 0 0 0
1489656896.075134039 -0.067578360 -0.316501498 0 0 0 0 0
1489656896.075150728 -0.072007701 -0.314017743 0 0 0 0 0
1489656896.100289106 -0.076464042 -0.311499804 0 0 0 0 0
1489656896.125102282 -0.081007406 -0.309002310 0 0 0 0 0
1489656896.150184631 -0.085713729 -0.306377769 0 0 0 0 0
1489656896.175198078 -0.090434097 -0.303419352 0 0 0 0 0
1489656896.175211906 -0.095131323 -0.299966663 0 0 0 0 0
1489656896.200194836 -0.099878497 -0.296052158 0 0 0 0 0
1489656896.225210428 -0.104682125 -0.292133480 0 0 0 0 0
1489656896.250166178 -0.109502621 -0.288324207 0 0 0 0 0
1489656896.275092125 -0.114283435 -0.284275264 0 0 0 0 0
1489656896.275099993 -0.119039513 -0.280126959 0 0 0 0 0
1489656896.300186396 -0.123737916 -0.276016504 0 0 0 0 0
1489656896.325251341 -0.128663257 -0.272246361 0 0 0 0 0
1489656896.350193024 -0.133528396 -0.268828601 0 0 0 0 0
1489656896.375200272 -0.138347387 -0.265556037 0 0 0 0 0
1489656896.375219345 -0.143135816 -0.262447417 0 0 0 0 0
1489656896.400194168 -0.147987679 -0.259588957 0 0 0 0 0
1489656896.425215244 -0.153073594 -0.257115901 0 0 0 0 0
1489656896.450160265 -0.158399403 -0.254757136 0 0 0 0 0
1489656896.475139141 -0.163749218 -0.252296090 0 0 0 0 0
1489656896.475152016 -0.169116110 -0.249874011 0 0 0 0 0
1489656896.500157833 -0.174743608 -0.247531772 0 0 0 0 0
1489656896.525125504 -0.180676743 -0.244900301 0 0 0 0 0
1489656896.550265074 -0.186885372 -0.241775736 0 0 0 0 0
1489656896.575171709 -0.193288401 -0.238100395 0 0 0 0 0
1489656896.600080729 -0.206095457 -0.239750728 0 0 0 0 0
1489656896.625109673 -0.216104865 -0.238284364 0 0 0 0 0
1489656896.625120163 -0.223790035 -0.234139681 0 0 0 0 0
1489656896.650206804 -0.229545817 -0.227912292 0 0 0 0 0
1489656896.675191879 -0.233691141 -0.220222056 0 0 0 0 0
1489656896.675211668 -0.238339528 -0.212683603 0 0 0 0 0
1489656896.700246811 -0.243401736 -0.205339357 0 0 0 0 0
1489656896.725129843 -0.248639822 -0.198278472 0 0 0 0 0
1489656896.750232697 -0.254036784 -0.191408098 0 0 0 0 0
1489656896.775243998 -0.259718686 -0.184910804 0 0 0 0 0
1489656896.775259972 -0.265668422 -0.178813040 0 0 0 0 0
1489656896.800220251 -0.271862745 -0.172969893 0 0 0 0 0
1489656896.825150490 -0.277999073 -0.167378873 0 0 0 0 0
1489656896.850190878 -0.283919603 -0.162024543 0 0 0 0 0
1489656896.875226974 -0.291706711 -0.157920897 0 0 0 0 0
1489656896.875249386 -0.299041599 -0.153958097 0 0 0 0 0
1489656896.900230646 -0.303857237 -0.148979560 0 0 0 0 0
1489656896.925141335 -0.308781624 -0.144505695 0 0 0 0 0
1489656896.950172901 -0.313655883 -0.140398338 0 0 0 0 0
1489656896.975187778 -0.318379581 -0.136693239 0 0 0 0 0
1489656896.975206614 -0.322992414 -0.133359596 0 0 0 0 0
1489656897.000177145 -0.327439964 -0.130399108 0 0 0 0 0
1489656897.025240660 -0.331690609 -0.127853453 0 0 0 0 0
1489656897.050149918 -0.335715294 -0.125493482 0 0 0 0 0
1489656897.075228930 -0.339923412 -0.123652138 0 0 0 0 0
1489656897.075248480 -0.344165593 -0.122067429 0 0 0 0 0
1489656897.125216722 -0.348279536 -0.120596878 0 0 0 0 0
1489656897.125226974 -0.356967658 -0.121232323 0 0 0 0 0
1489656897.150219202 -0.362207264 -0.120686077 0 0 0 0 0
1489656897.175194263 -0.364716440 -0.119248800 0 0 0 0 0
1489656897.175209761 -0.367265880 -0.117946282 0 0 0 0 0
1489656897.200124502 -0.369922221 -0.116734602 0 0 0 0 0
1489656897.225151539 -0.372787625 -0.115515053 0 0 0 0 0
1489656897.250125885 -0.375955194 -0.114374466 0 0 0 0 0
1489656897.275214195 -0.379201144 -0.113149635 0 0 0 0 0
1489656897.275233984 -0.382592410 -0.111957610 0 0 0 0 0
1489656897.300149441 -0.386091620 -0.110769495 0 0 0 0 0
1489656897.325272560 -0.389666617 -0.109688357 0 0 0 0 0
1489656897.350275517 -0.393154889 -0.108706355 0 0 0 0 0
1489656897.375117540 -0.396719068 -0.107582770 0 0 0 0 0
1489656897.400159597 -0.400667578 -0.106365807 0 0 0 0 0
1489656897.400170803 -0.404803187 -0.105177812 0 0 0 0 0
1489656897.425217628 -0.408860385 -0.104091860 0 0 0 0 0
1489656897.450193167 -0.412766933 -0.102966502 0 0 0 0 0
1489656897.475217819 -0.416599035 -0.101908043 0 0 0 0 0
1489656897.475244999 -0.420635700 -0.100954175 0 0 0 0 0
1489656897.500115156 -0.424416393 -0.100066073 0 0 0 0 0
1489656897.525192261 -0.427685022 -0.099148035 0 0 0 0 0
1489656897.550177336 -0.430511624 -0.098381795 0 0 0 0 0
1489656897.575202465 -0.433365852 -0.097843476 0 0 0 0 0
1489656897.575219870 -0.436193794 -0.097346336 0 0 0 0 0
1489656897.600224018 -0.438715041 -0.096884094 0 0 0 0 0
1489656897.625181913 -0.440663725 -0.096430972 0 0 0 0 0
1489656897.700227022 -0.442344308 -0.096023344 0 0 0 0 0
1489656897.700249195 -0.472587049 -0.102267236 0 0 0 0 0
1489656897.725192308 -0.493313044 -0.106122620 0 0 0 0 0
1489656897.750043631 -0.506193519 -0.108079627 0 0 0 0 0
1489656897.750051022 -0.512400925 -0.108472876 0 0 0 0 0
1489656897.775092840 -0.516082406 -0.108228117 0 0 0 0 0
1489656897.800102234 -0.514720201 -0.106866643 0 0 0 0 0
1489656897.800112963 -0.509239316 -0.104504734 0 0 0 0 0
1489656897.825115919 -0.500769258 -0.101366311 0 0 0 0 0
1489656897.850192070 -0.493198633 -0.098207578 0 0 0 0 0
1489656897.850212574 -0.483713835 -0.094561704 0 0 0 0 0
1489656897.875143290 -0.472893238 -0.090492174 0 0 0 0 0
1489656897.900251389 -0.461055130 -0.086096302 0 0 0 0 0
1489656897.900273323 -0.448752314 -0.081548996 0 0 0 0 0
1489656897.925214529 -0.439385056 -0.077611513 0 0 0 0 0
1489656897.950167894 -0.432858527 -0.074385397 0 0 0 0 0
1489656897.975222349 -0.428928405 -0.071727805 0 0 0 0 0
1489656897.975243807 -0.427088886 -0.069551840 0 0 0 0 0
1489656898.000192881 -0.426760256 -0.067785755 0 0 0 0 0
1489656898.025180578 -0.427801669 -0.066302486 0 0 0 0 0
1489656898.050286531 -0.430357486 -0.065298460 0 0 0 0 0
1489656898.075157404 -0.434197426 -0.064657100 0 0 0 0 0
1489656898.075173616 -0.438774765 -0.064102218 0 0 0 0 0
1489656898.125373125 -0.443465561 -0.063443333 0 0 0 0 0
1489656898.150223970 -0.458420008 -0.064431757 0 0 0 0 0
1489656898.150247574 -0.471777856 -0.065129630 0 0 0 0 0
1489656898.175187111 -0.483220547 -0.065536089 0 0 0 0 0
1489656898.200115681 -0.489539772 -0.065231159 0 0 0 0 0
1489656898.225169659 -0.491487563 -0.064453237 0 0 0 0 0
1489656898.225181818 -0.500775576 -0.064473726 0 0 0 0 0
1489656898.250086069 -0.505409718 -0.063794121 0 0 0 0 0
1489656898.275137186 -0.505862176 -0.062422138 0 0 0 0 0
1489656898.275153160 -0.506506920 -0.060888652 0 0 0 0 0
1489656898.300172329 -0.503935933 -0.058948234 0 0 0 0 0
1489656898.325214386 -0.502813995 -0.057347663 0 0 0 0 0
1489656898.350210667 -0.502571523 -0.055990558 0 0 0 0 0
1489656898.375225544 -0.503001750 -0.054807886 0 0 0 0 0
1489656898.400240183 -0.503930926 -0.053719845 0 0 0 0 0
1489656898.400265932 -0.505193472 -0.052822661 0 0 0 0 0
1489656898.425476551 -0.506898344 -0.052138124 0 0 0 0 0
1489656898.450154781 -0.509039223 -0.051622540 0 0 0 0 0
1489656898.475193739 -0.511393011 -0.051373400 0 0 0 0 0
1489656898.500201225 -0.513972223 -0.051276568 0 0 0 0 0
1489656898.500225306 -0.519943357 -0.051885806 0 0 0 0 0
1489656898.525175095 -0.525218606 -0.052759908 0 0 0 0 0
1489656898.550116062 -0.526194930 -0.053278700 0 0 0 0 0
1489656898.575191498 -0.527157366 -0.053993590 0 0 0 0 0
1489656898.575216770 -0.527818799 -0.054725774 0 0 0 0 0
1489656898.600327015 -0.528406024 -0.055256125 0 0 0 0 0
1489656898.625218868 -0.528868973 -0.055443019 0 0 0 0 0
1489656898.650188684 -0.529128075 -0.055264629 0 0 0 0 0
1489656898.675266266 -0.529068470 -0.054643270 0 0 0 0 0
1489656898.675287962 -0.528818488 -0.053687923 0 0 0 0 0
1489656898.700268745 -0.528437734 -0.052719049 0 0 0 0 0
1489656898.725210905 -0.528060913 -0.051506840 0 0 0 0 0
1489656898.775215626 -0.527815342 -0.050042480 0 0 0 0 0
1489656898.775243521 -0.537966132 -0.049286272 0 0 0 0 0
1489656898.800282717 -0.542360306 -0.048112538 0 0 0 0 0
1489656898.800308704 -0.545410693 -0.046850946 0 0 0 0 0
1489656898.825092793 -0.543965995 -0.045271818 0 0 0 0 0
1489656898.850062847 -0.538881779 -0.043417305 0 0 0 0 0
1489656898.875208855 -0.534501255 -0.041481160 0 0 0 0 0
1489656898.875236034 -0.530889690 -0.039536957 0 0 0 0 0
1489656898.900184393 -0.524556398 -0.037454173 0 0 0 0 0
1489656898.925157547 -0.519455433 -0.035661954 0 0 0 0 0
1489656898.950188637 -0.519012690 -0.034401044 0 0 0 0 0
1489656898.975140810 -0.515403032 -0.033181757 0 0 0 0 0
1489656898.975168943 -0.512993276 -0.032195669 0 0 0 0 0
1489656899.000323057 -0.511663795 -0.031462863 0 0 0 0 0
1489656899.025230646 -0.511049211 -0.031020902 0 0 0 0 0
1489656899.050254822 -0.514684260 -0.031320632 0 0 0 0 0
1489656899.075286150 -0.518150866 -0.031907745 0 0 0 0 0
1489656899.075313330 -0.521563709 -0.032737583 0 0 0 0 0
1489656899.100220442 -0.525010169 -0.033605695 0 0 0 0 0
1489656899.125470161 -0.524774551 -0.034263089 0 0 0 0 0
1489656899.150259495 -0.529045224 -0.035626967 0 0 0 0 0
1489656899.175217390 -0.529314339 -0.036524009 0 0 0 0 0
1489656899.175242186 -0.530208290 -0.037687663 0 0 0 0 0
1489656899.200186253 -0.531512916 -0.039254148 0 0 0 0 0
1489656899.225087166 -0.537005901 -0.040908389 0 0 0 0 0
1489656899.250135183 -0.538324475 -0.041924756 0 0 0 0 0
1489656899.275123596 -0.540185034 -0.042763200 0 0 0 0 0
1489656899.300171375 -0.546166956 -0.043765742 0 0 0 0 0
1489656899.325311184 -0.558934212 -0.044815995 0 0 0 0 0
1489656899.325330257 -0.565482378 -0.045019012 0 0 0 0 0
1489656899.350294352 -0.570839584 -0.044840299 0 0 0 0 0
1489656899.375298977 -0.571719348 -0.044221863 0 0 0 0 0
1489656899.375330448 -0.572843075 -0.043451600 0 0 0 0 0
1489656899.400191069 -0.570146739 -0.042329233 0 0 0 0 0
1489656899.425146341 -0.568397641 -0.041267309 0 0 0 0 0
1489656899.450207233 -0.571363568 -0.040344480 0 0 0 0 0
1489656899.475149870 -0.570291936 -0.039040804 0 0 0 0 0
1489656899.475168705 -0.573664904 -0.037911948 0 0 0 0 0
1489656899.500261068 -0.572680414 -0.036542971 0 0 0 0 0
1489656899.525186300 -0.572005212 -0.035303097 0 0 0 0 0
1489656899.550127983 -0.571522832 -0.034329735 0 0 0 0 0
1489656899.575237989 -0.578941166 -0.034387238 0 0 0 0 0
1489656899.575260639 -0.581011713 -0.034511164 0 0 0 0 0
1489656899.600253105 -0.578930557 -0.034634210 0 0 0 0 0
1489656899.625168324 -0.577111185 -0.035108201 0 0 0 0 0
1489656899.650191545 -0.579757094 -0.036333174 0 0 0 0 0
1489656899.675245762 -0.578299403 -0.037129734 0 0 0 0 0
1489656899.675268888 -0.581353128 -0.037802093 0 0 0 0 0
1489656899.700231314 -0.580041885 -0.037816733 0 0 0 0 0
1489656899.725200415 -0.578909457 -0.037560195 0 0 0 0 0
1489656899.750168562 -0.582116425 -0.037201039 0 0 0 0 0
1489656899.775235653 -0.581090212 -0.036288667 0 0 0 0 0
1489656899.800132036 -0.584573746 -0.035320677 0 0 0 0 0
1489656899.825184822 -0.587568402 -0.034296691 0 0 0 0 0
1489656899.850122690 -0.601839423 -0.033908278 0 0 0 0 0
1489656899.850145817 -0.613135993 -0.033321641 0 0 0 0 0
1489656899.875187159 -0.617829561 -0.032297570 0 0 0 0 0
1489656899.900192499 -0.617147028 -0.031039709 0 0 0 0 0
1489656899.900208712 -0.616289794 -0.029609576 0 0 0 0 0
1489656899.925195456 -0.611337721 -0.027897876 0 0 0 0 0
1489656899.950204849 -0.603278756 -0.025983704 0 0 0 0 0
1489656899.975293636 -0.597018003 -0.024127483 0 0 0 0 0
1489656899.975322723 -0.596139550 -0.022280460 0 0 0 0 0
1489656900.000240803 -0.591590881 -0.020344490 0 0 0 0 0
1489656900.025355816 -0.592544317 -0.018463323 0 0 0 0 0
1489656900.050135374 -0.589686394 -0.016321430 0 0 0 0 0
1489656900.075194359 -0.591866553 -0.014155001 0 0 0 0 0
1489656900.100172997 -0.594004750 -0.011924962 0 0 0 0 0
1489656900.100198269 -0.600231588 -0.009178064 0 0 0 0 0
1489656900.125186920 -0.601295590 -0.006214559 0 0 0 0 0
1489656900.150233507 -0.602133632 -0.003001360 0 0 0 0 0
1489656900.175305843 -0.602559268 0.000197111 0 0 0 0 0
1489656900.175335407 -0.602936864 0.003332766 0 0 0 0 0
1489656900.200189352 -0.599264026 0.006362325 0 0 0 0 0
1489656900.225130558 -0.600193202 0.009389065 0 0 0 0 0
1489656900.250122070 -0.600534439 0.012490966 0 0 0 0 0
1489656900.275234222 -0.600293159 0.015514120 0 0 0 0 0
1489656900.275252819 -0.599793553 0.018440513 0 0 0 0 0
1489656900.300195694 -0.595324337 0.020968784 0 0 0 0 0
1489656900.325233221 -0.595487237 0.023334119 0 0 0 0 0
1489656900.350156069 -0.595226407 0.025466764 0 0 0 0 0
1489656900.375175238 -0.602077365 0.027819531 0 0 0 0 0
1489656900.400101423 -0.602967501 0.029725531 0 0 0 0 0
1489656900.400116920 -0.599096477 0.031181781 0 0 0 0 0
1489656900.425170898 -0.595509768 0.032452635 0 0 0 0 0
1489656900.450131893 -0.591922581 0.033483308 0 0 0 0 0
1489656900.475085020 -0.588198721 0.034450088 0 0 0 0 0
1489656900.475098133 -0.584757984 0.035264973 0 0 0 0 0
1489656900.500173569 -0.577920020 0.035626933 0 0 0 0 0
1489656900.525109291 -0.576033652 0.036143191 0 0 0 0 0
1489656900.550073862 -0.570365369 0.036357705 0 0 0 0 0
1489656900.575165272 -0.569294512 0.036632393 0 0 0 0 0
1489656900.600150824 -0.568303108 0.036635377 0 0 0 0 0
1489656900.600172520 -0.567312717 0.036642157 0 0 0 0 0
1489656900.625236273 -0.566503525 0.036554441 0 0 0 0 0
1489656900.650134802 -0.561937273 0.036187831 0 0 0 0 0
1489656900.675179958 -0.558172107 0.035847843 0 0 0 0 0
1489656900.675200701 -0.558606684 0.035597131 0 0 0 0 0
1489656900.700152636 -0.554878354 0.034959372 0 0 0 0 0
1489656900.725154638 -0.555419147 0.034472145 0 0 0 0 0
1489656900.750058651 -0.552070975 0.033708192 0 0 0 0 0
1489656900.775184155 -0.549439728 0.032898266 0 0 0 0 0
1489656900.775198221 -0.550933540 0.032277357 0 0 0 0 0
1489656900.800157785 -0.548087478 0.031419929 0 0 0 0 0
1489656900.825203419 -0.549172282 0.030803071 0 0 0 0 0
1489656900.900177002 -0.549897730 0.030368987 0 0 0 0 0
1489656900.900195122 -0.546686292 0.029944381 0 0 0 0 0
1489656900.925087214 -0.572849870 0.031298239 0 0 0 0 0
1489656900.950093508 -0.589118361 0.032099962 0 0 0 0 0
1489656900.950108051 -0.600772560 0.032651890 0 0 0 0 0
1489656900.975135088 -0.604848385 0.032959051 0 0 0 0 0
1489656900.975149155 -0.606423795 0.033254489 0 0 0 0 0
1489656901.000190258 -0.602231145 0.033142425 0 0 0 0 0
1489656901.025228977 -0.593488276 0.032784346 0 0 0 0 0
1489656901.025238037 -0.581088424 0.032334361 0 0 0 0 0
1489656901.050253868 -0.566056132 0.031826645 0 0 0 0 0
1489656901.075209379 -0.552646816 0.031528670 0 0 0 0 0
1489656901.075230598 -0.537426412 0.031167222 0 0 0 0 0
1489656901.100303173 -0.521186709 0.030667001 0 0 0 0 0
1489656901.125238180 -0.511352718 0.030337738 0 0 0 0 0
1489656901.150176764 -0.503103197 0.029849762 0 0 0 0 0
1489656901.175206423 -0.496199638 0.029157240 0 0 0 0 0
1489656901.175226927 -0.493853062 0.028445480 0 0 0 0 0
1489656901.200227022 -0.488459229 0.027426213 0 0 0 0 0
1489656901.225279093 -0.484001070 0.026419733 0 0 0 0 0
1489656901.250203371 -0.477180511 0.025485428 0 0 0 0 0
1489656901.275154591 -0.471780241 0.024707757 0 0 0 0 0
1489656901.300187349 -0.470687419 0.024244694 0 0 0 0 0
1489656901.300204515 -0.469585598 0.024020795 0 0 0 0 0
1489656901.325212240 -0.468670785 0.023949672 0 0 0 0 0
1489656901.350121737 -0.467563421 0.023973426 0 0 0 0 0
1489656901.375108004 -0.463235766 0.023888966 0 0 0 0 0
1489656901.375119686 -0.462558657 0.024114689 0 0 0 0 0
1489656901.400122643 -0.458566248 0.024231352 0 0 0 0 0
1489656901.425181627 -0.458062291 0.024554698 0 0 0 0 0
1489656901.450148821 -0.460274488 0.025316162 0 0 0 0 0
1489656901.475158215 -0.458383620 0.025901387 0 0 0 0 0
1489656901.475179672 -0.456195831 0.026812529 0 0 0 0 0
1489656901.500138998 -0.450803190 0.027628690 0 0 0 0 0
1489656901.525169373 -0.448747694 0.028870666 0 0 0 0 0
1489656901.550180674 -0.446274340 0.030233597 0 0 0 0 0
1489656901.575212717 -0.440515578 0.031432468 0 0 0 0 0
1489656901.575235605 -0.435136825 0.032739241 0 0 0 0 0
1489656901.600187540 -0.429939300 0.034048293 0 0 0 0 0
1489656901.625175714 -0.427724153 0.035725985 0 0 0 0 0
1489656901.650140047 -0.424899012 0.037346464 0 0 0 0 0
1489656901.675173759 -0.421561152 0.038922206 0 0 0 0 0
1489656901.700296402 -0.417623699 0.040572647 0 0 0 0 0
1489656901.700319290 -0.415684134 0.042452823 0 0 0 0 0
1489656901.725194693 -0.410218954 0.043837145 0 0 0 0 0
1489656901.750151396 -0.401898682 0.044792619 0 0 0 0 0
1489656901.775211096 -0.393851429 0.045739349 0 0 0 0 0
1489656901.775234699 -0.388457030 0.046823308 0 0 0 0 0
1489656901.800192118 -0.382618099 0.047600258 0 0 0 0 0
1489656901.825182915 -0.374059051 0.047913764 0 0 0 0 0
1489656901.850165844 -0.367897719 0.048427276 0 0 0 0 0
1489656901.875201464 -0.361345172 0.048726946 0 0 0 0 0
1489656901.875216007 -0.354328364 0.048874702 0 0 0 0 0
1489656901.900218487 -0.347025186 0.048889045 0 0 0 0 0
1489656901.925227404 -0.339465529 0.048657883 0 0 0 0 0
1489656901.975027561 -0.329573393 0.048016638 0 0 0 0 0
1489656901.975035191 -0.327214003 0.048154507 0 0 0 0 0
1489656902.000059128 -0.321432292 0.047753487 0 0 0 0 0
1489656902.025136471 -0.314631701 0.047214758 0 0 0 0 0
1489656902.025145531 -0.305104166 0.046320073 0 0 0 0 0
1489656902.050183773 -0.293654352 0.045077343 0 0 0 0 0
1489656902.075281382 -0.280816436 0.043630008 0 0 0 0 0
1489656902.075305223 -0.270317167 0.042577304 0 0 0 0 0
1489656902.100260258 -0.258532852 0.041237164 0 0 0 0 0
1489656902.125160217 -0.248724908 0.039998021 0 0 0 0 0
1489656902.150221348 -0.237632617 0.038622111 0 0 0 0 0
1489656902.175198793 -0.228451490 0.037492204 0 0 0 0 0
1489656902.175235271 -0.219402313 0.036318343 0 0 0 0 0
1489656902.200189590 -0.210391372 0.035167251 0 0 0 0 0
1489656902.225249767 -0.200264737 0.033935279 0 0 0 0 0
1489656902.250171423 -0.193001956 0.033251863 0 0 0 0 0
1489656902.275208950 -0.184489384 0.032352142 0 0 0 0 0
1489656902.275231123 -0.176109374 0.031439085 0 0 0 0 0
1489656902.300128698 -0.167870849 0.030520208 0 0 0 0 0
1489656902.325221300 -0.158848479 0.029431570 0 0 0 0 0
1489656902.350253582 -0.151305050 0.028416671 0 0 0 0 0
1489656902.375221968 -0.143921837 0.027417125 0 0 0 0 0
1489656902.375236034 -0.136755660 0.026528696 0 0 0 0 0
1489656902.400197744 -0.128938422 0.025670046 0 0 0 0 0
1489656902.425173998 -0.122470587 0.025197104 0 0 0 0 0
1489656902.450206518 -0.116359197 0.024809543 0 0 0 0 0
1489656902.475235701 -0.110520616 0.024481991 0 0 0 0 0
1489656902.500211000 -0.104875691 0.024055144 0 0 0 0 0
1489656902.500222445 -0.100815073 0.023798319 0 0 0 0 0
1489656902.525232077 -0.095988169 0.023309091 0 0 0 0 0
1489656902.550161362 -0.090591833 0.022641020 0 0 0 0 0
1489656902.575196981 -0.085420966 0.021940386 0 0 0 0 0
1489656902.575213194 -0.080387622 0.021176605 0 0 0 0 0
1489656902.600231409 -0.075526111 0.020363379 0 0 0 0 0
1489656902.625230074 -0.070868798 0.019534187 0 0 0 0 0
1489656902.650183916 -0.066368550 0.018705815 0 0 0 0 0
1489656902.675185680 -0.061480392 0.017809704 0 0 0 0 0
1489656902.675197601 -0.057249762 0.017087976 0 0 0 0 0
1489656902.700181246 -0.052727774 0.016348694 0 0 0 0 0
1489656902.725227356 -0.048966166 0.015892137 0 0 0 0 0
1489656902.750148296 -0.044918917 0.015451694 0 0 0 0 0
1489656902.775209665 -0.041390665 0.015253248 0 0 0 0 0
1489656902.775233269 -0.038036808 0.015162927 0 0 0 0 0
1489656902.800175428 -0.034530815 0.015053005 0 0 0 0 0
1489656902.825249672 -0.031359274 0.014968228 0 0 0 0 0
1489656902.850132704 -0.028694835 0.014935498 0 0 0 0 0
1489656902.875188589 -0.025830718 0.014684606 0 0 0 0 0
1489656902.875217199 -0.023546165 0.014308617 0 0 0 0 0
1489656902.900230408 -0.021049658 0.013620943 0 0 0 0 0
1489656902.925379515 -0.018716391 0.012607292 0 0 0 0 0
1489656902.950210810 -0.016639143 0.011167332 0 0 0 0 0
1489656902.975256443 -0.014484810 0.009563790 0 0 0 0 0
1489656902.975292206 -0.012248233 0.007878695 0 0 0 0 0
1489656903.025162458 -0.009746189 0.006166020 0 0 0 0 0
1489656903.050094843 -0.007265698 0.004707199 0 0 0 0 0
1489656903.050106525 -0.004457064 0.003500200 0 0 0 0 0
1489656903.075197935 -0.001353624 0.002515829 0 0 0 0 0
1489656903.075219631 0.002018967 0.001596814 0 0 0 0 0
1489656903.100218773 0.005605945 0.000722291 0 0 0 0 0
1489656903.125229597 0.009280904 -0.000152389 0 0 0 0 0
1489656903.150231123 0.013133751 -0.001098737 0 0 0 0 0
1489656903.175181389 0.016919019 -0.001938493 0 0 0 0 0
1489656903.175204515 0.020662485 -0.002606029 0 0 0 0 0
1489656903.200127125 0.024134567 -0.003138063 0 0 0 0 0
1489656903.225215673 0.027164299 -0.003472933 0 0 0 0 0
1489656903.250148535 0.029615013 -0.003826496 0 0 0 0 0
1489656903.275174379 0.031483740 -0.004122370 0 0 0 0 0
1489656903.300209761 0.032890286 -0.004284019 0 0 0 0 0
1489656903.300227642 0.033752415 -0.004398048 0 0 0 0 0
1489656903.325148106 0.034377974 -0.004193060 0 0 0 0 0
1489656903.350203753 0.034478340 -0.004101224 0 0 0 0 0
1489656903.375219107 0.034226056 -0.003849159 0 0 0 0 0
1489656903.375244141 0.033766318 -0.003848162 0 0 0 0 0
1489656903.400164366 0.033024125 -0.003980651 0 0 0 0 0
1489656903.425205469 0.032466915 -0.003919796 0 0 0 0 0
1489656903.450060606 0.031931765 -0.003806385 0 0 0 0 0
1489656903.475145817 0.031387836 -0.003656036 0 0 0 0 0
1489656903.500284195 0.031026674 -0.003604234 0 0 0 0 0
1489656903.500296593 0.030624744 -0.003471934 0 0 0 0 0
1489656903.525083542 0.030122634 -0.003343312 0 0 0 0 0
1489656903.550213814 0.029466363 -0.003224616 0 0 0 0 0
1489656903.575168610 0.028721217 -0.003167905 0 0 0 0 0
1489656903.600190163 0.027821802 -0.003051252 0 0 0 0 0
1489656903.600212097 0.026865063 -0.002912486 0 0 0 0 0
1489656903.625159264 0.025869753 -0.002779445 0 0 0 0 0
1489656903.650195599 0.024859035 -0.002647154 0 0 0 0 0
1489656903.675198793 0.023878345 -0.002505073 0 0 0 0 0
1489656903.675214767 0.022958994 -0.002356148 0 0 0 0 0
1489656903.700202227 0.022108555 -0.002228210 0 0 0 0 0
1489656903.725210905 0.021347634 -0.002119891 0 0 0 0 0
1489656903.750178814 0.020708885 -0.002092170 0 0 0 0 0
1489656903.775161266 0.020128334 -0.002090870 0 0 0 0 0
1489656903.775186539 0.019588247 -0.002052601 0 0 0 0 0
1489656903.800192595 0.019070204 -0.001980860 0 0 0 0 0
1489656903.825233698 0.018546034 -0.001884363 0 0 0 0 0
1489656903.850198746 0.018031286 -0.001777598 0 0 0 0 0
1489656903.875211716 0.017467577 -0.001730398 0 0 0 0 0
1489656903.875237465 0.016863111 -0.001685381 0 0 0 0 0
1489656903.900264502 0.016262209 -0.001655457 0 0 0 0 0
1489656903.925238371 0.015666721 -0.001623789 0 0 0 0 0
1489656903.950240612 0.015118825 -0.001562359 0 0 0 0 0
1489656903.975197792 0.014637273 -0.001471550 0 0 0 0 0
1489656903.975222111 0.014209244 -0.001411912 0 0 0 0 0
1489656904.000098705 0.013851346 -0.001386234 0 0 0 0 0
1489656904.025124788 0.013537492 -0.001420720 0 0 0 0 0
1489656904.100192308 0.013252375 -0.001486088 0 0 0 0 0
1489656904.100205898 0.012992651 -0.001542247 0 0 0 0 0
1489656904.125195742 0.012760276 -0.001520830 0 0 0 0 0
1489656904.150145769 0.012509051 -0.001502766 0 0 0 0 0
1489656904.150165081 0.012239897 -0.001494307 0 0 0 0 0
1489656904.175232172 0.011944930 -0.001483852 0 0 0 0 0
1489656904.200195312 0.011639868 -0.001456638 0 0 0 0 0
1489656904.200210094 0.011303283 -0.001406110 0 0 0 0 0
1489656904.225393057 0.010973168 -0.001343350 0 0 0 0 0
1489656904.250208855 0.010652783 -0.001292239 0 0 0 0 0
1489656904.250225782 0.010363480 -0.001268905 0 0 0 0 0
1489656904.275111914 0.010080622 -0.001277018 0 0 0 0 0
1489656904.275127649 0.009832269 -0.001293053 0 0 0 0 0
1489656904.300220251 0.009603529 -0.001313258 0 0 0 0 0
1489656904.325194359 0.009417895 -0.001304891 0 0 0 0 0
1489656904.350138187 0.009264506 -0.001233492 0 0 0 0 0
1489656904.375229359 0.009132966 -0.001132521 0 0 0 0 0
1489656904.375253677 0.009013492 -0.001026629 0 0 0 0 0
1489656904.400154352 0.008898584 -0.000947160 0 0 0 0 0
1489656904.425127745 0.008755213 -0.000875510 0 0 0 0 0
1489656904.450201988 0.008576179 -0.000792714 0 0 0 0 0
1489656904.475200415 0.008363197 -0.000683216 0 0 0 0 0
1489656904.475212336 0.008104648 -0.000569836 0 0 0 0 0
1489656904.500222206 0.007824214 -0.000475544 0 0 0 0 0
1489656904.525144100 0.007524136 -0.000428862 0 0 0 0 0
1489656904.550153732 0.007241240 -0.000378311 0 0 0 0 0
1489656904.575232267 0.006950306 -0.000340877 0 0 0 0 0
1489656904.575262308 0.006697804 -0.000296823 0 0 0 0 0
1489656904.600172043 0.006457313 -0.000281761 0 0 0 0 0
1489656904.625137091 0.006262144 -0.000276236 0 0 0 0 0
1489656904.650109529 0.006127549 -0.000311601 0 0 0 0 0
1489656904.675030231 0.006023095 -0.000333915 0 0 0 0 0
1489656904.675038815 0.005938814 -0.000351062 0 0 0 0 0
1489656904.700176477 0.005879598 -0.000336637 0 0 0 0 0
1489656904.725144625 0.005830120 -0.000336538 0 0 0 0 0
1489656904.750135183 0.005788511 -0.000354196 0 0 0 0 0
1489656904.775136232 0.005702224 -0.000393343 0 0 0 0 0
1489656904.800084114 0.005597339 -0.000438518 0 0 0 0 0
1489656904.800095081 0.005459990 -0.000473538 0 0 0 0 0
1489656904.825142145 0.005303136 -0.000447433 0 0 0 0 0
1489656904.850092173 0.005166613 -0.000399358 0 0 0 0 0
1489656904.875144482 0.005033010 -0.000356194 0 0 0 0 0
1489656904.900148630 0.004929358 -0.000327731 0 0 0 0 0
1489656904.900164127 0.004858684 -0.000312432 0 0 0 0 0
1489656904.925125599 0.004794423 -0.000295359 0 0 0 0 0
1489656904.950087309 0.004745462 -0.000281259 0 0 0 0 0
1489656904.975100279 0.004687827 -0.000266065 0 0 0 0 0
1489656904.975110292 0.004591605 -0.000259921 0 0 0 0 0
1489656905.000058174 0.004487618 -0.000275507 0 0 0 0 0
1489656905.025115967 0.004347724 -0.000287002 0 0 0 0 0
1489656905.050111055 0.004197465 -0.000297081 0 0 0 0 0
1489656905.075173616 0.004041848 -0.000303241 0 0 0 0 0
1489656905.075185061 0.003880158 -0.000349263 0 0 0 0 0
1489656905.100091696 0.003719385 -0.000404386 0 0 0 0 0
1489656905.125103235 0.003565031 -0.000448273 0 0 0 0 0
1489656905.175157309 0.003433863 -0.000463614 0 0 0 0 0
1489656905.175176382 0.003324287 -0.000429272 0 0 0 0 0
1489656905.200109482 0.003222264 -0.000392748 0 0 0 0 0
1489656905.200121403 0.003136971 -0.000368351 0 0 0 0 0
1489656905.225227118 0.003063113 -0.000393061 0 0 0 0 0
1489656905.250146627 0.002999051 -0.000432404 0 0 0 0 0
1489656905.275137901 0.002920948 -0.000476298 0 0 0 0 0
1489656905.275168657 0.002833706 -0.000499028 0 0 0 0 0
1489656905.300190926 0.002736988 -0.000489247 0 0 0 0 0
