# text file for ../bag/translation1.bag
# format: time stamp x y z qx qy qz qw
1489656701.225189686 -0.000154329 0.000034839 0 0 0 0 0
1489656701.250166416 -0.000185075 0.000098585 0 0 0 0 0
1489656701.275100231 -0.000197135 0.000190984 0 0 0 0 0
1489656701.275118828 -0.000211307 0.000327051 0 0 0 0 0
1489656701.300147057 -0.000196016 0.000416362 0 0 0 0 0
1489656701.325160027 -0.000213395 0.000361769 0 0 0 0 0
1489656701.350166798 -0.000211617 0.000275420 0 0 0 0 0
1489656701.375164270 -0.000239278 0.000198368 0 0 0 0 0
1489656701.375181913 -0.000314266 0.000187243 0 0 0 0 0
1489656701.400089264 -0.000480280 0.000263072 0 0 0 0 0
1489656701.425113201 -0.000715139 0.000418898 0 0 0 0 0
1489656701.450147629 -0.000896429 0.000543805 0 0 0 0 0
1489656701.475161552 -0.001037209 0.000580340 0 0 0 0 0
1489656701.475177288 -0.001163699 0.000620291 0 0 0 0 0
1489656701.525161266 -0.001216860 0.000683494 0 0 0 0 0
1489656701.525180101 -0.001214782 0.000760017 0 0 0 0 0
1489656701.550125122 -0.001153600 0.000810435 0 0 0 0 0
1489656701.575172186 -0.001036522 0.000806334 0 0 0 0 0
1489656701.575189352 -0.000934343 0.000773084 0 0 0 0 0
1489656701.600145340 -0.000796511 0.000735998 0 0 0 0 0
1489656701.625255346 -0.000675412 0.000682293 0 0 0 0 0
1489656701.650169849 -0.000636470 0.000609923 0 0 0 0 0
1489656701.675226212 -0.000599053 0.000500517 0 0 0 0 0
1489656701.675248861 -0.000584695 0.000348514 0 0 0 0 0
1489656701.700208664 -0.000568520 0.000174665 0 0 0 0 0
1489656701.725187302 -0.000527372 -0.000001644 0 0 0 0 0
1489656701.750121593 -0.000470380 -0.000167185 0 0 0 0 0
1489656701.775145054 -0.000416168 -0.000268469 0 0 0 0 0
1489656701.800183535 -0.000337308 -0.000301594 0 0 0 0 0
1489656701.800203323 -0.000253701 -0.000298262 0 0 0 0 0
1489656701.825208902 -0.000263174 -0.000207994 0 0 0 0 0
1489656701.850187778 -0.000229822 -0.000108756 0 0 0 0 0
1489656701.875133753 -0.000260292 -0.000022348 0 0 0 0 0
1489656701.900180340 -0.000300923 0.000045036 0 0 0 0 0
1489656701.900195122 -0.000336269 0.000066371 0 0 0 0 0
1489656701.925153494 -0.000314354 0.000051489 0 0 0 0 0
1489656701.950164318 -0.000327562 0.000021455 0 0 0 0 0
1489656701.975186348 -0.000336369 -0.000012955 0 0 0 0 0
1489656701.975206614 -0.000342920 -0.000060880 0 0 0 0 0
1489656702.000293016 -0.000365309 -0.000120046 0 0 0 0 0
1489656702.050122499 -0.000388836 -0.000117898 0 0 0 0 0
1489656702.075198174 -0.000461303 0.000027578 0 0 0 0 0
1489656702.075221062 -0.000534320 0.000166210 0 0 0 0 0
1489656702.100214005 -0.000588625 0.000288312 0 0 0 0 0
1489656702.100240231 -0.000664303 0.000407521 0 0 0 0 0
1489656702.125164986 -0.000724843 0.000494550 0 0 0 0 0
1489656702.150126219 -0.000789775 0.000548530 0 0 0 0 0
1489656702.175151825 -0.000858884 0.000599077 0 0 0 0 0
1489656702.175173759 -0.000967773 0.000664879 0 0 0 0 0
1489656702.200172186 -0.001123770 0.000772504 0 0 0 0 0
1489656702.225145102 -0.001347764 0.000995269 0 0 0 0 0
1489656702.250144005 -0.001609842 0.001358935 0 0 0 0 0
1489656702.275182486 -0.001949420 0.001868053 0 0 0 0 0
1489656702.275206327 -0.002413563 0.002523370 0 0 0 0 0
1489656702.325215816 -0.003032734 0.003329944 0 0 0 0 0
1489656702.325239182 -0.003906645 0.004331530 0 0 0 0 0
1489656702.350191593 -0.004877570 0.005381311 0 0 0 0 0
1489656702.375197649 -0.005955874 0.006414795 0 0 0 0 0
1489656702.375219822 -0.007268034 0.007591649 0 0 0 0 0
1489656702.400187731 -0.008762146 0.008883746 0 0 0 0 0
1489656702.425266504 -0.010563323 0.010338017 0 0 0 0 0
1489656702.450106621 -0.012647554 0.011975799 0 0 0 0 0
1489656702.475225925 -0.015147838 0.013815493 0 0 0 0 0
1489656702.475245237 -0.017777452 0.015776845 0 0 0 0 0
1489656702.500212193 -0.020659210 0.017969696 0 0 0 0 0
1489656702.525227547 -0.023923181 0.020465542 0 0 0 0 0
1489656702.550289869 -0.027448140 0.023079976 0 0 0 0 0
1489656702.575269938 -0.031362437 0.025967875 0 0 0 0 0
1489656702.600160599 -0.036567450 0.030041408 0 0 0 0 0
1489656702.600192785 -0.041397840 0.033821888 0 0 0 0 0
1489656702.625244856 -0.046555959 0.037677329 0 0 0 0 0
1489656702.650210142 -0.051381811 0.041042421 0 0 0 0 0
1489656702.675011396 -0.056400239 0.044680275 0 0 0 0 0
1489656702.675022602 -0.061796702 0.048411071 0 0 0 0 0
1489656702.700137854 -0.067407094 0.052249297 0 0 0 0 0
1489656702.725225925 -0.073216006 0.056018140 0 0 0 0 0
1489656702.750192165 -0.079289511 0.059856340 0 0 0 0 0
1489656702.775127411 -0.085582636 0.063769028 0 0 0 0 0
1489656702.775143862 -0.091953196 0.067676432 0 0 0 0 0
1489656702.800178051 -0.098726332 0.071533643 0 0 0 0 0
1489656702.825126171 -0.105412655 0.075344816 0 0 0 0 0
1489656702.850142717 -0.112234287 0.079135068 0 0 0 0 0
1489656702.875247955 -0.120112225 0.083475322 0 0 0 0 0
1489656702.875273705 -0.126661763 0.086885132 0 0 0 0 0
1489656702.900315523 -0.133187786 0.090300255 0 0 0 0 0
1489656702.925117016 -0.139688775 0.093650796 0 0 0 0 0
1489656702.950167656 -0.146129563 0.097027011 0 0 0 0 0
1489656702.975154400 -0.152628183 0.100396991 0 0 0 0 0
1489656702.975192308 -0.159100905 0.103619836 0 0 0 0 0
1489656703.000371933 -0.165501788 0.107001521 0 0 0 0 0
1489656703.025212765 -0.171891361 0.110402681 0 0 0 0 0
1489656703.050151348 -0.178079486 0.113813058 0 0 0 0 0
1489656703.075126410 -0.184170857 0.117399082 0 0 0 0 0
1489656703.075140476 -0.190027103 0.121005520 0 0 0 0 0
1489656703.125123262 -0.195712015 0.124734931 0 0 0 0 0
1489656703.150227785 -0.207253590 0.132526860 0 0 0 0 0
1489656703.150253773 -0.215822995 0.138552248 0 0 0 0 0
1489656703.175237894 -0.221804187 0.142962962 0 0 0 0 0
1489656703.200196266 -0.227290004 0.147157148 0 0 0 0 0
1489656703.200222731 -0.230694070 0.150190860 0 0 0 0 0
1489656703.225500584 -0.232625812 0.152127013 0 0 0 0 0
1489656703.250187635 -0.234739631 0.154363587 0 0 0 0 0
1489656703.275344610 -0.237020209 0.156714648 0 0 0 0 0
1489656703.275384188 -0.239384666 0.159151390 0 0 0 0 0
1489656703.300264120 -0.241905063 0.161746800 0 0 0 0 0
1489656703.325315714 -0.244416744 0.164192587 0 0 0 0 0
1489656703.350254774 -0.246958524 0.166477352 0 0 0 0 0
1489656703.375192642 -0.249319226 0.168793589 0 0 0 0 0
1489656703.400195837 -0.251453936 0.171095505 0 0 0 0 0
1489656703.400205612 -0.255296081 0.174348235 0 0 0 0 0
1489656703.425259352 -0.257060528 0.176183373 0 0 0 0 0
1489656703.450140715 -0.258745879 0.177990034 0 0 0 0 0
1489656703.475198507 -0.260356456 0.179650858 0 0 0 0 0
1489656703.500174522 -0.261972874 0.181220233 0 0 0 0 0
1489656703.500204086 -0.265338004 0.184156790 0 0 0 0 0
1489656703.525173664 -0.266653508 0.185685009 0 0 0 0 0
1489656703.550208092 -0.267836034 0.187238693 0 0 0 0 0
1489656703.575185776 -0.268923491 0.188975289 0 0 0 0 0
1489656703.575196028 -0.270190418 0.190941125 0 0 0 0 0
1489656703.600238800 -0.271707743 0.193033382 0 0 0 0 0
1489656703.625317335 -0.273404509 0.195302382 0 0 0 0 0
1489656703.650138140 -0.275263220 0.197546974 0 0 0 0 0
1489656703.675138950 -0.281002313 0.202543586 0 0 0 0 0
1489656703.675154209 -0.284441143 0.205529079 0 0 0 0 0
1489656703.700092554 -0.285826743 0.206882209 0 0 0 0 0
1489656703.725190401 -0.287433177 0.208223313 0 0 0 0 0
1489656703.750193834 -0.291344970 0.210991159 0 0 0 0 0
1489656703.775233507 -0.293419272 0.212215260 0 0 0 0 0
1489656703.775258541 -0.295920104 0.213752404 0 0 0 0 0
1489656703.800196886 -0.298693657 0.215476796 0 0 0 0 0
1489656703.825156450 -0.301558435 0.217177168 0 0 0 0 0
1489656703.850081444 -0.304683119 0.219027832 0 0 0 0 0
1489656703.875149012 -0.308240324 0.221281603 0 0 0 0 0
1489656703.875168085 -0.312119901 0.223783508 0 0 0 0 0
1489656703.900186300 -0.316060156 0.226328656 0 0 0 0 0
1489656703.925214767 -0.321993202 0.230752394 0 0 0 0 0
1489656703.950233459 -0.325244039 0.233392492 0 0 0 0 0
1489656703.975215673 -0.328747898 0.236218035 0 0 0 0 0
1489656703.975248814 -0.332247853 0.238870025 0 0 0 0 0
1489656704.000258446 -0.335638225 0.241302237 0 0 0 0 0
1489656704.025148630 -0.339082927 0.243437439 0 0 0 0 0
1489656704.050119638 -0.342431933 0.245516554 0 0 0 0 0
1489656704.075127602 -0.345862657 0.247820690 0 0 0 0 0
1489656704.100083828 -0.349467367 0.249933511 0 0 0 0 0
1489656704.100101709 -0.355157316 0.253359318 0 0 0 0 0
1489656704.125330687 -0.357819468 0.254476458 0 0 0 0 0
1489656704.150153875 -0.360639840 0.255515933 0 0 0 0 0
1489656704.225235224 -0.363600075 0.256590545 0 0 0 0 0
1489656704.225268841 -0.391079247 0.275196403 0 0 0 0 0
1489656704.250150681 -0.410889655 0.288643569 0 0 0 0 0
1489656704.275050640 -0.426728427 0.299388409 0 0 0 0 0
1489656704.275057316 -0.436341614 0.305848300 0 0 0 0 0
1489656704.300082207 -0.440733939 0.308993608 0 0 0 0 0
1489656704.300094128 -0.440878093 0.309613556 0 0 0 0 0
1489656704.325107813 -0.437905043 0.308369935 0 0 0 0 0
1489656704.350090265 -0.434973419 0.307749897 0 0 0 0 0
1489656704.375113249 -0.429526478 0.305453986 0 0 0 0 0
1489656704.375131369 -0.424693286 0.303741068 0 0 0 0 0
1489656704.400169134 -0.417913973 0.300661176 0 0 0 0 0
1489656704.400191784 -0.410006434 0.296791553 0 0 0 0 0
1489656704.425157547 -0.401609391 0.292342305 0 0 0 0 0
1489656704.450127602 -0.392911911 0.287505478 0 0 0 0 0
1489656704.475147247 -0.386694998 0.284525782 0 0 0 0 0
1489656704.475168228 -0.385387689 0.285545647 0 0 0 0 0
1489656704.500159025 -0.382992923 0.285470694 0 0 0 0 0
1489656704.525160313 -0.382828951 0.286756098 0 0 0 0 0
1489656704.550149918 -0.384428442 0.288861960 0 0 0 0 0
1489656704.575224161 -0.387183577 0.291758686 0 0 0 0 0
1489656704.575242043 -0.391193628 0.295369029 0 0 0 0 0
1489656704.600204468 -0.396626055 0.299652994 0 0 0 0 0
1489656704.625209570 -0.403105438 0.304418385 0 0 0 0 0
1489656704.650207281 -0.409998596 0.309581369 0 0 0 0 0
1489656704.675112247 -0.417171568 0.315030187 0 0 0 0 0
1489656704.700239897 -0.424747169 0.320596695 0 0 0 0 0
1489656704.725189686 -0.435989201 0.328349233 0 0 0 0 0
1489656704.725207567 -0.443215370 0.333133847 0 0 0 0 0
1489656704.750136375 -0.453294575 0.340173662 0 0 0 0 0
1489656704.775161028 -0.459177375 0.344191134 0 0 0 0 0
1489656704.800179243 -0.464938074 0.348333567 0 0 0 0 0
1489656704.800204754 -0.470537126 0.352510601 0 0 0 0 0
1489656704.825183153 -0.475679517 0.356523991 0 0 0 0 0
1489656704.850174904 -0.479907840 0.360229313 0 0 0 0 0
1489656704.875262499 -0.483582467 0.363856494 0 0 0 0 0
1489656704.875287056 -0.487266690 0.367520630 0 0 0 0 0
1489656704.900087833 -0.490699500 0.371162981 0 0 0 0 0
1489656704.925103664 -0.493398219 0.374546200 0 0 0 0 0
1489656704.950114012 -0.498430699 0.379874021 0 0 0 0 0
1489656704.975137234 -0.499223351 0.381693959 0 0 0 0 0
1489656705.000227690 -0.500077128 0.383411974 0 0 0 0 0
1489656705.000253201 -0.503762364 0.387056649 0 0 0 0 0
1489656705.025177240 -0.503040850 0.387029231 0 0 0 0 0
1489656705.050134897 -0.502068698 0.386494994 0 0 0 0 0
1489656705.075167418 -0.501261055 0.385526866 0 0 0 0 0
1489656705.075185299 -0.500680208 0.384486943 0 0 0 0 0
1489656705.100226641 -0.500048220 0.383256912 0 0 0 0 0
1489656705.125249147 -0.499027878 0.381891847 0 0 0 0 0
1489656705.150237322 -0.497789979 0.380290091 0 0 0 0 0
1489656705.175093412 -0.496694893 0.378753722 0 0 0 0 0
1489656705.175101995 -0.495653272 0.377116263 0 0 0 0 0
1489656705.200137615 -0.494706154 0.374903858 0 0 0 0 0
1489656705.225087404 -0.493769556 0.372329652 0 0 0 0 0
1489656705.275125742 -0.492833853 0.369743586 0 0 0 0 0
1489656705.275139332 -0.504443705 0.376093417 0 0 0 0 0
1489656705.300148726 -0.510105073 0.377881318 0 0 0 0 0
1489656705.325084925 -0.514191091 0.378482193 0 0 0 0 0
1489656705.325104475 -0.513613880 0.375918478 0 0 0 0 0
1489656705.350145102 -0.509177864 0.370801657 0 0 0 0 0
1489656705.375183105 -0.501890123 0.363766521 0 0 0 0 0
1489656705.400161266 -0.495812565 0.357624680 0 0 0 0 0
1489656705.425300360 -0.500627041 0.359207898 0 0 0 0 0
1489656705.425323248 -0.500907362 0.357790858 0 0 0 0 0
1489656705.450176954 -0.497386485 0.353989244 0 0 0 0 0
1489656705.475181818 -0.494223654 0.350398391 0 0 0 0 0
1489656705.475203514 -0.488246739 0.344887555 0 0 0 0 0
1489656705.500234604 -0.483256519 0.340029210 0 0 0 0 0
1489656705.525228262 -0.479119003 0.335903168 0 0 0 0 0
1489656705.550121546 -0.478799313 0.334117293 0 0 0 0 0
1489656705.575299501 -0.475146353 0.329949617 0 0 0 0 0
1489656705.575324774 -0.471784085 0.325918525 0 0 0 0 0
1489656705.600238562 -0.468592346 0.322196782 0 0 0 0 0
1489656705.625212908 -0.465607971 0.318879783 0 0 0 0 0
1489656705.650109768 -0.465690672 0.317944616 0 0 0 0 0
1489656705.675221920 -0.462092221 0.314753145 0 0 0 0 0
1489656705.675240278 -0.458347887 0.311912596 0 0 0 0 0
1489656705.700172186 -0.454273999 0.309185654 0 0 0 0 0
1489656705.725235939 -0.449889272 0.306535572 0 0 0 0 0
1489656705.750161409 -0.445130736 0.303801507 0 0 0 0 0
1489656705.775266647 -0.439970434 0.301167905 0 0 0 0 0
1489656705.800192833 -0.434432745 0.298608571 0 0 0 0 0
1489656705.825263739 -0.433063686 0.299716353 0 0 0 0 0
1489656705.825284719 -0.429912060 0.299777776 0 0 0 0 0
1489656705.850196362 -0.422854662 0.297240973 0 0 0 0 0
1489656705.875247955 -0.412908584 0.292438716 0 0 0 0 0
1489656705.875270367 -0.402905971 0.287574947 0 0 0 0 0
1489656705.900232553 -0.392749012 0.282418847 0 0 0 0 0
1489656705.925136328 -0.382500440 0.277389109 0 0 0 0 0
1489656705.950225353 -0.372615933 0.272498339 0 0 0 0 0
1489656705.975166321 -0.363067091 0.267602652 0 0 0 0 0
1489656705.975182295 -0.353625894 0.262293309 0 0 0 0 0
1489656706.000138283 -0.344060779 0.256539047 0 0 0 0 0
1489656706.025171518 -0.334580898 0.250442833 0 0 0 0 0
1489656706.050135612 -0.325241178 0.244016036 0 0 0 0 0
1489656706.075095892 -0.315840304 0.237447008 0 0 0 0 0
1489656706.075107098 -0.307825655 0.232101753 0 0 0 0 0
1489656706.100092173 -0.297712266 0.225053012 0 0 0 0 0
1489656706.125207663 -0.288921207 0.219053566 0 0 0 0 0
1489656706.150156975 -0.278084099 0.211210802 0 0 0 0 0
1489656706.175217152 -0.267055243 0.202900752 0 0 0 0 0
1489656706.175239325 -0.256005794 0.194421083 0 0 0 0 0
1489656706.200203419 -0.244946465 0.185781687 0 0 0 0 0
1489656706.225235701 -0.233442903 0.177143857 0 0 0 0 0
1489656706.250099421 -0.222472355 0.169069409 0 0 0 0 0
1489656706.275143862 -0.209994242 0.160109043 0 0 0 0 0
1489656706.275157213 -0.197643444 0.151219591 0 0 0 0 0
1489656706.300161123 -0.185247615 0.142072588 0 0 0 0 0
1489656706.350170374 -0.172558784 0.132529557 0 0 0 0 0
1489656706.375272274 -0.162414491 0.125079200 0 0 0 0 0
1489656706.375297785 -0.151048094 0.116414987 0 0 0 0 0
1489656706.400145769 -0.139079317 0.106887646 0 0 0 0 0
1489656706.400159359 -0.126017794 0.096479908 0 0 0 0 0
1489656706.425426960 -0.112389676 0.085577451 0 0 0 0 0
1489656706.450143576 -0.098594487 0.074581712 0 0 0 0 0
1489656706.475252867 -0.084979497 0.064003795 0 0 0 0 0
1489656706.475278854 -0.071185447 0.053631961 0 0 0 0 0
1489656706.500250340 -0.057124816 0.043366939 0 0 0 0 0
1489656706.525274992 -0.043069318 0.033285908 0 0 0 0 0
1489656706.550224066 -0.029181497 0.023407511 0 0 0 0 0
1489656706.575146914 -0.015422636 0.013633172 0 0 0 0 0
1489656706.600126266 -0.001930653 0.004162429 0 0 0 0 0
1489656706.600139856 0.010919346 -0.004720205 0 0 0 0 0
1489656706.625188351 0.023255140 -0.013028014 0 0 0 0 0
1489656706.650099516 0.034591798 -0.020655017 0 0 0 0 0
1489656706.675200462 0.045285162 -0.027809881 0 0 0 0 0
1489656706.675215721 0.055146705 -0.034450535 0 0 0 0 0
1489656706.700268269 0.064112529 -0.040462628 0 0 0 0 0
1489656706.725202084 0.072437838 -0.046039890 0 0 0 0 0
1489656706.750249863 0.080293879 -0.051300287 0 0 0 0 0
1489656706.850212336 0.087606758 -0.056174234 0 0 0 0 0
1489656706.875153065 0.103244342 -0.065935224 0 0 0 0 0
1489656706.875180006 0.117994569 -0.074946783 0 0 0 0 0
1489656706.900219440 0.129897088 -0.082170606 0 0 0 0 0
1489656706.925221920 0.139381155 -0.087924115 0 0 0 0 0
1489656706.925244570 0.146662772 -0.092197157 0 0 0 0 0
1489656706.950155020 0.152471021 -0.095611475 0 0 0 0 0
1489656706.975159645 0.156925991 -0.098129734 0 0 0 0 0
1489656706.975184202 0.159711778 -0.099608406 0 0 0 0 0
1489656707.000283957 0.161134571 -0.100337215 0 0 0 0 0
1489656707.025133371 0.161450610 -0.100498922 0 0 0 0 0
1489656707.025148392 0.160859406 -0.100077301 0 0 0 0 0
1489656707.050113440 0.159356415 -0.099169023 0 0 0 0 0
1489656707.075093031 0.157147899 -0.097966574 0 0 0 0 0
1489656707.075103998 0.155463174 -0.096994594 0 0 0 0 0
1489656707.100039482 0.153505772 -0.095809340 0 0 0 0 0
1489656707.125114679 0.151312336 -0.094442509 0 0 0 0 0
1489656707.125128269 0.148967132 -0.092965744 0 0 0 0 0
1489656707.150119066 0.147173345 -0.092097916 0 0 0 0 0
1489656707.175141573 0.145168632 -0.091153234 0 0 0 0 0
1489656707.175155163 0.143019602 -0.089991987 0 0 0 0 0
1489656707.200293303 0.141617209 -0.089025475 0 0 0 0 0
1489656707.200312853 0.140140355 -0.087933250 0 0 0 0 0
1489656707.225163937 0.138534442 -0.086925656 0 0 0 0 0
1489656707.250204563 0.138010517 -0.086216338 0 0 0 0 0
1489656707.275049448 0.137314722 -0.085120521 0 0 0 0 0
1489656707.275058746 0.137423605 -0.084009551 0 0 0 0 0
1489656707.300086737 0.138307184 -0.082824558 0 0 0 0 0
1489656707.325119019 0.140155002 -0.081692666 0 0 0 0 0
1489656707.350141764 0.142765820 -0.080448665 0 0 0 0 0
1489656707.375174761 0.145741314 -0.079311498 0 0 0 0 0
1489656707.425177097 0.148922279 -0.078300931 0 0 0 0 0
1489656707.450324059 0.162333667 -0.081527166 0 0 0 0 0
1489656707.475178242 0.172855631 -0.083862834 0 0 0 0 0
1489656707.475199938 0.181013376 -0.085575752 0 0 0 0 0
1489656707.500210762 0.188358635 -0.087290242 0 0 0 0 0
1489656707.500232697 0.193835795 -0.088372543 0 0 0 0 0
1489656707.525320292 0.197624549 -0.089046516 0 0 0 0 0
1489656707.550017595 0.200036436 -0.089328319 0 0 0 0 0
1489656707.550023079 0.202823266 -0.089924634 0 0 0 0 0
1489656707.575102568 0.204445794 -0.090295047 0 0 0 0 0
1489656707.600107431 0.205298692 -0.090564623 0 0 0 0 0
1489656707.600118399 0.205579147 -0.090692036 0 0 0 0 0
1489656707.625175953 0.206858531 -0.091276512 0 0 0 0 0
1489656707.650145531 0.207624823 -0.091662519 0 0 0 0 0
1489656707.675123692 0.209491700 -0.092709862 0 0 0 0 0
1489656707.700087070 0.212185442 -0.094039515 0 0 0 0 0
1489656707.700096369 0.216933861 -0.096228480 0 0 0 0 0
1489656707.725096226 0.220243886 -0.097808734 0 0 0 0 0
1489656707.750180483 0.223975927 -0.099834450 0 0 0 0 0
1489656707.775129557 0.227994666 -0.102182940 0 0 0 0 0
1489656707.775139093 0.232288972 -0.104706168 0 0 0 0 0
1489656707.800118446 0.236486211 -0.107356735 0 0 0 0 0
1489656707.825134993 0.240909815 -0.110047854 0 0 0 0 0
1489656707.850145102 0.245154321 -0.112729959 0 0 0 0 0
1489656707.875110865 0.249126092 -0.115490548 0 0 0 0 0
1489656707.900093317 0.253262669 -0.118229926 0 0 0 0 0
1489656707.900101185 0.257411987 -0.120904766 0 0 0 0 0
1489656707.925141573 0.261496127 -0.123148315 0 0 0 0 0
1489656707.950139999 0.265478641 -0.125176862 0 0 0 0 0
1489656707.975130558 0.273176879 -0.128877908 0 0 0 0 0
1489656707.975148678 0.278257579 -0.131336093 0 0 0 0 0
1489656708.000096321 0.280998826 -0.132610887 0 0 0 0 0
1489656708.025130749 0.283667386 -0.133899525 0 0 0 0 0
1489656708.050190687 0.286482722 -0.135177210 0 0 0 0 0
1489656708.075194836 0.289513528 -0.136555195 0 0 0 0 0
1489656708.075217009 0.292598665 -0.137800053 0 0 0 0 0
1489656708.100176096 0.295571864 -0.139127538 0 0 0 0 0
1489656708.125143051 0.298379302 -0.140490919 0 0 0 0 0
1489656708.150171757 0.301124543 -0.141880333 0 0 0 0 0
1489656708.175156832 0.303946853 -0.143069372 0 0 0 0 0
1489656708.175168753 0.307062238 -0.144051015 0 0 0 0 0
1489656708.200148106 0.310227633 -0.145115584 0 0 0 0 0
1489656708.225141048 0.315166712 -0.147219226 0 0 0 0 0
1489656708.250128269 0.317229331 -0.148275733 0 0 0 0 0
1489656708.275149822 0.319081783 -0.149477139 0 0 0 0 0
1489656708.300190210 0.321212173 -0.150814861 0 0 0 0 0
1489656708.300208330 0.325701416 -0.153448462 0 0 0 0 0
1489656708.325085640 0.327626199 -0.154793322 0 0 0 0 0
1489656708.350144625 0.329602569 -0.156163245 0 0 0 0 0
1489656708.375147104 0.331733078 -0.157475799 0 0 0 0 0
1489656708.375180483 0.334370375 -0.158763558 0 0 0 0 0
1489656708.400113821 0.337412059 -0.160123363 0 0 0 0 0
1489656708.425143003 0.340661764 -0.161291644 0 0 0 0 0
1489656708.450098038 0.344030082 -0.162481844 0 0 0 0 0
1489656708.475227118 0.347608000 -0.163866997 0 0 0 0 0
1489656708.500172138 0.361105591 -0.169934586 0 0 0 0 0
1489656708.525209904 0.370140225 -0.174236223 0 0 0 0 0
1489656708.525230885 0.375499994 -0.176965013 0 0 0 0 0
1489656708.550174952 0.377819538 -0.178417906 0 0 0 0 0
1489656708.575154066 0.380147636 -0.180049688 0 0 0 0 0
1489656708.575163603 0.379824430 -0.180744097 0 0 0 0 0
1489656708.600179672 0.379789084 -0.181919232 0 0 0 0 0
1489656708.625158072 0.379975826 -0.183520406 0 0 0 0 0
1489656708.650280237 0.380235642 -0.185611546 0 0 0 0 0
1489656708.675324678 0.380051732 -0.188169941 0 0 0 0 0
1489656708.675353050 0.379790246 -0.190741062 0 0 0 0 0
1489656708.700255632 0.379952788 -0.193439052 0 0 0 0 0
1489656708.725296259 0.380399615 -0.196627706 0 0 0 0 0
1489656708.750158548 0.380826265 -0.199644268 0 0 0 0 0
1489656708.775178432 0.383717775 -0.203424722 0 0 0 0 0
1489656708.775195599 0.383621007 -0.205427453 0 0 0 0 0
1489656708.800138712 0.383881211 -0.207476154 0 0 0 0 0
1489656708.825336933 0.384229273 -0.209217966 0 0 0 0 0
1489656708.850218296 0.384534419 -0.210482538 0 0 0 0 0
1489656708.875120401 0.384691030 -0.211653516 0 0 0 0 0
1489656708.875136375 0.385119081 -0.213012993 0 0 0 0 0
1489656708.900044203 0.385776639 -0.214596152 0 0 0 0 0
1489656708.925161839 0.386516660 -0.216106340 0 0 0 0 0
1489656708.950090408 0.387168169 -0.217674151 0 0 0 0 0
1489656708.975257874 0.387925059 -0.219264671 0 0 0 0 0
1489656708.975279093 0.388833344 -0.220911160 0 0 0 0 0
1489656709.025286436 0.389897287 -0.222478077 0 0 0 0 0
1489656709.025308847 0.396066070 -0.226935878 0 0 0 0 0
1489656709.050204754 0.398479134 -0.228977740 0 0 0 0 0
1489656709.075230598 0.400414288 -0.230741486 0 0 0 0 0
1489656709.075248241 0.399326324 -0.230599552 0 0 0 0 0
1489656709.100221157 0.398565322 -0.230459660 0 0 0 0 0
1489656709.125182152 0.398350507 -0.230490223 0 0 0 0 0
1489656709.150165319 0.398448288 -0.230438262 0 0 0 0 0
1489656709.175172567 0.398898095 -0.230050519 0 0 0 0 0
1489656709.175184011 0.399688572 -0.229820698 0 0 0 0 0
1489656709.200169086 0.400795877 -0.229914665 0 0 0 0 0
1489656709.225178957 0.402203590 -0.230270833 0 0 0 0 0
1489656709.250179768 0.403766721 -0.230859786 0 0 0 0 0
1489656709.275083065 0.405252576 -0.231833592 0 0 0 0 0
1489656709.300213575 0.406851560 -0.232969299 0 0 0 0 0
1489656709.300227642 0.408798456 -0.234182745 0 0 0 0 0
1489656709.325133085 0.410918504 -0.235837862 0 0 0 0 0
1489656709.350133657 0.412969559 -0.237575978 0 0 0 0 0
1489656709.375089169 0.415063560 -0.239193723 0 0 0 0 0
1489656709.375100851 0.417243212 -0.240820587 0 0 0 0 0
1489656709.400164366 0.419707298 -0.242454916 0 0 0 0 0
1489656709.425121069 0.422419906 -0.244085789 0 0 0 0 0
1489656709.450166464 0.425266862 -0.245672092 0 0 0 0 0
1489656709.475184917 0.427905411 -0.247185767 0 0 0 0 0
1489656709.475201607 0.430330932 -0.248791873 0 0 0 0 0
1489656709.500181198 0.432753175 -0.250412881 0 0 0 0 0
1489656709.525110006 0.435222030 -0.252234638 0 0 0 0 0
1489656709.575127840 0.437721938 -0.254255891 0 0 0 0 0
1489656709.575143814 0.451556087 -0.262749314 0 0 0 0 0
1489656709.600191832 0.459517568 -0.267812252 0 0 0 0 0
1489656709.625187874 0.462479562 -0.269915015 0 0 0 0 0
1489656709.625204086 0.461790860 -0.269721955 0 0 0 0 0
1489656709.650197029 0.461033523 -0.269210219 0 0 0 0 0
1489656709.675171614 0.457143366 -0.266885728 0 0 0 0 0
1489656709.700158119 0.453838795 -0.264795661 0 0 0 0 0
1489656709.700168848 0.451064408 -0.263083994 0 0 0 0 0
1489656709.725146055 0.448831767 -0.261629134 0 0 0 0 0
1489656709.750213385 0.446889758 -0.260399818 0 0 0 0 0
1489656709.775232315 0.445390999 -0.259445876 0 0 0 0 0
1489656709.775251865 0.444335759 -0.258774161 0 0 0 0 0
1489656709.825199127 0.443565011 -0.258250952 0 0 0 0 0
1489656709.825216532 0.445746690 -0.259733379 0 0 0 0 0
1489656709.850184441 0.447557032 -0.261131734 0 0 0 0 0
1489656709.875202179 0.446000606 -0.260856360 0 0 0 0 0
1489656709.875221968 0.445107520 -0.261164993 0 0 0 0 0
1489656709.900242567 0.444402486 -0.261707872 0 0 0 0 0
1489656709.925079584 0.443994045 -0.262416363 0 0 0 0 0
1489656709.950197935 0.443895549 -0.263264954 0 0 0 0 0
1489656709.975129604 0.444189161 -0.263877094 0 0 0 0 0
1489656709.975142241 0.445028573 -0.264354408 0 0 0 0 0
1489656710.000113487 0.446006924 -0.264524192 0 0 0 0 0
1489656710.025083780 0.447237462 -0.264711052 0 0 0 0 0
1489656710.050187111 0.448594809 -0.264842808 0 0 0 0 0
1489656710.075250149 0.450190663 -0.265101284 0 0 0 0 0
1489656710.100276947 0.451677948 -0.265491694 0 0 0 0 0
1489656710.100298643 0.459423870 -0.270057976 0 0 0 0 0
1489656710.125341415 0.462894529 -0.272289395 0 0 0 0 0
1489656710.150216341 0.462726176 -0.272394329 0 0 0 0 0
1489656710.175093889 0.462724745 -0.272669166 0 0 0 0 0
1489656710.175100803 0.462928444 -0.272992253 0 0 0 0 0
1489656710.200109720 0.463250250 -0.273310155 0 0 0 0 0
1489656710.225111485 0.463860840 -0.273966193 0 0 0 0 0
1489656710.250083685 0.464453250 -0.274535000 0 0 0 0 0
1489656710.275195360 0.465175092 -0.274966985 0 0 0 0 0
1489656710.300292969 0.466201305 -0.275310934 0 0 0 0 0
1489656710.300317526 0.467238814 -0.275442392 0 0 0 0 0
1489656710.325191259 0.468206137 -0.275314301 0 0 0 0 0
1489656710.350321770 0.469110340 -0.275167048 0 0 0 0 0
1489656710.375182867 0.473268241 -0.276963651 0 0 0 0 0
1489656710.375208139 0.473641872 -0.276563793 0 0 0 0 0
1489656710.400199890 0.473839045 -0.276031911 0 0 0 0 0
1489656710.425165892 0.473930418 -0.275594503 0 0 0 0 0
1489656710.450145006 0.473903894 -0.275302291 0 0 0 0 0
1489656710.475169420 0.473706365 -0.275192052 0 0 0 0 0
1489656710.475187302 0.473315746 -0.275095701 0 0 0 0 0
1489656710.500198841 0.472767144 -0.275059551 0 0 0 0 0
1489656710.525173187 0.472262830 -0.275100827 0 0 0 0 0
1489656710.550160646 0.471858114 -0.275092781 0 0 0 0 0
1489656710.575187922 0.471307874 -0.274928629 0 0 0 0 0
1489656710.575211287 0.470633417 -0.274554938 0 0 0 0 0
1489656710.650218964 0.470039159 -0.274139732 0 0 0 0 0
1489656710.675174475 0.500904322 -0.292839915 0 0 0 0 0
1489656710.700182199 0.524850190 -0.307408541 0 0 0 0 0
1489656710.700202703 0.542955399 -0.318440616 0 0 0 0 0
1489656710.725187540 0.552903354 -0.324610323 0 0 0 0 0
1489656710.750150204 0.556182146 -0.326787710 0 0 0 0 0
1489656710.750171423 0.554111123 -0.325692087 0 0 0 0 0
1489656710.775232315 0.550813556 -0.323846966 0 0 0 0 0
1489656710.800323725 0.543502986 -0.319701105 0 0 0 0 0
1489656710.800364256 0.533261597 -0.313780159 0 0 0 0 0
1489656710.825147152 0.520902038 -0.306893587 0 0 0 0 0
1489656710.850133419 0.507317007 -0.299320996 0 0 0 0 0
1489656710.850143194 0.496200711 -0.293295592 0 0 0 0 0
1489656710.875050783 0.484019011 -0.286707997 0 0 0 0 0
1489656710.900096416 0.474778056 -0.282091290 0 0 0 0 0
1489656710.900106430 0.464721352 -0.276989400 0 0 0 0 0
1489656710.925161600 0.457533896 -0.273601979 0 0 0 0 0
1489656710.950147152 0.449572414 -0.269674212 0 0 0 0 0
1489656710.975154877 0.444678456 -0.267508328 0 0 0 0 0
1489656711.000161409 0.442480236 -0.266626060 0 0 0 0 0
1489656711.000175714 0.442439318 -0.266566247 0 0 0 0 0
1489656711.025184393 0.444236338 -0.267340332 0 0 0 0 0
1489656711.050228596 0.447295278 -0.268445820 0 0 0 0 0
1489656711.075013399 0.451120257 -0.270341992 0 0 0 0 0
1489656711.075021267 0.455687761 -0.272570819 0 0 0 0 0
1489656711.100128174 0.460965455 -0.275041014 0 0 0 0 0
1489656711.125237465 0.466450512 -0.277468294 0 0 0 0 0
1489656711.150246143 0.472087085 -0.280056566 0 0 0 0 0
1489656711.175083160 0.477829933 -0.282699555 0 0 0 0 0
