# text file for ../bag/translation4.bag
# format: time stamp x y z qx qy qz qw
1489656832.975225210 0.000182330 -0.000168872 0 0 0 0 0
1489656832.975244761 0.000086771 -0.000159373 0 0 0 0 0
1489656833.000157356 -0.000028035 -0.000111398 0 0 0 0 0
1489656833.025285482 -0.000161961 -0.000019205 0 0 0 0 0
1489656833.050325632 -0.000275151 0.000059537 0 0 0 0 0
1489656833.075302124 -0.000301406 0.000142821 0 0 0 0 0
1489656833.125319719 -0.000285176 0.000154608 0 0 0 0 0
1489656833.150360823 -0.000115702 0.000052879 0 0 0 0 0
1489656833.175216198 0.000080907 0.000050839 0 0 0 0 0
1489656833.175259113 0.000286884 0.000116992 0 0 0 0 0
1489656833.200267553 0.000472513 0.000157126 0 0 0 0 0
1489656833.225252628 0.000651586 0.000233603 0 0 0 0 0
1489656833.225296021 0.000753861 0.000317358 0 0 0 0 0
1489656833.250309944 0.000773572 0.000330077 0 0 0 0 0
1489656833.275127888 0.000700010 0.000255570 0 0 0 0 0
1489656833.275144100 0.000596910 0.000130703 0 0 0 0 0
1489656833.300103664 0.000498852 -0.000073015 0 0 0 0 0
1489656833.300110817 0.000379905 -0.000341995 0 0 0 0 0
1489656833.325106621 0.000250941 -0.000644422 0 0 0 0 0
1489656833.350156307 0.000088589 -0.000958865 0 0 0 0 0
1489656833.375096321 -0.000033027 -0.001209749 0 0 0 0 0
1489656833.400161028 -0.000119646 -0.001370108 0 0 0 0 0
1489656833.400180340 -0.000181262 -0.001419845 0 0 0 0 0
1489656833.425079584 -0.000250613 -0.001360883 0 0 0 0 0
1489656833.450155973 -0.000287289 -0.001197477 0 0 0 0 0
1489656833.475048065 -0.000238114 -0.000941445 0 0 0 0 0
1489656833.475065470 -0.000161737 -0.000624322 0 0 0 0 0
1489656833.500113010 -0.000103210 -0.000309141 0 0 0 0 0
1489656833.525087833 -0.000050799 -0.000036960 0 0 0 0 0
1489656833.550116777 0.000004856 0.000119790 0 0 0 0 0
1489656833.575170755 0.000041819 0.000161519 0 0 0 0 0
1489656833.575193405 0.000077666 0.000147810 0 0 0 0 0
1489656833.600280046 0.000113380 0.000110234 0 0 0 0 0
1489656833.625248432 0.000144300 0.000087449 0 0 0 0 0
1489656833.650220394 0.000153838 0.000032019 0 0 0 0 0
1489656833.675255775 0.000136582 -0.000058146 0 0 0 0 0
1489656833.700237751 0.000108237 -0.000184015 0 0 0 0 0
1489656833.700260639 0.000067621 -0.000337612 0 0 0 0 0
1489656833.725083590 0.000022584 -0.000487835 0 0 0 0 0
1489656833.750075340 -0.000041739 -0.000616787 0 0 0 0 0
1489656833.775111437 -0.000111479 -0.000725206 0 0 0 0 0
1489656833.775125265 -0.000185384 -0.000780415 0 0 0 0 0
1489656833.800264835 -0.000249565 -0.000804376 0 0 0 0 0
1489656833.825195074 -0.000289947 -0.000798172 0 0 0 0 0
1489656833.850278378 -0.000303708 -0.000772693 0 0 0 0 0
1489656833.875257730 -0.000280159 -0.000732009 0 0 0 0 0
1489656833.875283957 -0.000216600 -0.000678078 0 0 0 0 0
1489656833.900245190 -0.000143419 -0.000661354 0 0 0 0 0
1489656833.925213099 -0.000063705 -0.000655215 0 0 0 0 0
1489656833.950201035 0.000043672 -0.000672513 0 0 0 0 0
1489656833.975275517 0.000112881 -0.000715490 0 0 0 0 0
1489656834.000352383 0.000181502 -0.000746208 0 0 0 0 0
1489656834.000368118 0.000255389 -0.000794476 0 0 0 0 0
1489656834.025274038 0.000321304 -0.000892727 0 0 0 0 0
1489656834.050209761 0.000414172 -0.001099115 0 0 0 0 0
1489656834.075263500 0.000573598 -0.001411520 0 0 0 0 0
1489656834.075288773 0.000734844 -0.001856048 0 0 0 0 0
1489656834.100224495 0.000945422 -0.002405058 0 0 0 0 0
1489656834.125209808 0.001202793 -0.003079893 0 0 0 0 0
1489656834.150238514 0.001625510 -0.003979248 0 0 0 0 0
1489656834.175181866 0.002324188 -0.005091948 0 0 0 0 0
1489656834.200106859 0.003678900 -0.006934024 0 0 0 0 0
1489656834.225170135 0.005097228 -0.008708768 0 0 0 0 0
1489656834.225188732 0.006647004 -0.010460694 0 0 0 0 0
1489656834.250202894 0.008531274 -0.012464581 0 0 0 0 0
1489656834.275217295 0.010482599 -0.014418903 0 0 0 0 0
1489656834.275241852 0.012748281 -0.016546980 0 0 0 0 0
1489656834.300211906 0.015334702 -0.018867899 0 0 0 0 0
1489656834.325168371 0.018288055 -0.021334203 0 0 0 0 0
1489656834.350192547 0.021543549 -0.023955416 0 0 0 0 0
1489656834.375273943 0.025059674 -0.026706781 0 0 0 0 0
1489656834.375296116 0.028798824 -0.029608620 0 0 0 0 0
1489656834.400184393 0.032979056 -0.032755837 0 0 0 0 0
1489656834.425234795 0.037255727 -0.036167827 0 0 0 0 0
1489656834.450240850 0.041540772 -0.039730277 0 0 0 0 0
1489656834.475271702 0.046134219 -0.043981161 0 0 0 0 0
1489656834.475295544 0.050197292 -0.047893431 0 0 0 0 0
1489656834.500142813 0.054308780 -0.051973637 0 0 0 0 0
1489656834.525180101 0.058445465 -0.056208938 0 0 0 0 0
1489656834.550131321 0.062470630 -0.060413666 0 0 0 0 0
1489656834.575176954 0.066450819 -0.064507328 0 0 0 0 0
1489656834.575194597 0.070459910 -0.068490237 0 0 0 0 0
1489656834.600273371 0.074392244 -0.072358988 0 0 0 0 0
1489656834.625257015 0.078189932 -0.076109126 0 0 0 0 0
1489656834.650240898 0.081898727 -0.079787709 0 0 0 0 0
1489656834.675157547 0.085589878 -0.083319910 0 0 0 0 0
1489656834.675173998 0.089332335 -0.086773805 0 0 0 0 0
1489656834.725121260 0.093001544 -0.090162858 0 0 0 0 0
1489656834.725142717 0.098114111 -0.094729722 0 0 0 0 0
1489656834.750123501 0.102069475 -0.098112226 0 0 0 0 0
1489656834.775126696 0.105171509 -0.100621350 0 0 0 0 0
1489656834.775136709 0.108409733 -0.103239439 0 0 0 0 0
1489656834.800173521 0.111748807 -0.106039539 0 0 0 0 0
1489656834.825096607 0.115183152 -0.108957671 0 0 0 0 0
1489656834.850244045 0.118670315 -0.111843042 0 0 0 0 0
1489656834.875108957 0.122094393 -0.114731602 0 0 0 0 0
1489656834.875128031 0.125536308 -0.117643096 0 0 0 0 0
1489656834.900107861 0.128957734 -0.120607346 0 0 0 0 0
1489656834.925118446 0.132398546 -0.123583570 0 0 0 0 0
1489656834.950119257 0.135903910 -0.126651078 0 0 0 0 0
1489656834.975188732 0.139384553 -0.129722148 0 0 0 0 0
1489656835.000416994 0.142728165 -0.132757619 0 0 0 0 0
1489656835.000436068 0.145947218 -0.135877386 0 0 0 0 0
1489656835.025343418 0.149169251 -0.139053196 0 0 0 0 0
1489656835.050225258 0.152403861 -0.142111510 0 0 0 0 0
1489656835.075224161 0.155662969 -0.144971356 0 0 0 0 0
1489656835.075250626 0.158828288 -0.147517890 0 0 0 0 0
1489656835.100170374 0.161885172 -0.149955526 0 0 0 0 0
1489656835.125197649 0.164839312 -0.152356029 0 0 0 0 0
1489656835.150207281 0.167625293 -0.154608145 0 0 0 0 0
1489656835.175316095 0.170221865 -0.156842440 0 0 0 0 0
1489656835.175336838 0.172558561 -0.158968166 0 0 0 0 0
1489656835.200165510 0.174729511 -0.160904154 0 0 0 0 0
1489656835.225196600 0.176786855 -0.162654132 0 0 0 0 0
1489656835.275185823 0.178671911 -0.164251372 0 0 0 0 0
1489656835.275212526 0.184003085 -0.168672904 0 0 0 0 0
1489656835.300148964 0.188378483 -0.172054693 0 0 0 0 0
1489656835.325177431 0.190653190 -0.173511192 0 0 0 0 0
1489656835.325200319 0.191430643 -0.173306629 0 0 0 0 0
1489656835.350177526 0.190906122 -0.171730876 0 0 0 0 0
1489656835.375189543 0.190706626 -0.170138001 0 0 0 0 0
1489656835.400322199 0.190830976 -0.168481350 0 0 0 0 0
1489656835.400341511 0.191324994 -0.166805372 0 0 0 0 0
1489656835.425195694 0.191925138 -0.165177479 0 0 0 0 0
1489656835.450189829 0.192688838 -0.163501203 0 0 0 0 0
1489656835.475188494 0.193654314 -0.161734328 0 0 0 0 0
1489656835.475205660 0.194676131 -0.159988731 0 0 0 0 0
1489656835.500265360 0.195979759 -0.158440515 0 0 0 0 0
1489656835.525152683 0.197484717 -0.157123417 0 0 0 0 0
1489656835.550139904 0.200406253 -0.156648189 0 0 0 0 0
1489656835.575201273 0.201667130 -0.155044705 0 0 0 0 0
1489656835.575225592 0.203044742 -0.153595105 0 0 0 0 0
1489656835.600138187 0.204639003 -0.152291924 0 0 0 0 0
1489656835.625126600 0.206369221 -0.151252478 0 0 0 0 0
1489656835.650158405 0.208090350 -0.150458902 0 0 0 0 0
1489656835.675018311 0.209618449 -0.149853051 0 0 0 0 0
1489656835.675027847 0.211322576 -0.149422631 0 0 0 0 0
1489656835.700198889 0.213408828 -0.149265915 0 0 0 0 0
1489656835.725182295 0.215865582 -0.149356335 0 0 0 0 0
1489656835.750327349 0.218282759 -0.149602458 0 0 0 0 0
1489656835.775141001 0.220510483 -0.149965733 0 0 0 0 0
1489656835.800067425 0.222589090 -0.150443539 0 0 0 0 0
1489656835.800076008 0.227863044 -0.153089806 0 0 0 0 0
1489656835.825096607 0.230925336 -0.154347748 0 0 0 0 0
1489656835.850115299 0.232018486 -0.154424414 0 0 0 0 0
1489656835.875104666 0.233206555 -0.154603124 0 0 0 0 0
1489656835.875116110 0.234592780 -0.154985800 0 0 0 0 0
1489656835.900310040 0.236295745 -0.155574158 0 0 0 0 0
1489656835.925201654 0.238115594 -0.156226352 0 0 0 0 0
1489656835.950231314 0.239869684 -0.156862199 0 0 0 0 0
1489656835.975216866 0.241589099 -0.157490343 0 0 0 0 0
1489656835.975235224 0.243403628 -0.158299938 0 0 0 0 0
1489656836.000219345 0.245346814 -0.159166947 0 0 0 0 0
1489656836.025143862 0.247192144 -0.159968495 0 0 0 0 0
1489656836.050124407 0.248939246 -0.160794318 0 0 0 0 0
1489656836.075159788 0.250599355 -0.161578298 0 0 0 0 0
1489656836.075176716 0.252216518 -0.162378192 0 0 0 0 0
1489656836.100184441 0.253797650 -0.163131595 0 0 0 0 0
1489656836.125060558 0.255186915 -0.163839206 0 0 0 0 0
1489656836.150202990 0.256427318 -0.164388433 0 0 0 0 0
1489656836.175234795 0.257681668 -0.164886057 0 0 0 0 0
1489656836.175265312 0.258841991 -0.165398747 0 0 0 0 0
1489656836.200201750 0.259867102 -0.165866464 0 0 0 0 0
1489656836.225182772 0.260796845 -0.166303530 0 0 0 0 0
1489656836.250234127 0.261754692 -0.166536182 0 0 0 0 0
1489656836.275278807 0.262698978 -0.166600540 0 0 0 0 0
1489656836.275298595 0.263507038 -0.166543961 0 0 0 0 0
1489656836.350183249 0.264255792 -0.166419372 0 0 0 0 0
1489656836.375253916 0.280347526 -0.175862730 0 0 0 0 0
1489656836.375276327 0.291109741 -0.181967527 0 0 0 0 0
1489656836.400218725 0.299223751 -0.186274126 0 0 0 0 0
1489656836.425156593 0.303302050 -0.187890500 0 0 0 0 0
1489656836.425173759 0.303878516 -0.187418565 0 0 0 0 0
1489656836.450188160 0.301688403 -0.185104430 0 0 0 0 0
1489656836.475256205 0.297334582 -0.181391537 0 0 0 0 0
1489656836.475277901 0.293063313 -0.177624598 0 0 0 0 0
1489656836.500241518 0.287362993 -0.172867432 0 0 0 0 0
1489656836.525194407 0.280508816 -0.167408109 0 0 0 0 0
1489656836.525222301 0.272895157 -0.161379784 0 0 0 0 0
1489656836.550220251 0.264918953 -0.155087799 0 0 0 0 0
1489656836.575244904 0.258740902 -0.149662584 0 0 0 0 0
1489656836.600211143 0.254121214 -0.145016164 0 0 0 0 0
1489656836.625190258 0.256107807 -0.143575594 0 0 0 0 0
1489656836.625208378 0.258025676 -0.141899318 0 0 0 0 0
1489656836.650216341 0.258240134 -0.139279798 0 0 0 0 0
1489656836.675239801 0.257147729 -0.135960534 0 0 0 0 0
1489656836.675261497 0.254924864 -0.132195175 0 0 0 0 0
1489656836.700155258 0.253792971 -0.128849804 0 0 0 0 0
1489656836.725200653 0.253777087 -0.125660747 0 0 0 0 0
1489656836.750145674 0.254648954 -0.122716598 0 0 0 0 0
1489656836.775277376 0.256358922 -0.120077386 0 0 0 0 0
1489656836.775301218 0.258759946 -0.117578447 0 0 0 0 0
1489656836.800215960 0.261836499 -0.115170226 0 0 0 0 0
1489656836.825199366 0.265406489 -0.113010459 0 0 0 0 0
1489656836.850185633 0.269365400 -0.111157350 0 0 0 0 0
1489656836.875272274 0.273801476 -0.109482057 0 0 0 0 0
1489656836.875290394 0.280771852 -0.108671427 0 0 0 0 0
1489656836.900140762 0.285371125 -0.107009761 0 0 0 0 0
1489656836.925172567 0.290184528 -0.105383635 0 0 0 0 0
1489656836.950214624 0.295326799 -0.104061030 0 0 0 0 0
1489656836.975252151 0.300440878 -0.102809012 0 0 0 0 0
1489656836.975274563 0.305505604 -0.101578906 0 0 0 0 0
1489656837.000252962 0.310522676 -0.100512490 0 0 0 0 0
1489656837.025110245 0.315256268 -0.099626571 0 0 0 0 0
1489656837.050156116 0.319829941 -0.098757923 0 0 0 0 0
1489656837.075301647 0.324169576 -0.097828217 0 0 0 0 0
1489656837.075325012 0.328205496 -0.096756883 0 0 0 0 0
1489656837.100196600 0.331990570 -0.095530480 0 0 0 0 0
1489656837.125177860 0.335603237 -0.094190866 0 0 0 0 0
1489656837.150125027 0.341162354 -0.093248077 0 0 0 0 0
1489656837.175248146 0.343581468 -0.091484785 0 0 0 0 0
1489656837.200224400 0.345951170 -0.089422919 0 0 0 0 0
1489656837.200243950 0.348241329 -0.087116659 0 0 0 0 0
1489656837.225249290 0.350345522 -0.084536232 0 0 0 0 0
1489656837.250312567 0.352241844 -0.081692949 0 0 0 0 0
1489656837.275172234 0.354103297 -0.078773387 0 0 0 0 0
1489656837.275192738 0.355959713 -0.075651623 0 0 0 0 0
1489656837.300132990 0.357766658 -0.072483368 0 0 0 0 0
1489656837.325128078 0.359614938 -0.069230020 0 0 0 0 0
1489656837.350112915 0.361374259 -0.065880112 0 0 0 0 0
1489656837.375162363 0.362986267 -0.062426697 0 0 0 0 0
1489656837.400211573 0.364543498 -0.058927689 0 0 0 0 0
1489656837.425079346 0.373298228 -0.056217201 0 0 0 0 0
1489656837.450184107 0.380386233 -0.053396329 0 0 0 0 0
1489656837.450201273 0.383597821 -0.050130829 0 0 0 0 0
1489656837.475133181 0.386011839 -0.046850778 0 0 0 0 0
1489656837.500157356 0.387764096 -0.043736771 0 0 0 0 0
1489656837.500170231 0.386372298 -0.040488519 0 0 0 0 0
1489656837.525075197 0.382517427 -0.037170883 0 0 0 0 0
1489656837.550141573 0.379534751 -0.034149542 0 0 0 0 0
1489656837.575202465 0.377319753 -0.031450741 0 0 0 0 0
1489656837.575223446 0.375804484 -0.028813284 0 0 0 0 0
1489656837.600131273 0.374669939 -0.026206918 0 0 0 0 0
1489656837.625127077 0.373745143 -0.023563163 0 0 0 0 0
1489656837.650134087 0.372989476 -0.020800482 0 0 0 0 0
1489656837.675172806 0.372692585 -0.018057756 0 0 0 0 0
1489656837.675195694 0.372740060 -0.015322288 0 0 0 0 0
1489656837.700178385 0.372859538 -0.012591342 0 0 0 0 0
1489656837.725125790 0.372740448 -0.009857734 0 0 0 0 0
1489656837.750202179 0.372489572 -0.006938645 0 0 0 0 0
1489656837.775195122 0.372479826 -0.003934585 0 0 0 0 0
1489656837.775212049 0.372621298 -0.001009830 0 0 0 0 0
1489656837.800121069 0.372283846 0.002000001 0 0 0 0 0
1489656837.825178146 0.371515870 0.005120306 0 0 0 0 0
1489656837.850098133 0.370799452 0.008328121 0 0 0 0 0
1489656837.875112057 0.369992495 0.011448388 0 0 0 0 0
1489656837.900217772 0.369035691 0.014563730 0 0 0 0 0
1489656837.900232792 0.367564678 0.017673556 0 0 0 0 0
1489656837.925167084 0.365684807 0.020848496 0 0 0 0 0
1489656837.950180531 0.368347585 0.024841579 0 0 0 0 0
1489656837.975109577 0.367624760 0.028605765 0 0 0 0 0
1489656837.975126028 0.364027917 0.032166503 0 0 0 0 0
1489656838.000128508 0.360342354 0.035951532 0 0 0 0 0
1489656838.025239706 0.356686950 0.040044829 0 0 0 0 0
1489656838.050095797 0.353189409 0.044440642 0 0 0 0 0
1489656838.075115681 0.349799871 0.048820987 0 0 0 0 0
1489656838.075129986 0.346520483 0.053267650 0 0 0 0 0
1489656838.100160360 0.343388468 0.057538573 0 0 0 0 0
1489656838.125303268 0.340608478 0.061683536 0 0 0 0 0
1489656838.150303602 0.338187248 0.065586448 0 0 0 0 0
1489656838.175114393 0.336131841 0.069192611 0 0 0 0 0
1489656838.175128222 0.334377974 0.072580509 0 0 0 0 0
1489656838.200133324 0.332741231 0.075741954 0 0 0 0 0
1489656838.225106478 0.333484888 0.079173319 0 0 0 0 0
1489656838.250070572 0.333763510 0.082267471 0 0 0 0 0
1489656838.275231123 0.331551939 0.084488504 0 0 0 0 0
1489656838.275250196 0.329684854 0.086673900 0 0 0 0 0
1489656838.300127983 0.327885121 0.088714682 0 0 0 0 0
1489656838.325128317 0.326242238 0.090520471 0 0 0 0 0
1489656838.350074053 0.324578673 0.091909334 0 0 0 0 0
1489656838.375115871 0.322993308 0.092951410 0 0 0 0 0
1489656838.375142813 0.321522474 0.093586914 0 0 0 0 0
1489656838.400199413 0.319892883 0.093925245 0 0 0 0 0
1489656838.425223827 0.318126619 0.094184928 0 0 0 0 0
1489656838.450317860 0.316318214 0.094243027 0 0 0 0 0
1489656838.475242138 0.314308912 0.094372526 0 0 0 0 0
1489656838.500069380 0.319960088 0.096897967 0 0 0 0 0
1489656838.525206327 0.321743518 0.098467298 0 0 0 0 0
1489656838.525222063 0.320377231 0.099317938 0 0 0 0 0
1489656838.550109863 0.316489041 0.099628575 0 0 0 0 0
1489656838.575130701 0.312668413 0.100174382 0 0 0 0 0
1489656838.575141430 0.306801856 0.100307651 0 0 0 0 0
1489656838.600180864 0.301534683 0.100756109 0 0 0 0 0
1489656838.625129938 0.296863377 0.101547018 0 0 0 0 0
1489656838.650256157 0.292500705 0.102779903 0 0 0 0 0
1489656838.675167084 0.288566083 0.104377188 0 0 0 0 0
1489656838.675186872 0.284977853 0.106362320 0 0 0 0 0
1489656838.700152636 0.281561643 0.108656310 0 0 0 0 0
1489656838.725127697 0.278669059 0.111375205 0 0 0 0 0
1489656838.750161886 0.276051581 0.114337750 0 0 0 0 0
1489656838.775177240 0.273444980 0.117618464 0 0 0 0 0
1489656838.775199175 0.271075398 0.121051699 0 0 0 0 0
1489656838.800212383 0.268876106 0.124740131 0 0 0 0 0
1489656838.825098515 0.266754776 0.128558338 0 0 0 0 0
1489656838.850233555 0.264741719 0.132710606 0 0 0 0 0
1489656838.875164270 0.262695462 0.137150392 0 0 0 0 0
1489656838.875179291 0.260558456 0.141787648 0 0 0 0 0
1489656838.900221586 0.258295298 0.146341652 0 0 0 0 0
1489656838.925217152 0.256039739 0.150863364 0 0 0 0 0
1489656838.950171471 0.253768682 0.155548632 0 0 0 0 0
1489656838.975152969 0.251369745 0.160456404 0 0 0 0 0
1489656838.975164652 0.249050811 0.165070966 0 0 0 0 0
1489656839.025244236 0.246540442 0.169665158 0 0 0 0 0
1489656839.025272131 0.246828303 0.176517516 0 0 0 0 0
1489656839.050283670 0.244696647 0.181512952 0 0 0 0 0
1489656839.075295925 0.240746886 0.184967861 0 0 0 0 0
1489656839.101302147 0.236852840 0.188730583 0 0 0 0 0
1489656839.101322651 0.232947975 0.192313567 0 0 0 0 0
1489656839.125224352 0.229138359 0.195742577 0 0 0 0 0
1489656839.150190592 0.225220665 0.198617607 0 0 0 0 0
1489656839.175199270 0.221631169 0.201595724 0 0 0 0 0
1489656839.175214767 0.218311623 0.204444498 0 0 0 0 0
1489656839.200156450 0.215396509 0.207087770 0 0 0 0 0
1489656839.225216389 0.212908372 0.209500596 0 0 0 0 0
1489656839.250230074 0.210805476 0.211741462 0 0 0 0 0
1489656839.275241375 0.208923176 0.213838845 0 0 0 0 0
1489656839.275271654 0.207298115 0.215852514 0 0 0 0 0
1489656839.300250292 0.205930859 0.217764124 0 0 0 0 0
1489656839.325196743 0.204786807 0.219726175 0 0 0 0 0
1489656839.350266457 0.203924313 0.221835613 0 0 0 0 0
1489656839.375288486 0.203424633 0.223998353 0 0 0 0 0
1489656839.375311613 0.203135431 0.226083994 0 0 0 0 0
1489656839.400146961 0.202946544 0.228315622 0 0 0 0 0
1489656839.425212145 0.203270569 0.230446145 0 0 0 0 0
1489656839.450094938 0.203468040 0.232679203 0 0 0 0 0
1489656839.475215673 0.204159200 0.234809592 0 0 0 0 0
1489656839.475233555 0.205077171 0.237040415 0 0 0 0 0
1489656839.500104427 0.205869853 0.239213213 0 0 0 0 0
1489656839.575121641 0.206493556 0.241636455 0 0 0 0 0
1489656839.600356102 0.221980438 0.261153221 0 0 0 0 0
1489656839.600374937 0.232653737 0.275373340 0 0 0 0 0
1489656839.625182152 0.239035174 0.285162568 0 0 0 0 0
1489656839.650205135 0.241732404 0.291157216 0 0 0 0 0
1489656839.650220394 0.241694316 0.294171453 0 0 0 0 0
1489656839.675273657 0.240969509 0.296480596 0 0 0 0 0
1489656839.700120926 0.238119349 0.296437532 0 0 0 0 0
1489656839.700132608 0.233537391 0.294561177 0 0 0 0 0
1489656839.725211620 0.229169652 0.293219179 0 0 0 0 0
1489656839.725228548 0.223750055 0.290345013 0 0 0 0 0
1489656839.750208378 0.217394769 0.286505550 0 0 0 0 0
1489656839.775197983 0.210859939 0.282100856 0 0 0 0 0
1489656839.775219202 0.204044595 0.277524650 0 0 0 0 0
1489656839.800179720 0.198857233 0.275010884 0 0 0 0 0
1489656839.825189590 0.194808692 0.274043620 0 0 0 0 0
1489656839.850213289 0.191851407 0.274379402 0 0 0 0 0
1489656839.875192881 0.189815760 0.276098281 0 0 0 0 0
1489656839.875206470 0.188904762 0.278801978 0 0 0 0 0
1489656839.900083303 0.188469961 0.282218307 0 0 0 0 0
1489656839.925183773 0.188740030 0.286195070 0 0 0 0 0
1489656839.950233936 0.189475775 0.290582508 0 0 0 0 0
1489656839.975178242 0.190515250 0.295394778 0 0 0 0 0
1489656839.975206137 0.191722006 0.300072342 0 0 0 0 0
1489656840.000215530 0.192891866 0.304737329 0 0 0 0 0
1489656840.025182247 0.193944171 0.309302449 0 0 0 0 0
1489656840.050230026 0.195094213 0.313971728 0 0 0 0 0
1489656840.075251102 0.196101606 0.318585187 0 0 0 0 0
1489656840.100183010 0.196994662 0.322975218 0 0 0 0 0
1489656840.125170708 0.200406805 0.331333280 0 0 0 0 0
1489656840.125184774 0.201572284 0.336216450 0 0 0 0 0
1489656840.150182247 0.201018155 0.338262051 0 0 0 0 0
1489656840.175180674 0.200264439 0.340185672 0 0 0 0 0
1489656840.175196171 0.199215367 0.341999829 0 0 0 0 0
1489656840.200176716 0.198051825 0.343833953 0 0 0 0 0
1489656840.225172281 0.196767032 0.345504701 0 0 0 0 0
1489656840.250202179 0.195221245 0.347029716 0 0 0 0 0
1489656840.275178432 0.193389788 0.348496139 0 0 0 0 0
1489656840.275193691 0.191347003 0.349929690 0 0 0 0 0
1489656840.300174713 0.189129427 0.351336688 0 0 0 0 0
1489656840.325201273 0.186935917 0.352725983 0 0 0 0 0
1489656840.350136280 0.184437811 0.354003638 0 0 0 0 0
1489656840.375185013 0.182785645 0.357422918 0 0 0 0 0
1489656840.375206232 0.179276094 0.357783109 0 0 0 0 0
1489656840.400172710 0.176043451 0.358634114 0 0 0 0 0
1489656840.425180197 0.173316807 0.360220164 0 0 0 0 0
1489656840.450176954 0.170563489 0.361621320 0 0 0 0 0
1489656840.475178003 0.167551458 0.362563610 0 0 0 0 0
1489656840.475202322 0.164185077 0.363567173 0 0 0 0 0
1489656840.500193357 0.160812527 0.364879817 0 0 0 0 0
1489656840.525115252 0.157502681 0.366258830 0 0 0 0 0
1489656840.550155878 0.154118210 0.367349356 0 0 0 0 0
1489656840.575160027 0.150583968 0.368440837 0 0 0 0 0
1489656840.575176954 0.147213414 0.369766563 0 0 0 0 0
1489656840.625148058 0.144112661 0.371262133 0 0 0 0 0
1489656840.650182724 0.143945932 0.379725724 0 0 0 0 0
1489656840.650203705 0.143505260 0.386449546 0 0 0 0 0
1489656840.675189018 0.142867878 0.391922683 0 0 0 0 0
1489656840.700200081 0.141090468 0.393842638 0 0 0 0 0
1489656840.700219154 0.138285235 0.392639637 0 0 0 0 0
1489656840.725165844 0.134745196 0.388864994 0 0 0 0 0
1489656840.750208616 0.131422132 0.385665208 0 0 0 0 0
1489656840.775177717 0.128637567 0.383178532 0 0 0 0 0
1489656840.775199413 0.126129806 0.381405145 0 0 0 0 0
1489656840.800161839 0.123819530 0.380003303 0 0 0 0 0
1489656840.825208902 0.121667646 0.378856152 0 0 0 0 0
1489656840.850107908 0.119980648 0.378121048 0 0 0 0 0
1489656840.875172615 0.118350685 0.377965719 0 0 0 0 0
1489656840.900158644 0.116876766 0.377987534 0 0 0 0 0
1489656840.900178909 0.115525275 0.377855062 0 0 0 0 0
1489656840.925230503 0.114347413 0.377609372 0 0 0 0 0
1489656840.950346708 0.113267340 0.377456099 0 0 0 0 0
1489656840.975353241 0.112380221 0.377491772 0 0 0 0 0
1489656840.975388527 0.111520171 0.377477795 0 0 0 0 0
1489656841.000089884 0.110418081 0.377438843 0 0 0 0 0
1489656841.025209665 0.109340951 0.377414912 0 0 0 0 0
1489656841.050174475 0.108328491 0.377354920 0 0 0 0 0
1489656841.075091362 0.107053146 0.377075374 0 0 0 0 0
1489656841.075110435 0.105789088 0.376628160 0 0 0 0 0
1489656841.100235462 0.104465641 0.376232177 0 0 0 0 0
1489656841.125179052 0.103208877 0.375834823 0 0 0 0 0
1489656841.150283098 0.101993836 0.375250995 0 0 0 0 0
1489656841.175180435 0.102154009 0.379102677 0 0 0 0 0
1489656841.200243711 0.101418175 0.379402250 0 0 0 0 0
1489656841.200268030 0.100531176 0.379266202 0 0 0 0 0
1489656841.225105047 0.099036448 0.376122057 0 0 0 0 0
1489656841.250155687 0.097623341 0.372902691 0 0 0 0 0
1489656841.275141239 0.096341014 0.369659126 0 0 0 0 0
1489656841.275156021 0.095105879 0.366507947 0 0 0 0 0
1489656841.300147057 0.093850046 0.363460630 0 0 0 0 0
1489656841.325103998 0.092663497 0.360518485 0 0 0 0 0
1489656841.350220919 0.091351725 0.357672840 0 0 0 0 0
1489656841.375079870 0.089909554 0.354763478 0 0 0 0 0
1489656841.375088453 0.088394947 0.351940125 0 0 0 0 0
1489656841.425414085 0.086836174 0.349312335 0 0 0 0 0
1489656841.425433636 0.085404515 0.346598834 0 0 0 0 0
1489656841.450260639 0.083815135 0.343841523 0 0 0 0 0
1489656841.475198746 0.082058765 0.341179103 0 0 0 0 0
1489656841.475220680 0.080128014 0.338634431 0 0 0 0 0
1489656841.500184059 0.078054309 0.336174458 0 0 0 0 0
1489656841.525307417 0.075991675 0.333731860 0 0 0 0 0
1489656841.550174952 0.073809229 0.331464916 0 0 0 0 0
1489656841.575203657 0.071577765 0.329443306 0 0 0 0 0
1489656841.575223923 0.069380753 0.327613264 0 0 0 0 0
1489656841.600226402 0.067170858 0.325987041 0 0 0 0 0
1489656841.625136852 0.064938709 0.324567348 0 0 0 0 0
1489656841.650190830 0.062607564 0.323243678 0 0 0 0 0
1489656841.675158501 0.060031902 0.322307855 0 0 0 0 0
1489656841.700168371 0.057199437 0.321865320 0 0 0 0 0
1489656841.725210428 0.055468619 0.330617458 0 0 0 0 0
1489656841.750177860 0.052965835 0.335368663 0 0 0 0 0
1489656841.750194550 0.049939655 0.336849123 0 0 0 0 0
1489656841.775219440 0.046448097 0.335695714 0 0 0 0 0
1489656841.775238514 0.042772017 0.334779590 0 0 0 0 0
1489656841.800191641 0.038869850 0.331809521 0 0 0 0 0
1489656841.825095415 0.035024889 0.329513818 0 0 0 0 0
1489656841.850180387 0.030929642 0.328028530 0 0 0 0 0
1489656841.875192404 0.026756246 0.327276379 0 0 0 0 0
1489656841.875207424 0.022734102 0.327026814 0 0 0 0 0
1489656841.900220633 0.018463066 0.327351898 0 0 0 0 0
1489656841.925263405 0.014348638 0.328200787 0 0 0 0 0
1489656841.950287819 0.009965652 0.329557568 0 0 0 0 0
1489656841.975268126 0.005708945 0.331326395 0 0 0 0 0
1489656841.975291967 0.001067928 0.335952669 0 0 0 0 0
1489656842.000176191 -0.003432037 0.337744951 0 0 0 0 0
1489656842.025187969 -0.008198720 0.339739531 0 0 0 0 0
1489656842.050189257 -0.012845320 0.341750979 0 0 0 0 0
1489656842.075187206 -0.017148107 0.343600661 0 0 0 0 0
1489656842.075211525 -0.021718582 0.345465690 0 0 0 0 0
1489656842.100187302 -0.026441401 0.347281456 0 0 0 0 0
1489656842.125138283 -0.031262636 0.348969489 0 0 0 0 0
1489656842.150087118 -0.036148995 0.350416034 0 0 0 0 0
1489656842.175117254 -0.040855378 0.351566970 0 0 0 0 0
1489656842.200120449 -0.045345075 0.352399617 0 0 0 0 0
1489656842.200129747 -0.049771123 0.352813900 0 0 0 0 0
1489656842.250224113 -0.054261182 0.352905482 0 0 0 0 0
1489656842.250250578 -0.059332091 0.356868267 0 0 0 0 0
1489656842.275123835 -0.063632853 0.357360303 0 0 0 0 0
1489656842.300081968 -0.067451201 0.354983658 0 0 0 0 0
1489656842.300091505 -0.071386553 0.352422059 0 0 0 0 0
1489656842.325376987 -0.075287342 0.349512845 0 0 0 0 0
1489656842.350139380 -0.079056792 0.346441925 0 0 0 0 0
1489656842.375201941 -0.082832567 0.343158424 0 0 0 0 0
1489656842.375223398 -0.086766683 0.339524955 0 0 0 0 0
1489656842.400052786 -0.090949126 0.335710049 0 0 0 0 0
1489656842.425121069 -0.095130749 0.332003027 0 0 0 0 0
1489656842.450125933 -0.099204220 0.328373283 0 0 0 0 0
1489656842.475136518 -0.103303172 0.324656993 0 0 0 0 0
1489656842.500167847 -0.107346661 0.320902079 0 0 0 0 0
1489656842.500196457 -0.111397833 0.317239583 0 0 0 0 0
1489656842.525218010 -0.115469955 0.313690394 0 0 0 0 0
1489656842.550230503 -0.119491652 0.310044646 0 0 0 0 0
1489656842.575171232 -0.123303048 0.306518406 0 0 0 0 0
1489656842.575182199 -0.126954153 0.303180486 0 0 0 0 0
1489656842.600072861 -0.130653918 0.299834430 0 0 0 0 0
1489656842.625261068 -0.133963645 0.296400636 0 0 0 0 0
1489656842.650085926 -0.137317836 0.293116629 0 0 0 0 0
1489656842.675161600 -0.140538320 0.289903402 0 0 0 0 0
1489656842.675175667 -0.143722415 0.286813140 0 0 0 0 0
1489656842.700171471 -0.146873876 0.283967376 0 0 0 0 0
1489656842.725145340 -0.149896681 0.281371772 0 0 0 0 0
1489656842.800234795 -0.152954668 0.279038936 0 0 0 0 0
1489656842.800255537 -0.166095808 0.294132292 0 0 0 0 0
1489656842.825177193 -0.176057279 0.303675890 0 0 0 0 0
1489656842.850154877 -0.183325887 0.308467209 0 0 0 0 0
1489656842.875215530 -0.189613685 0.311600894 0 0 0 0 0
1489656842.875239611 -0.193751395 0.311477721 0 0 0 0 0
1489656842.900262833 -0.197440505 0.310520768 0 0 0 0 0
1489656842.900280952 -0.200529754 0.309093863 0 0 0 0 0
1489656842.925169706 -0.201977924 0.305184603 0 0 0 0 0
1489656842.950182199 -0.202050775 0.299342841 0 0 0 0 0
1489656842.950198174 -0.201244399 0.292053729 0 0 0 0 0
1489656842.975191832 -0.201168999 0.285705030 0 0 0 0 0
1489656843.000223637 -0.200368896 0.278351873 0 0 0 0 0
1489656843.000248194 -0.199022368 0.270224422 0 0 0 0 0
1489656843.025104284 -0.197331429 0.261916906 0 0 0 0 0
1489656843.050254583 -0.196789309 0.255388051 0 0 0 0 0
1489656843.075187683 -0.198564872 0.252148807 0 0 0 0 0
1489656843.075206280 -0.199456319 0.247893915 0 0 0 0 0
1489656843.100206137 -0.201263949 0.244939670 0 0 0 0 0
1489656843.125194311 -0.203525349 0.242856592 0 0 0 0 0
1489656843.150183678 -0.206381053 0.241374657 0 0 0 0 0
1489656843.175147533 -0.209718078 0.240246475 0 0 0 0 0
1489656843.175172567 -0.213460714 0.239312917 0 0 0 0 0
1489656843.200216770 -0.217635468 0.238477811 0 0 0 0 0
1489656843.225162983 -0.221992716 0.237580657 0 0 0 0 0
1489656843.250183344 -0.226406306 0.236145690 0 0 0 0 0
1489656843.275209665 -0.230821863 0.234553412 0 0 0 0 0
1489656843.275233507 -0.235193118 0.232260197 0 0 0 0 0
1489656843.325181484 -0.239823669 0.229646504 0 0 0 0 0
1489656843.325202465 -0.247542098 0.229127392 0 0 0 0 0
1489656843.350145578 -0.253008187 0.225733593 0 0 0 0 0
1489656843.375214338 -0.256355196 0.220715925 0 0 0 0 0
1489656843.375234365 -0.259911686 0.215152591 0 0 0 0 0
1489656843.400144577 -0.263610572 0.209613591 0 0 0 0 0
1489656843.425095558 -0.267407209 0.203995302 0 0 0 0 0
1489656843.450226545 -0.271314293 0.198599711 0 0 0 0 0
1489656843.475247860 -0.275241554 0.193552434 0 0 0 0 0
1489656843.475259066 -0.279344231 0.188770637 0 0 0 0 0
1489656843.500248909 -0.283551425 0.184356749 0 0 0 0 0
1489656843.525131226 -0.287770182 0.180485800 0 0 0 0 0
1489656843.550192833 -0.292154044 0.176979288 0 0 0 0 0
1489656843.575165749 -0.296676576 0.173819020 0 0 0 0 0
1489656843.600141764 -0.303367019 0.172251433 0 0 0 0 0
1489656843.600156069 -0.307583630 0.169743314 0 0 0 0 0
1489656843.625102520 -0.312000424 0.167549387 0 0 0 0 0
1489656843.650167704 -0.316482931 0.165695965 0 0 0 0 0
1489656843.675145864 -0.321080357 0.164180204 0 0 0 0 0
1489656843.675165176 -0.325982809 0.162858054 0 0 0 0 0
1489656843.700299978 -0.331018388 0.161853984 0 0 0 0 0
1489656843.725102663 -0.336038053 0.160978526 0 0 0 0 0
1489656843.750102758 -0.341003001 0.160385117 0 0 0 0 0
1489656843.775167465 -0.345458895 0.159661248 0 0 0 0 0
1489656843.775185585 -0.349920273 0.159058213 0 0 0 0 0
1489656843.825186014 -0.354586810 0.158675402 0 0 0 0 0
1489656843.850195885 -0.359288275 0.158274606 0 0 0 0 0
1489656843.850214720 -0.371496409 0.161083788 0 0 0 0 0
1489656843.875110865 -0.382143587 0.162873983 0 0 0 0 0
1489656843.900207996 -0.388921082 0.162865981 0 0 0 0 0
1489656843.900223255 -0.392383248 0.161356851 0 0 0 0 0
1489656843.925143003 -0.393194199 0.158579081 0 0 0 0 0
1489656843.950150967 -0.394491762 0.155849025 0 0 0 0 0
1489656843.975176811 -0.396311849 0.153035879 0 0 0 0 0
1489656843.975191593 -0.398660332 0.150419369 0 0 0 0 0
1489656844.000156879 -0.401387215 0.147694260 0 0 0 0 0
1489656844.025146246 -0.404201776 0.144906148 0 0 0 0 0
1489656844.050132036 -0.407219440 0.142175257 0 0 0 0 0
1489656844.075110197 -0.410433680 0.139340788 0 0 0 0 0
1489656844.075128555 -0.413597167 0.136406466 0 0 0 0 0
1489656844.100201130 -0.416677594 0.133404344 0 0 0 0 0
1489656844.125115633 -0.422588915 0.131097183 0 0 0 0 0
1489656844.150205135 -0.425145328 0.127751082 0 0 0 0 0
1489656844.175129652 -0.427735031 0.124156050 0 0 0 0 0
1489656844.200087070 -0.430266231 0.120425850 0 0 0 0 0
1489656844.200104475 -0.432715088 0.116436340 0 0 0 0 0
1489656844.225158930 -0.435266674 0.112286039 0 0 0 0 0
1489656844.250180721 -0.437722594 0.107905239 0 0 0 0 0
1489656844.275205374 -0.440047592 0.103313789 0 0 0 0 0
1489656844.300274611 -0.441992849 0.098489068 0 0 0 0 0
1489656844.300303698 -0.443735361 0.093846954 0 0 0 0 0
1489656844.325162411 -0.445648134 0.089091040 0 0 0 0 0
1489656844.350159645 -0.447632104 0.084095702 0 0 0 0 0
1489656844.375131369 -0.449267358 0.079009242 0 0 0 0 0
1489656844.400128841 -0.456371456 0.074489981 0 0 0 0 0
1489656844.425483704 -0.459258854 0.069440037 0 0 0 0 0
1489656844.425514221 -0.461723983 0.064279057 0 0 0 0 0
1489656844.450091839 -0.460727602 0.058834940 0 0 0 0 0
1489656844.475146770 -0.459837288 0.053336907 0 0 0 0 0
1489656844.475159407 -0.459324062 0.047948439 0 0 0 0 0
1489656844.500152826 -0.459332228 0.042776477 0 0 0 0 0
1489656844.525135994 -0.459564924 0.037675958 0 0 0 0 0
1489656844.550104380 -0.459918648 0.032984052 0 0 0 0 0
1489656844.575155258 -0.460394442 0.028478852 0 0 0 0 0
1489656844.575167418 -0.461075783 0.024336219 0 0 0 0 0
1489656844.600178242 -0.461692780 0.020320522 0 0 0 0 0
1489656844.625131130 -0.462429285 0.016377414 0 0 0 0 0
1489656844.650054932 -0.463094980 0.012476712 0 0 0 0 0
1489656844.675128222 -0.466734946 0.008389384 0 0 0 0 0
1489656844.675141335 -0.466627359 0.004291964 0 0 0 0 0
1489656844.700194597 -0.466433197 0.000006354 0 0 0 0 0
1489656844.725203037 -0.466190070 -0.004447594 0 0 0 0 0
1489656844.750147581 -0.465820819 -0.009057116 0 0 0 0 0
1489656844.775159359 -0.465442330 -0.013646717 0 0 0 0 0
1489656844.775175333 -0.465015441 -0.018314797 0 0 0 0 0
1489656844.800198078 -0.464479029 -0.022914669 0 0 0 0 0
1489656844.825146675 -0.463831782 -0.027485274 0 0 0 0 0
1489656844.850127697 -0.463080227 -0.031979293 0 0 0 0 0
1489656844.875225544 -0.462403119 -0.036287725 0 0 0 0 0
1489656844.900119543 -0.461725891 -0.040586721 0 0 0 0 0
1489656844.925173521 -0.461077034 -0.044859875 0 0 0 0 0
1489656844.950057507 -0.469519556 -0.049691223 0 0 0 0 0
1489656844.950067282 -0.476217687 -0.054283034 0 0 0 0 0
1489656844.975150108 -0.478377253 -0.057978969 0 0 0 0 0
1489656845.000165462 -0.476781070 -0.061252505 0 0 0 0 0
1489656845.000183821 -0.471930265 -0.064049207 0 0 0 0 0
1489656845.025314808 -0.467603624 -0.066351391 0 0 0 0 0
1489656845.050330400 -0.464180529 -0.068945087 0 0 0 0 0
1489656845.075304985 -0.461679935 -0.071676388 0 0 0 0 0
1489656845.075341702 -0.459462076 -0.074706256 0 0 0 0 0
1489656845.100179434 -0.457584113 -0.077828705 0 0 0 0 0
1489656845.125143528 -0.456036389 -0.081098698 0 0 0 0 0
1489656845.150099277 -0.454604656 -0.084196314 0 0 0 0 0
1489656845.175148726 -0.453220576 -0.087365054 0 0 0 0 0
1489656845.200144529 -0.451697439 -0.090670198 0 0 0 0 0
1489656845.200162649 -0.453243196 -0.094941787 0 0 0 0 0
1489656845.225085735 -0.451179594 -0.098677158 0 0 0 0 0
1489656845.250283003 -0.449173123 -0.102524936 0 0 0 0 0
1489656845.275211811 -0.447078258 -0.106470995 0 0 0 0 0
1489656845.275234222 -0.444943279 -0.110693619 0 0 0 0 0
1489656845.300164461 -0.442855060 -0.115189366 0 0 0 0 0
1489656845.325126886 -0.440823555 -0.119844154 0 0 0 0 0
1489656845.350155115 -0.438750178 -0.124672227 0 0 0 0 0
1489656845.375172138 -0.436389387 -0.129487470 0 0 0 0 0
1489656845.375195026 -0.433597147 -0.134296939 0 0 0 0 0
1489656845.400162697 -0.430607468 -0.138833508 0 0 0 0 0
1489656845.425122976 -0.427268714 -0.143080950 0 0 0 0 0
1489656845.450158358 -0.423874617 -0.147577778 0 0 0 0 0
1489656845.475216866 -0.426017046 -0.154643267 0 0 0 0 0
1489656845.500199795 -0.424244732 -0.160354391 0 0 0 0 0
1489656845.500224590 -0.421860993 -0.165879458 0 0 0 0 0
1489656845.525113106 -0.416363418 -0.170021683 0 0 0 0 0
1489656845.550202131 -0.411146641 -0.174513802 0 0 0 0 0
1489656845.575202465 -0.406147212 -0.179032177 0 0 0 0 0
1489656845.600212574 -0.401282310 -0.183537111 0 0 0 0 0
1489656845.600241899 -0.396562755 -0.188214615 0 0 0 0 0
1489656845.625215054 -0.392038196 -0.193124190 0 0 0 0 0
1489656845.650220156 -0.387771487 -0.198049456 0 0 0 0 0
1489656845.675147295 -0.383625388 -0.202850550 0 0 0 0 0
1489656845.700226784 -0.379749060 -0.207699671 0 0 0 0 0
1489656845.725203514 -0.375992358 -0.212590754 0 0 0 0 0
1489656845.725230932 -0.376956999 -0.220403269 0 0 0 0 0
1489656845.750297308 -0.374465466 -0.225806087 0 0 0 0 0
1489656845.775151014 -0.369206607 -0.229415804 0 0 0 0 0
1489656845.775172234 -0.364243269 -0.232718796 0 0 0 0 0
1489656845.800121307 -0.359568596 -0.235926703 0 0 0 0 0
1489656845.825213194 -0.355139017 -0.239059851 0 0 0 0 0
1489656845.850157499 -0.350829273 -0.241984665 0 0 0 0 0
1489656845.875164270 -0.346723914 -0.244654194 0 0 0 0 0
1489656845.875178576 -0.342755586 -0.246967077 0 0 0 0 0
1489656845.900163889 -0.339089125 -0.249089107 0 0 0 0 0
1489656845.925236225 -0.335722446 -0.251109630 0 0 0 0 0
1489656845.950158834 -0.332400262 -0.252882510 0 0 0 0 0
1489656846.025146961 -0.328891635 -0.254508168 0 0 0 0 0
1489656846.025160313 -0.344547719 -0.271429032 0 0 0 0 0
1489656846.050172091 -0.355716884 -0.284798980 0 0 0 0 0
1489656846.075202465 -0.362857968 -0.295429766 0 0 0 0 0
1489656846.075226068 -0.364713222 -0.302080065 0 0 0 0 0
1489656846.100144386 -0.362333298 -0.305455178 0 0 0 0 0
1489656846.125208139 -0.358525962 -0.307655901 0 0 0 0 0
1489656846.125230551 -0.351570249 -0.307225764 0 0 0 0 0
1489656846.150259018 -0.342211306 -0.304672480 0 0 0 0 0
1489656846.175148249 -0.331113130 -0.300595909 0 0 0 0 0
1489656846.175169945 -0.320726991 -0.297453046 0 0 0 0 0
1489656846.200245619 -0.309239089 -0.293136358 0 0 0 0 0
1489656846.225148201 -0.297025204 -0.287932277 0 0 0 0 0
1489656846.225166082 -0.284628898 -0.282197177 0 0 0 0 0
1489656846.250140905 -0.274148762 -0.277894467 0 0 0 0 0
1489656846.275200129 -0.263686955 -0.273389697 0 0 0 0 0
1489656846.300173044 -0.256789237 -0.272840917 0 0 0 0 0
1489656846.300204515 -0.249221042 -0.271533877 0 0 0 0 0
1489656846.325196266 -0.242940947 -0.271524966 0 0 0 0 0
1489656846.350163937 -0.237847015 -0.272609711 0 0 0 0 0
1489656846.375134706 -0.233784169 -0.274545312 0 0 0 0 0
1489656846.375155687 -0.230567962 -0.277065396 0 0 0 0 0
1489656846.400145292 -0.228041634 -0.280087441 0 0 0 0 0
1489656846.425188065 -0.226215750 -0.283463985 0 0 0 0 0
1489656846.450289011 -0.224785522 -0.286914676 0 0 0 0 0
1489656846.575104475 -0.223624676 -0.290420383 0 0 0 0 0
1489656846.600154161 -0.256374925 -0.340234727 0 0 0 0 0
1489656846.600167274 -0.281072378 -0.380290389 0 0 0 0 0
1489656846.625273466 -0.297318339 -0.409240127 0 0 0 0 0
1489656846.650116920 -0.306266814 -0.428876013 0 0 0 0 0
1489656846.650130510 -0.309135556 -0.440542966 0 0 0 0 0
1489656846.675176859 -0.307013392 -0.445409834 0 0 0 0 0
1489656846.700129747 -0.301011056 -0.444886535 0 0 0 0 0
1489656846.700141430 -0.293586254 -0.442689091 0 0 0 0 0
1489656846.725241661 -0.283565909 -0.436985105 0 0 0 0 0
1489656846.750105619 -0.271476716 -0.428596735 0 0 0 0 0
1489656846.750112772 -0.258010775 -0.418226659 0 0 0 0 0
1489656846.775096416 -0.243803009 -0.406796277 0 0 0 0 0
1489656846.775109053 -0.229192138 -0.394781679 0 0 0 0 0
1489656846.800139666 -0.215810686 -0.385342062 0 0 0 0 0
1489656846.825166702 -0.202350289 -0.375778794 0 0 0 0 0
1489656846.850190163 -0.189134300 -0.366166085 0 0 0 0 0
1489656846.850213289 -0.178688288 -0.362081289 0 0 0 0 0
1489656846.875125170 -0.168409958 -0.357420802 0 0 0 0 0
1489656846.900171757 -0.158450246 -0.352534831 0 0 0 0 0
1489656846.900185585 -0.148809254 -0.347539246 0 0 0 0 0
1489656846.925099373 -0.140545756 -0.345358580 0 0 0 0 0
1489656846.950082302 -0.132610232 -0.342883348 0 0 0 0 0
1489656846.950096607 -0.125196055 -0.340368152 0 0 0 0 0
1489656846.975121975 -0.118368641 -0.337764829 0 0 0 0 0
1489656846.975134373 -0.111850642 -0.335385442 0 0 0 0 0
1489656847.000188589 -0.105633661 -0.333199888 0 0 0 0 0
1489656847.025231123 -0.099862583 -0.331369430 0 0 0 0 0
1489656847.025262594 -0.095369928 -0.332700461 0 0 0 0 0
1489656847.050248384 -0.091186143 -0.333745122 0 0 0 0 0
1489656847.075048208 -0.087347671 -0.334451228 0 0 0 0 0
1489656847.075057030 -0.084584914 -0.337959111 0 0 0 0 0
1489656847.125318289 -0.082566850 -0.343595654 0 0 0 0 0
1489656847.150135756 -0.084282286 -0.362919837 0 0 0 0 0
1489656847.150160074 -0.084856182 -0.377835780 0 0 0 0 0
1489656847.175199032 -0.084535830 -0.388895184 0 0 0 0 0
1489656847.175222635 -0.083358660 -0.396536261 0 0 0 0 0
1489656847.200147390 -0.081392303 -0.401322693 0 0 0 0 0
1489656847.225138426 -0.079799816 -0.406860113 0 0 0 0 0
1489656847.250146389 -0.078459859 -0.412879318 0 0 0 0 0
1489656847.275155544 -0.076914437 -0.418997914 0 0 0 0 0
1489656847.275177717 -0.075028278 -0.425229847 0 0 0 0 0
1489656847.300134897 -0.072896861 -0.431586593 0 0 0 0 0
1489656847.325071573 -0.070512637 -0.437826574 0 0 0 0 0
1489656847.350147486 -0.067806080 -0.443682194 0 0 0 0 0
1489656847.375164032 -0.064892083 -0.449215829 0 0 0 0 0
1489656847.400168657 -0.061847482 -0.454296947 0 0 0 0 0
1489656847.400190353 -0.058708977 -0.458654642 0 0 0 0 0
1489656847.425189018 -0.055227302 -0.462450832 0 0 0 0 0
1489656847.450099707 -0.051671579 -0.465725541 0 0 0 0 0
1489656847.475244284 -0.048056941 -0.468590528 0 0 0 0 0
1489656847.500179768 -0.044123650 -0.471015275 0 0 0 0 0
1489656847.500204802 -0.039997321 -0.472884536 0 0 0 0 0
1489656847.525143623 -0.035837535 -0.474240005 0 0 0 0 0
1489656847.550176382 -0.031506121 -0.475182623 0 0 0 0 0
1489656847.575185061 -0.026985371 -0.475575894 0 0 0 0 0
1489656847.575198650 -0.022300271 -0.475578576 0 0 0 0 0
1489656847.600132942 -0.017514657 -0.475155324 0 0 0 0 0
1489656847.625253201 -0.012880838 -0.474318206 0 0 0 0 0
1489656847.650072575 -0.008402015 -0.473224252 0 0 0 0 0
1489656847.675198078 -0.003641922 -0.477783918 0 0 0 0 0
1489656847.700193882 0.001147720 -0.477977693 0 0 0 0 0
1489656847.700214386 0.005983721 -0.474495500 0 0 0 0 0
1489656847.725168467 0.010721321 -0.470969439 0 0 0 0 0
1489656847.750132322 0.015317257 -0.467494339 0 0 0 0 0
1489656847.775149822 0.020040063 -0.464014560 0 0 0 0 0
1489656847.775167942 0.024971820 -0.460701525 0 0 0 0 0
1489656847.800197840 0.030240985 -0.457657516 0 0 0 0 0
1489656847.825159073 0.035668384 -0.454801738 0 0 0 0 0
1489656847.850063801 0.041263793 -0.452027917 0 0 0 0 0
1489656847.875145197 0.047044545 -0.449443609 0 0 0 0 0
1489656847.875154972 0.053014517 -0.447248489 0 0 0 0 0
1489656847.900172949 0.059289169 -0.445184857 0 0 0 0 0
1489656847.925137520 0.065680370 -0.443397254 0 0 0 0 0
1489656847.950161457 0.072250813 -0.441831052 0 0 0 0 0
1489656847.975105286 0.078988433 -0.440306515 0 0 0 0 0
1489656847.975120068 0.085682690 -0.438978374 0 0 0 0 0
1489656848.000299931 0.092337772 -0.437974274 0 0 0 0 0
1489656848.025156260 0.099292614 -0.437109441 0 0 0 0 0
1489656848.050161839 0.106415503 -0.436428666 0 0 0 0 0
1489656848.075175524 0.113561697 -0.435868353 0 0 0 0 0
1489656848.100180149 0.120511621 -0.435161054 0 0 0 0 0
1489656848.100198746 0.127243340 -0.434311301 0 0 0 0 0
1489656848.125112772 0.133718103 -0.433651209 0 0 0 0 0
1489656848.150215626 0.139937744 -0.433102429 0 0 0 0 0
1489656848.175204754 0.146076620 -0.432332635 0 0 0 0 0
1489656848.200243235 0.152231067 -0.431342274 0 0 0 0 0
1489656848.225146770 0.162619635 -0.441718221 0 0 0 0 0
1489656848.250155210 0.170900837 -0.446676433 0 0 0 0 0
1489656848.250176668 0.177316189 -0.447133929 0 0 0 0 0
1489656848.275186062 0.182017162 -0.443843096 0 0 0 0 0
1489656848.275207043 0.186237186 -0.440332174 0 0 0 0 0
1489656848.300160885 0.188903853 -0.433960468 0 0 0 0 0
1489656848.325157166 0.191761538 -0.428180993 0 0 0 0 0
1489656848.350142002 0.194843262 -0.422992975 0 0 0 0 0
1489656848.375185966 0.198249772 -0.418307960 0 0 0 0 0
1489656848.375207186 0.201680139 -0.413856536 0 0 0 0 0
1489656848.400168896 0.205042735 -0.409342736 0 0 0 0 0
1489656848.425097942 0.208502114 -0.404865533 0 0 0 0 0
1489656848.450172901 0.212225243 -0.400692225 0 0 0 0 0
1489656848.475128651 0.216128394 -0.396814048 0 0 0 0 0
1489656848.475148439 0.221631914 -0.395530611 0 0 0 0 0
1489656848.500183582 0.225378171 -0.391337156 0 0 0 0 0
1489656848.525114536 0.229257271 -0.386889398 0 0 0 0 0
1489656848.550123692 0.233235359 -0.382896125 0 0 0 0 0
1489656848.575202465 0.237335652 -0.379217058 0 0 0 0 0
1489656848.575219631 0.241612703 -0.376059115 0 0 0 0 0
1489656848.600178957 0.246111572 -0.373224765 0 0 0 0 0
1489656848.625154734 0.250985533 -0.370665431 0 0 0 0 0
1489656848.650141954 0.256169528 -0.368347555 0 0 0 0 0
1489656848.675178766 0.261480421 -0.366171956 0 0 0 0 0
1489656848.675197601 0.266842067 -0.364126414 0 0 0 0 0
1489656848.700137615 0.272126466 -0.361916304 0 0 0 0 0
1489656848.725224733 0.277328581 -0.359559894 0 0 0 0 0
1489656848.750244141 0.284234405 -0.359164774 0 0 0 0 0
1489656848.775143623 0.290434003 -0.357925355 0 0 0 0 0
1489656848.775156260 0.294260263 -0.353810817 0 0 0 0 0
1489656848.800143957 0.298295707 -0.349782705 0 0 0 0 0
1489656848.825219154 0.302740812 -0.345869303 0 0 0 0 0
1489656848.850129604 0.307562768 -0.341962755 0 0 0 0 0
1489656848.875145435 0.312593341 -0.337985307 0 0 0 0 0
1489656848.875161886 0.317781091 -0.334018499 0 0 0 0 0
1489656848.900137424 0.323142588 -0.329943687 0 0 0 0 0
1489656848.925173521 0.328704417 -0.325801671 0 0 0 0 0
1489656848.950264692 0.334192097 -0.321311921 0 0 0 0 0
1489656848.975239277 0.339581966 -0.316464514 0 0 0 0 0
1489656849.000077009 0.344977558 -0.311427116 0 0 0 0 0
1489656849.000088453 0.350324780 -0.306220651 0 0 0 0 0
1489656849.025148153 0.355325252 -0.300562650 0 0 0 0 0
1489656849.050163507 0.360138327 -0.294193804 0 0 0 0 0
1489656849.075221777 0.364898652 -0.287733257 0 0 0 0 0
1489656849.075241327 0.369728744 -0.281418949 0 0 0 0 0
1489656849.100117445 0.374554396 -0.275064379 0 0 0 0 0
1489656849.125118732 0.379063219 -0.268484980 0 0 0 0 0
1489656849.150187969 0.383457094 -0.261947155 0 0 0 0 0
1489656849.175044537 0.387804478 -0.255805045 0 0 0 0 0
1489656849.175052404 0.392177731 -0.250035465 0 0 0 0 0
1489656849.200050116 0.396423042 -0.244505569 0 0 0 0 0
1489656849.225318670 0.400377899 -0.238826618 0 0 0 0 0
1489656849.300202370 0.404243082 -0.233051270 0 0 0 0 0
1489656849.300235033 0.433410347 -0.240061641 0 0 0 0 0
1489656849.325170755 0.454230875 -0.242909774 0 0 0 0 0
1489656849.325193167 0.468111336 -0.242279246 0 0 0 0 0
1489656849.350234032 0.476155281 -0.238753915 0 0 0 0 0
1489656849.375200033 0.479314446 -0.233009472 0 0 0 0 0
1489656849.375225544 0.481517851 -0.226931229 0 0 0 0 0
1489656849.400208950 0.479823381 -0.219420820 0 0 0 0 0
1489656849.425138474 0.474972367 -0.210724682 0 0 0 0 0
1489656849.425161600 0.470849067 -0.202548876 0 0 0 0 0
1489656849.450260401 0.464400470 -0.193752751 0 0 0 0 0
1489656849.475194693 0.456476003 -0.184617490 0 0 0 0 0
1489656849.475213528 0.447407037 -0.175282449 0 0 0 0 0
1489656849.500256300 0.440433472 -0.166956186 0 0 0 0 0
1489656849.525201559 0.435404629 -0.159736767 0 0 0 0 0
1489656849.550239086 0.432158977 -0.153448716 0 0 0 0 0
1489656849.575264215 0.430534124 -0.148035750 0 0 0 0 0
1489656849.575283051 0.430098891 -0.143244877 0 0 0 0 0
1489656849.600171089 0.430653781 -0.138944626 0 0 0 0 0
1489656849.625111580 0.432028085 -0.134849861 0 0 0 0 0
1489656849.650132895 0.433924615 -0.131045371 0 0 0 0 0
1489656849.675126791 0.436577111 -0.127642468 0 0 0 0 0
1489656849.675140619 0.439532548 -0.124437727 0 0 0 0 0
1489656849.700272083 0.442672253 -0.121341668 0 0 0 0 0
1489656849.725231171 0.445812404 -0.118402950 0 0 0 0 0
1489656849.750222206 0.448875189 -0.115509167 0 0 0 0 0
1489656849.775238752 0.451859236 -0.112604350 0 0 0 0 0
1489656849.775265455 0.454654187 -0.109811157 0 0 0 0 0
1489656849.825244188 0.457209438 -0.107158311 0 0 0 0 0
1489656849.850134850 0.468336582 -0.106890403 0 0 0 0 0
1489656849.875135660 0.477019787 -0.106041484 0 0 0 0 0
1489656849.900130033 0.489304155 -0.105829217 0 0 0 0 0
1489656849.900147438 0.498410702 -0.104507677 0 0 0 0 0
1489656849.925110340 0.501546562 -0.101813428 0 0 0 0 0
1489656849.925151825 0.499891251 -0.097924531 0 0 0 0 0
1489656849.950151920 0.494464189 -0.093203560 0 0 0 0 0
1489656849.975201845 0.486013144 -0.087840736 0 0 0 0 0
1489656850.000255346 0.475427359 -0.082105450 0 0 0 0 0
1489656850.000276566 0.466297805 -0.076515481 0 0 0 0 0
1489656850.025207520 0.458269417 -0.070923634 0 0 0 0 0
1489656850.050258160 0.451239794 -0.065280214 0 0 0 0 0
1489656850.075169563 0.445066273 -0.059393086 0 0 0 0 0
1489656850.100192785 0.439854741 -0.053592354 0 0 0 0 0
1489656850.100214481 0.438215017 -0.048207130 0 0 0 0 0
1489656850.125311852 0.433827341 -0.042637724 0 0 0 0 0
1489656850.150295973 0.429890335 -0.037243925 0 0 0 0 0
1489656850.175218344 0.426247746 -0.032061648 0 0 0 0 0
1489656850.175238371 0.422894835 -0.026879279 0 0 0 0 0
1489656850.200109959 0.419788092 -0.021770785 0 0 0 0 0
1489656850.225225449 0.416955650 -0.016542835 0 0 0 0 0
1489656850.250195026 0.414391041 -0.011306265 0 0 0 0 0
1489656850.275206327 0.411990941 -0.006402473 0 0 0 0 0
1489656850.275228977 0.409781873 -0.001847685 0 0 0 0 0
1489656850.300240278 0.407778352 0.002314966 0 0 0 0 0
1489656850.350109577 0.406019896 0.005988258 0 0 0 0 0
1489656850.350130081 0.404373348 0.009074450 0 0 0 0 0
1489656850.375217676 0.410609096 0.011420251 0 0 0 0 0
1489656850.400126219 0.412458211 0.013540256 0 0 0 0 0
1489656850.400146008 0.410729617 0.015445556 0 0 0 0 0
1489656850.425172329 0.406558245 0.017005540 0 0 0 0 0
1489656850.450173855 0.402699649 0.018307269 0 0 0 0 0
1489656850.475148439 0.399186403 0.019377034 0 0 0 0 0
1489656850.475162029 0.395892233 0.020196175 0 0 0 0 0
1489656850.500182152 0.392677605 0.020640902 0 0 0 0 0
1489656850.525205851 0.389760137 0.020644374 0 0 0 0 0
1489656850.550190687 0.387089491 0.020312252 0 0 0 0 0
1489656850.575150967 0.384527922 0.019716047 0 0 0 0 0
1489656850.575168610 0.381866455 0.018922254 0 0 0 0 0
1489656850.600196838 0.379149675 0.017839167 0 0 0 0 0
1489656850.625201941 0.376445532 0.016687209 0 0 0 0 0
1489656850.650152206 0.373597711 0.015416094 0 0 0 0 0
1489656850.675151110 0.370762497 0.014201785 0 0 0 0 0
1489656850.700144291 0.367837518 0.013128854 0 0 0 0 0
1489656850.700168848 0.364803046 0.012235931 0 0 0 0 0
1489656850.725186348 0.361641794 0.011430240 0 0 0 0 0
1489656850.750211716 0.358503610 0.010582548 0 0 0 0 0
1489656850.775342941 0.355399936 0.009642619 0 0 0 0 0
1489656850.775379896 0.352022052 0.008754621 0 0 0 0 0
1489656850.800110102 0.348454356 0.007618099 0 0 0 0 0
1489656850.825145960 0.344594061 0.006421200 0 0 0 0 0
1489656850.850086451 0.340751708 0.005237315 0 0 0 0 0
1489656850.875067711 0.336861044 0.004121358 0 0 0 0 0
1489656850.900103331 0.332595885 0.002956826 0 0 0 0 0
1489656850.900117874 0.329813063 0.001642715 0 0 0 0 0
1489656850.925170660 0.326486886 0.000342159 0 0 0 0 0
1489656850.950193882 0.320694208 -0.000779115 0 0 0 0 0
1489656850.975063324 0.314696550 -0.001926337 0 0 0 0 0
1489656850.975075006 0.308409601 -0.002908382 0 0 0 0 0
1489656851.000075817 0.302023023 -0.003988366 0 0 0 0 0
1489656851.025073051 0.295547217 -0.005279675 0 0 0 0 0
1489656851.050067186 0.289048314 -0.006779290 0 0 0 0 0
1489656851.075210571 0.282600582 -0.008398781 0 0 0 0 0
1489656851.075235367 0.275955170 -0.010045204 0 0 0 0 0
1489656851.100316525 0.269033164 -0.011601776 0 0 0 0 0
1489656851.125250340 0.261911273 -0.013105896 0 0 0 0 0
1489656851.150146961 0.254816353 -0.014573844 0 0 0 0 0
1489656851.175186157 0.249231592 -0.016080312 0 0 0 0 0
1489656851.175211191 0.241717994 -0.017156910 0 0 0 0 0
1489656851.200263262 0.234323815 -0.018064113 0 0 0 0 0
1489656851.225188017 0.226998121 -0.018816883 0 0 0 0 0
1489656851.250186920 0.219716445 -0.019528057 0 0 0 0 0
1489656851.275293827 0.212441206 -0.020199094 0 0 0 0 0
1489656851.275325775 0.205106378 -0.020793959 0 0 0 0 0
1489656851.300252676 0.197821021 -0.021445163 0 0 0 0 0
1489656851.325178146 0.190941721 -0.022186426 0 0 0 0 0
1489656851.350145578 0.184486419 -0.023070594 0 0 0 0 0
1489656851.375173807 0.178150907 -0.024065826 0 0 0 0 0
1489656851.375189304 0.171897754 -0.025251059 0 0 0 0 0
1489656851.425164700 0.165770173 -0.026572498 0 0 0 0 0
1489656851.450252533 0.162891150 -0.029147502 0 0 0 0 0
1489656851.450272560 0.158519194 -0.031339757 0 0 0 0 0
1489656851.475203753 0.152985439 -0.033130266 0 0 0 0 0
1489656851.475227833 0.147628352 -0.035088047 0 0 0 0 0
1489656851.500168085 0.141504526 -0.036882248 0 0 0 0 0
1489656851.525187731 0.135748774 -0.038859487 0 0 0 0 0
1489656851.550224066 0.130564690 -0.040893048 0 0 0 0 0
1489656851.575212717 0.125863239 -0.043036547 0 0 0 0 0
1489656851.575239182 0.121520333 -0.045336317 0 0 0 0 0
1489656851.600199938 0.117749766 -0.047730118 0 0 0 0 0
1489656851.625159740 0.114362709 -0.050042320 0 0 0 0 0
1489656851.650209904 0.111131459 -0.052165821 0 0 0 0 0
1489656851.675174236 0.108429462 -0.054010455 0 0 0 0 0
1489656851.700196028 0.106268615 -0.055483326 0 0 0 0 0
1489656851.700218201 0.105212823 -0.056531221 0 0 0 0 0
1489656851.725173712 0.103442110 -0.056594361 0 0 0 0 0
1489656851.750164270 0.101991028 -0.056114964 0 0 0 0 0
1489656851.775114298 0.100909084 -0.055143554 0 0 0 0 0
1489656851.775131702 0.099968374 -0.053741787 0 0 0 0 0
1489656851.800082684 0.099044286 -0.052200828 0 0 0 0 0
1489656851.825235367 0.098305203 -0.050655652 0 0 0 0 0
1489656851.850157499 0.097518094 -0.049219709 0 0 0 0 0
1489656851.875035048 0.096671522 -0.047815241 0 0 0 0 0
1489656851.875043631 0.095713370 -0.046546258 0 0 0 0 0
1489656851.900110483 0.094621189 -0.045339067 0 0 0 0 0
1489656851.925413609 0.093602210 -0.044154074 0 0 0 0 0
1489656851.950154543 0.092316203 -0.042878747 0 0 0 0 0
1489656851.975126982 0.092095181 -0.041883558 0 0 0 0 0
1489656852.000155926 0.090803199 -0.040509526 0 0 0 0 0
1489656852.000171185 0.088492386 -0.038925081 0 0 0 0 0
1489656852.025391102 0.086110145 -0.037379589 0 0 0 0 0
1489656852.050163746 0.083432630 -0.035879578 0 0 0 0 0
1489656852.075079918 0.080666833 -0.034472123 0 0 0 0 0
1489656852.075089455 0.077661954 -0.033110932 0 0 0 0 0
1489656852.100160122 0.074317679 -0.031729423 0 0 0 0 0
1489656852.125258446 0.071043700 -0.030340247 0 0 0 0 0
1489656852.150188684 0.067639232 -0.028862271 0 0 0 0 0
1489656852.175212860 0.064134523 -0.027247161 0 0 0 0 0
1489656852.175232410 0.060634229 -0.025545238 0 0 0 0 0
1489656852.200177670 0.056972038 -0.023805073 0 0 0 0 0
1489656852.225111008 0.053384520 -0.022185724 0 0 0 0 0
1489656852.250185251 0.049303714 -0.020428890 0 0 0 0 0
1489656852.275112629 0.045233522 -0.018705584 0 0 0 0 0
1489656852.275124788 0.041160382 -0.017066650 0 0 0 0 0
1489656852.300218105 0.037110746 -0.015533145 0 0 0 0 0
1489656852.325080156 0.032976702 -0.014017681 0 0 0 0 0
1489656852.350217581 0.028796719 -0.012529536 0 0 0 0 0
1489656852.375122786 0.024776781 -0.011082963 0 0 0 0 0
1489656852.375140667 0.020840673 -0.009677867 0 0 0 0 0
1489656852.400100946 0.016982758 -0.008302802 0 0 0 0 0
1489656852.425156593 0.013085630 -0.006955315 0 0 0 0 0
1489656852.450215101 0.009182434 -0.005664065 0 0 0 0 0
1489656852.525136471 0.005374625 -0.004406417 0 0 0 0 0
1489656852.525161982 0.001296305 -0.002963115 0 0 0 0 0
1489656852.550221443 -0.002798640 -0.001516274 0 0 0 0 0
1489656852.575284481 -0.006655684 -0.000121867 0 0 0 0 0
1489656852.575311184 -0.010349447 0.001176565 0 0 0 0 0
1489656852.600186825 -0.014024426 0.002412322 0 0 0 0 0
1489656852.625185013 -0.016920907 0.003434541 0 0 0 0 0
1489656852.625204325 -0.019356152 0.004301384 0 0 0 0 0
1489656852.650217295 -0.021370402 0.005049569 0 0 0 0 0
1489656852.650240660 -0.022855764 0.005589167 0 0 0 0 0
1489656852.675268412 -0.023926921 0.005971883 0 0 0 0 0
1489656852.700214148 -0.024530366 0.006298574 0 0 0 0 0
1489656852.700243711 -0.024553569 0.006631836 0 0 0 0 0
1489656852.725246191 -0.024685493 0.006742278 0 0 0 0 0
1489656852.750194311 -0.024502495 0.006925825 0 0 0 0 0
1489656852.775135517 -0.024409233 0.006726091 0 0 0 0 0
1489656852.775160074 -0.024207288 0.006532082 0 0 0 0 0
1489656852.800265789 -0.023993494 0.006349703 0 0 0 0 0
1489656852.825169802 -0.023678606 0.006188205 0 0 0 0 0
1489656852.850228786 -0.023339340 0.006031801 0 0 0 0 0
1489656852.875179291 -0.023022082 0.005886495 0 0 0 0 0
1489656852.875187159 -0.022611553 0.005737394 0 0 0 0 0
1489656852.900123596 -0.022167720 0.005588705 0 0 0 0 0
1489656852.925174475 -0.021648882 0.005451382 0 0 0 0 0
1489656852.950217247 -0.021098213 0.005326541 0 0 0 0 0
1489656852.975226164 -0.020408193 0.005192716 0 0 0 0 0
1489656852.975252628 -0.019663038 0.005043092 0 0 0 0 0
1489656853.000217915 -0.018936347 0.004901626 0 0 0 0 0
1489656853.025247335 -0.018177783 0.004744504 0 0 0 0 0
1489656853.050145149 -0.017458154 0.004569297 0 0 0 0 0
1489656853.075124979 -0.016872801 0.004397543 0 0 0 0 0
1489656853.075137377 -0.016306294 0.004250327 0 0 0 0 0
1489656853.100044489 -0.015852410 0.004133428 0 0 0 0 0
1489656853.125114441 -0.015424297 0.004016161 0 0 0 0 0
1489656853.150133610 -0.015012107 0.003937663 0 0 0 0 0
1489656853.175175428 -0.014595801 0.003873609 0 0 0 0 0
1489656853.175187826 -0.014032783 0.003807404 0 0 0 0 0
1489656853.200120926 -0.013498923 0.003783791 0 0 0 0 0
1489656853.225264549 -0.012978106 0.003779730 0 0 0 0 0
1489656853.250162363 -0.012517706 0.003782712 0 0 0 0 0
1489656853.275177240 -0.012096152 0.003779240 0 0 0 0 0
1489656853.300083399 -0.011712010 0.003766861 0 0 0 0 0
1489656853.300095081 -0.011328891 0.003685377 0 0 0 0 0
1489656853.325139046 -0.011003249 0.003558190 0 0 0 0 0
1489656853.350147486 -0.010699142 0.003404134 0 0 0 0 0
1489656853.375154257 -0.010447967 0.003219966 0 0 0 0 0
1489656853.375176430 -0.010220412 0.003007407 0 0 0 0 0
1489656853.400145531 -0.010008326 0.002784003 0 0 0 0 0
1489656853.425142050 -0.009780849 0.002530467 0 0 0 0 0
1489656853.450151920 -0.009626145 0.002271437 0 0 0 0 0
1489656853.475201845 -0.009453638 0.002011744 0 0 0 0 0
1489656853.475220680 -0.009235572 0.001733337 0 0 0 0 0
1489656853.500155210 -0.009047663 0.001497630 0 0 0 0 0
1489656853.525173664 -0.008835757 0.001326968 0 0 0 0 0
1489656853.575191498 -0.008681595 0.001227884 0 0 0 0 0
1489656853.575219154 -0.008479544 0.001275637 0 0 0 0 0
