# text file for ../bag/translation2.bag
# format: time stamp x y z qx qy qz qw
1489656735.800264120 0.000116444 0.000210900 0 0 0 0 0
1489656735.825369835 0.000162751 0.000226932 0 0 0 0 0
1489656735.850404263 0.000218389 0.000246812 0 0 0 0 0
1489656735.875221014 0.000235492 0.000264401 0 0 0 0 0
1489656735.900328875 0.000099022 0.000312981 0 0 0 0 0
1489656735.900363445 -0.000093570 0.000351441 0 0 0 0 0
1489656735.925259590 -0.000273256 0.000347434 0 0 0 0 0
1489656735.950336456 -0.000366310 0.000256941 0 0 0 0 0
1489656735.975236893 -0.000311933 0.000046043 0 0 0 0 0
1489656735.975259781 -0.000151001 -0.000215322 0 0 0 0 0
1489656736.000305653 0.000050845 -0.000429502 0 0 0 0 0
1489656736.025317192 0.000221141 -0.000495706 0 0 0 0 0
1489656736.050334454 0.000312584 -0.000371804 0 0 0 0 0
1489656736.075136423 0.000290272 -0.000109613 0 0 0 0 0
1489656736.100112438 0.000134799 0.000241665 0 0 0 0 0
1489656736.100129366 -0.000115275 0.000656434 0 0 0 0 0
1489656736.125086069 -0.000365908 0.001032425 0 0 0 0 0
1489656736.150117636 -0.000522431 0.001305336 0 0 0 0 0
1489656736.175076723 -0.000542255 0.001443974 0 0 0 0 0
1489656736.175094128 -0.000450275 0.001487099 0 0 0 0 0
1489656736.200121641 -0.000311017 0.001464393 0 0 0 0 0
1489656736.225126028 -0.000186562 0.001413592 0 0 0 0 0
1489656736.250382423 -0.000141099 0.001357726 0 0 0 0 0
1489656736.275195599 -0.000188434 0.001338858 0 0 0 0 0
1489656736.275219917 -0.000323623 0.001355665 0 0 0 0 0
1489656736.300227404 -0.000510125 0.001354805 0 0 0 0 0
1489656736.325134754 -0.000701005 0.001389686 0 0 0 0 0
1489656736.350173235 -0.000856716 0.001429056 0 0 0 0 0
1489656736.375166655 -0.000968292 0.001511146 0 0 0 0 0
1489656736.375184059 -0.001063794 0.001581601 0 0 0 0 0
1489656736.450188875 -0.001127167 0.001673132 0 0 0 0 0
1489656736.475181341 -0.001284517 0.001646333 0 0 0 0 0
1489656736.500224590 -0.001386174 0.001516178 0 0 0 0 0
1489656736.500244856 -0.001415233 0.001325039 0 0 0 0 0
1489656736.525245428 -0.001357370 0.001088483 0 0 0 0 0
1489656736.550387383 -0.001251183 0.000842652 0 0 0 0 0
1489656736.550426960 -0.001088937 0.000589512 0 0 0 0 0
1489656736.575268269 -0.000900892 0.000358041 0 0 0 0 0
1489656736.575293779 -0.000697262 0.000137721 0 0 0 0 0
1489656736.600137711 -0.000522100 -0.000051498 0 0 0 0 0
1489656736.625123024 -0.000375750 -0.000178903 0 0 0 0 0
1489656736.625137568 -0.000305648 -0.000249860 0 0 0 0 0
1489656736.650192738 -0.000275877 -0.000266096 0 0 0 0 0
1489656736.675113201 -0.000294225 -0.000243526 0 0 0 0 0
1489656736.675122023 -0.000357156 -0.000164347 0 0 0 0 0
1489656736.700099945 -0.000464904 -0.000001660 0 0 0 0 0
1489656736.725226641 -0.000613213 0.000210332 0 0 0 0 0
1489656736.750564814 -0.000754229 0.000411164 0 0 0 0 0
1489656736.775272131 -0.000923631 0.000593703 0 0 0 0 0
1489656736.775307178 -0.001085052 0.000750443 0 0 0 0 0
1489656736.800141096 -0.001214434 0.000832087 0 0 0 0 0
1489656736.825122833 -0.001285146 0.000842573 0 0 0 0 0
1489656736.850191355 -0.001288967 0.000809244 0 0 0 0 0
1489656736.875240326 -0.001204803 0.000718960 0 0 0 0 0
1489656736.875260115 -0.001041439 0.000578079 0 0 0 0 0
1489656736.900184631 -0.000836647 0.000394347 0 0 0 0 0
1489656736.925235510 -0.000593059 0.000194591 0 0 0 0 0
1489656736.950206757 -0.000379869 0.000020003 0 0 0 0 0
1489656736.975261927 -0.000215623 -0.000126710 0 0 0 0 0
1489656737.000159502 -0.000127575 -0.000229152 0 0 0 0 0
1489656737.000181675 -0.000107691 -0.000245154 0 0 0 0 0
1489656737.025160313 -0.000143812 -0.000170624 0 0 0 0 0
1489656737.050214052 -0.000248605 -0.000015956 0 0 0 0 0
1489656737.075252771 -0.000454100 0.000246612 0 0 0 0 0
1489656737.075264931 -0.000734927 0.000604029 0 0 0 0 0
1489656737.100097895 -0.001115174 0.001082810 0 0 0 0 0
1489656737.125213146 -0.001631969 0.001657912 0 0 0 0 0
1489656737.150182009 -0.002343476 0.002425845 0 0 0 0 0
1489656737.175226450 -0.003284474 0.003396112 0 0 0 0 0
1489656737.175238132 -0.004519528 0.004646954 0 0 0 0 0
1489656737.200124264 -0.005898886 0.006089080 0 0 0 0 0
1489656737.225380182 -0.007382411 0.007741389 0 0 0 0 0
1489656737.250319481 -0.008989823 0.009709633 0 0 0 0 0
1489656737.275162935 -0.011176529 0.012499465 0 0 0 0 0
1489656737.275189638 -0.013307903 0.015239983 0 0 0 0 0
1489656737.300169945 -0.015355401 0.017958472 0 0 0 0 0
1489656737.325256348 -0.017575292 0.021067275 0 0 0 0 0
1489656737.350155354 -0.020056926 0.024520932 0 0 0 0 0
1489656737.375217676 -0.023059467 0.028473377 0 0 0 0 0
1489656737.375242710 -0.026438404 0.032834712 0 0 0 0 0
1489656737.400130510 -0.030038595 0.037561953 0 0 0 0 0
1489656737.425177336 -0.033810638 0.042731557 0 0 0 0 0
1489656737.450338125 -0.037736062 0.048301373 0 0 0 0 0
1489656737.475277662 -0.041755490 0.054261502 0 0 0 0 0
1489656737.475312471 -0.046031218 0.060405537 0 0 0 0 0
1489656737.525191784 -0.050255388 0.066895261 0 0 0 0 0
1489656737.550145626 -0.056303766 0.076148480 0 0 0 0 0
1489656737.550158739 -0.062171172 0.085286841 0 0 0 0 0
1489656737.575146198 -0.067266695 0.093400106 0 0 0 0 0
1489656737.575165749 -0.071813598 0.100702398 0 0 0 0 0
1489656737.600152493 -0.075880170 0.107208043 0 0 0 0 0
1489656737.625237465 -0.080109738 0.114068456 0 0 0 0 0
1489656737.650267363 -0.084505349 0.121074140 0 0 0 0 0
1489656737.675243616 -0.089078732 0.128146350 0 0 0 0 0
1489656737.675265551 -0.093777530 0.135367125 0 0 0 0 0
1489656737.700237751 -0.098714255 0.142660245 0 0 0 0 0
1489656737.725151777 -0.103874072 0.149839193 0 0 0 0 0
1489656737.750200272 -0.109057873 0.156860635 0 0 0 0 0
1489656737.775159597 -0.114352494 0.163715601 0 0 0 0 0
1489656737.800153494 -0.119671069 0.170543447 0 0 0 0 0
1489656737.800169706 -0.126047254 0.178428158 0 0 0 0 0
1489656737.825147867 -0.131306410 0.184436351 0 0 0 0 0
1489656737.850109100 -0.136645228 0.190228313 0 0 0 0 0
1489656737.875300646 -0.142089084 0.195849627 0 0 0 0 0
1489656737.875327110 -0.147577688 0.201142445 0 0 0 0 0
1489656737.900128365 -0.153092384 0.206003919 0 0 0 0 0
1489656737.925081015 -0.158720493 0.210500255 0 0 0 0 0
1489656737.950341225 -0.164323866 0.214596048 0 0 0 0 0
1489656737.975185394 -0.169818133 0.218283728 0 0 0 0 0
1489656737.975213766 -0.175297201 0.221581101 0 0 0 0 0
1489656738.000138283 -0.180760726 0.224512905 0 0 0 0 0
1489656738.025066614 -0.186219618 0.227036864 0 0 0 0 0
1489656738.050122738 -0.191801444 0.229187295 0 0 0 0 0
1489656738.075098753 -0.200672910 0.234066561 0 0 0 0 0
1489656738.100140572 -0.209161609 0.238148645 0 0 0 0 0
1489656738.125232458 -0.215496108 0.239875838 0 0 0 0 0
1489656738.125256777 -0.223537058 0.242777318 0 0 0 0 0
1489656738.150238276 -0.229652405 0.243727267 0 0 0 0 0
1489656738.175134420 -0.234219640 0.243174031 0 0 0 0 0
1489656738.200244188 -0.239178449 0.242818505 0 0 0 0 0
1489656738.200287342 -0.244380057 0.242849275 0 0 0 0 0
1489656738.225238562 -0.249853298 0.243241817 0 0 0 0 0
1489656738.250222206 -0.255766928 0.244068712 0 0 0 0 0
1489656738.275171757 -0.261869401 0.245202169 0 0 0 0 0
1489656738.300087929 -0.268037319 0.246660933 0 0 0 0 0
1489656738.300108910 -0.274122119 0.248491436 0 0 0 0 0
1489656738.325193882 -0.280341178 0.250716805 0 0 0 0 0
1489656738.350321770 -0.289163828 0.255221635 0 0 0 0 0
1489656738.375266552 -0.295370787 0.257789910 0 0 0 0 0
1489656738.375306368 -0.301578999 0.260422677 0 0 0 0 0
1489656738.400218248 -0.307566702 0.263001770 0 0 0 0 0
1489656738.425200939 -0.313604385 0.265693307 0 0 0 0 0
1489656738.450179815 -0.319686443 0.268649757 0 0 0 0 0
1489656738.475191593 -0.325794876 0.271605194 0 0 0 0 0
1489656738.475218296 -0.331392735 0.274336100 0 0 0 0 0
1489656738.500135660 -0.336486250 0.276622713 0 0 0 0 0
1489656738.525186062 -0.341418236 0.278717816 0 0 0 0 0
1489656738.550162315 -0.346123546 0.280617416 0 0 0 0 0
1489656738.575217009 -0.350304067 0.282348782 0 0 0 0 0
1489656738.600264072 -0.354087919 0.283846736 0 0 0 0 0
1489656738.625298023 -0.367132574 0.292298317 0 0 0 0 0
1489656738.625322819 -0.375572801 0.297097385 0 0 0 0 0
1489656738.650321245 -0.380156517 0.298822463 0 0 0 0 0
1489656738.675264120 -0.383939713 0.299940646 0 0 0 0 0
1489656738.675291777 -0.384779245 0.298859954 0 0 0 0 0
1489656738.700133801 -0.383215636 0.296317071 0 0 0 0 0
1489656738.725189924 -0.382268459 0.294798315 0 0 0 0 0
1489656738.750282764 -0.381764889 0.293983191 0 0 0 0 0
1489656738.775268078 -0.381786019 0.293702334 0 0 0 0 0
1489656738.775291204 -0.385201842 0.295869023 0 0 0 0 0
1489656738.800190210 -0.386266649 0.296169877 0 0 0 0 0
1489656738.825120449 -0.388078213 0.296951830 0 0 0 0 0
1489656738.850267410 -0.390516758 0.298382670 0 0 0 0 0
1489656738.875274420 -0.393250912 0.300305039 0 0 0 0 0
1489656738.900202513 -0.401928037 0.307114601 0 0 0 0 0
1489656738.900224209 -0.407036841 0.311276019 0 0 0 0 0
1489656738.925152540 -0.409365833 0.313117296 0 0 0 0 0
1489656738.950146914 -0.412470579 0.315237969 0 0 0 0 0
1489656738.975394487 -0.416026413 0.317434788 0 0 0 0 0
1489656739.000244856 -0.420062453 0.319806755 0 0 0 0 0
1489656739.000265837 -0.424523860 0.322487921 0 0 0 0 0
1489656739.025213480 -0.429650903 0.325200647 0 0 0 0 0
1489656739.050198555 -0.435132563 0.327828109 0 0 0 0 0
1489656739.075428963 -0.440644234 0.330513120 0 0 0 0 0
1489656739.075446844 -0.446539313 0.333264470 0 0 0 0 0
1489656739.100221872 -0.452814907 0.335619062 0 0 0 0 0
1489656739.125206709 -0.459155887 0.337308884 0 0 0 0 0
1489656739.150262594 -0.472476840 0.342859328 0 0 0 0 0
1489656739.175407648 -0.480792969 0.344716668 0 0 0 0 0
1489656739.175416708 -0.484951556 0.343298584 0 0 0 0 0
1489656739.200164557 -0.489066482 0.341411769 0 0 0 0 0
1489656739.225203514 -0.493468970 0.339682907 0 0 0 0 0
1489656739.250287294 -0.497784168 0.337933213 0 0 0 0 0
1489656739.275362015 -0.502162576 0.336094290 0 0 0 0 0
1489656739.275381565 -0.505917430 0.333797932 0 0 0 0 0
1489656739.300230742 -0.509267032 0.331060618 0 0 0 0 0
1489656739.325181007 -0.512645125 0.328297406 0 0 0 0 0
1489656739.350217342 -0.516425848 0.325442851 0 0 0 0 0
1489656739.375111341 -0.519976556 0.322434753 0 0 0 0 0
1489656739.400100231 -0.523272157 0.319223434 0 0 0 0 0
1489656739.400109291 -0.530339360 0.318429679 0 0 0 0 0
1489656739.425126553 -0.533476412 0.315879196 0 0 0 0 0
1489656739.450150251 -0.536469460 0.314038336 0 0 0 0 0
1489656739.475253344 -0.539078474 0.311952770 0 0 0 0 0
1489656739.475271463 -0.541443944 0.309961081 0 0 0 0 0
1489656739.500196218 -0.544421792 0.308853984 0 0 0 0 0
1489656739.525170326 -0.548300326 0.308694690 0 0 0 0 0
1489656739.550138235 -0.552613556 0.308761865 0 0 0 0 0
1489656739.575125933 -0.557079077 0.308917075 0 0 0 0 0
1489656739.600120783 -0.561753571 0.309542477 0 0 0 0 0
1489656739.600129366 -0.566736281 0.310809642 0 0 0 0 0
1489656739.625163078 -0.572090983 0.312526375 0 0 0 0 0
1489656739.700151205 -0.577353895 0.314515829 0 0 0 0 0
1489656739.700165272 -0.619002461 0.338566720 0 0 0 0 0
1489656739.725181341 -0.652597070 0.358502001 0 0 0 0 0
1489656739.750175714 -0.675032496 0.372272342 0 0 0 0 0
1489656739.750188351 -0.688302279 0.380915999 0 0 0 0 0
1489656739.775214195 -0.694087565 0.385261923 0 0 0 0 0
1489656739.800282240 -0.698284149 0.388620198 0 0 0 0 0
1489656739.800302982 -0.696618259 0.388903916 0 0 0 0 0
1489656739.825267792 -0.694579899 0.388996810 0 0 0 0 0
1489656739.850286961 -0.688123643 0.386539608 0 0 0 0 0
1489656739.850311279 -0.678380430 0.382318735 0 0 0 0 0
1489656739.875266075 -0.666445076 0.376751006 0 0 0 0 0
1489656739.900150776 -0.652862787 0.370127499 0 0 0 0 0
1489656739.900164843 -0.638088465 0.362548470 0 0 0 0 0
1489656739.925192118 -0.627019525 0.356828928 0 0 0 0 0
1489656739.950162411 -0.619173408 0.353097737 0 0 0 0 0
1489656739.975230694 -0.618614376 0.353192389 0 0 0 0 0
1489656739.975259781 -0.614977002 0.351214588 0 0 0 0 0
1489656740.000226974 -0.613065064 0.349890441 0 0 0 0 0
1489656740.025247335 -0.612687945 0.349201053 0 0 0 0 0
1489656740.050124645 -0.613761365 0.349287659 0 0 0 0 0
1489656740.075151920 -0.615724504 0.349947900 0 0 0 0 0
1489656740.075165510 -0.618289232 0.350876272 0 0 0 0 0
1489656740.100039721 -0.621016562 0.351789355 0 0 0 0 0
1489656740.125244617 -0.624020040 0.352791488 0 0 0 0 0
1489656740.150093079 -0.627046108 0.353866369 0 0 0 0 0
1489656740.175156355 -0.638634861 0.359667569 0 0 0 0 0
1489656740.200161695 -0.644054949 0.361890525 0 0 0 0 0
1489656740.225168228 -0.644671082 0.361333579 0 0 0 0 0
1489656740.225183010 -0.650469422 0.363527298 0 0 0 0 0
1489656740.250230551 -0.651188016 0.362939864 0 0 0 0 0
1489656740.275264978 -0.652097642 0.362142146 0 0 0 0 0
1489656740.275303364 -0.653622031 0.361350596 0 0 0 0 0
1489656740.300266981 -0.655304134 0.360654563 0 0 0 0 0
1489656740.325317144 -0.656984627 0.360059559 0 0 0 0 0
1489656740.350246668 -0.658677459 0.359733135 0 0 0 0 0
1489656740.375151634 -0.660243690 0.359735757 0 0 0 0 0
1489656740.400147915 -0.661768317 0.359995484 0 0 0 0 0
1489656740.400165081 -0.663093328 0.360077024 0 0 0 0 0
1489656740.425166368 -0.663896501 0.361004680 0 0 0 0 0
1489656740.450116873 -0.664744377 0.362410754 0 0 0 0 0
1489656740.475132465 -0.666072011 0.364139020 0 0 0 0 0
1489656740.500247717 -0.671946585 0.368430555 0 0 0 0 0
1489656740.500265837 -0.672236621 0.370099515 0 0 0 0 0
1489656740.525165558 -0.672672570 0.372047037 0 0 0 0 0
1489656740.550137043 -0.673484743 0.373993695 0 0 0 0 0
1489656740.575203896 -0.674528122 0.375879735 0 0 0 0 0
1489656740.575249434 -0.675358713 0.377178460 0 0 0 0 0
1489656740.600239277 -0.675827861 0.378246665 0 0 0 0 0
1489656740.625271082 -0.676159322 0.379161626 0 0 0 0 0
1489656740.650212526 -0.676468074 0.379733056 0 0 0 0 0
1489656740.675260305 -0.676854670 0.380354404 0 0 0 0 0
1489656740.675295115 -0.677082777 0.381070226 0 0 0 0 0
1489656740.700239658 -0.676940858 0.381475329 0 0 0 0 0
1489656740.750252485 -0.676442504 0.381612062 0 0 0 0 0
1489656740.775237799 -0.692602932 0.390568882 0 0 0 0 0
1489656740.775263309 -0.700277388 0.394693762 0 0 0 0 0
1489656740.800266743 -0.701160669 0.394681603 0 0 0 0 0
1489656740.800302505 -0.700900376 0.393659383 0 0 0 0 0
1489656740.825314760 -0.695448935 0.389092952 0 0 0 0 0
1489656740.850406408 -0.685862601 0.382027805 0 0 0 0 0
1489656740.875126600 -0.677687109 0.375762224 0 0 0 0 0
1489656740.875145197 -0.670951486 0.370615959 0 0 0 0 0
1489656740.900239944 -0.665456951 0.366235435 0 0 0 0 0
1489656740.925243855 -0.660703421 0.362411827 0 0 0 0 0
1489656740.950232029 -0.656856954 0.359408915 0 0 0 0 0
1489656740.975206852 -0.654046655 0.357683331 0 0 0 0 0
1489656741.000208139 -0.652255774 0.357153445 0 0 0 0 0
1489656741.000238895 -0.655337811 0.359747708 0 0 0 0 0
1489656741.025181532 -0.657631099 0.362276524 0 0 0 0 0
1489656741.050181389 -0.655124187 0.362380266 0 0 0 0 0
1489656741.075295925 -0.653485954 0.363171518 0 0 0 0 0
1489656741.075310230 -0.652189970 0.364258200 0 0 0 0 0
1489656741.100162268 -0.650802553 0.365323007 0 0 0 0 0
1489656741.125163317 -0.653644264 0.369245261 0 0 0 0 0
1489656741.150178194 -0.651430249 0.370465130 0 0 0 0 0
1489656741.175220728 -0.649882317 0.372167200 0 0 0 0 0
1489656741.175233841 -0.648467183 0.373769850 0 0 0 0 0
1489656741.200152397 -0.647138000 0.374901623 0 0 0 0 0
1489656741.225059986 -0.645831347 0.375720382 0 0 0 0 0
1489656741.250049591 -0.644421875 0.376245648 0 0 0 0 0
1489656741.275144339 -0.642683327 0.376217276 0 0 0 0 0
1489656741.300120354 -0.649241745 0.380857199 0 0 0 0 0
1489656741.300134897 -0.649731815 0.381497085 0 0 0 0 0
1489656741.325167894 -0.649158418 0.381306976 0 0 0 0 0
1489656741.350289583 -0.643312454 0.378076911 0 0 0 0 0
1489656741.375249863 -0.637092173 0.374620318 0 0 0 0 0
1489656741.375282049 -0.630560219 0.370951027 0 0 0 0 0
1489656741.400186539 -0.623801947 0.366828293 0 0 0 0 0
1489656741.425168514 -0.616883695 0.362345457 0 0 0 0 0
1489656741.450252295 -0.610016942 0.357531339 0 0 0 0 0
1489656741.475135803 -0.603188157 0.352681071 0 0 0 0 0
1489656741.475143909 -0.596162140 0.347763360 0 0 0 0 0
1489656741.500089169 -0.588968277 0.342826486 0 0 0 0 0
1489656741.525410175 -0.581760347 0.338120431 0 0 0 0 0
1489656741.550465822 -0.574565470 0.333443314 0 0 0 0 0
1489656741.575158596 -0.570910156 0.330661178 0 0 0 0 0
1489656741.600264549 -0.562721372 0.325429887 0 0 0 0 0
1489656741.600285530 -0.554562271 0.320606947 0 0 0 0 0
1489656741.625177145 -0.546724916 0.316095799 0 0 0 0 0
1489656741.650252819 -0.539200544 0.311616331 0 0 0 0 0
1489656741.775150061 -0.531861544 0.307077318 0 0 0 0 0
1489656741.800178051 -0.591136158 0.340794653 0 0 0 0 0
1489656741.825169563 -0.631398439 0.363580942 0 0 0 0 0
1489656741.850217581 -0.667105138 0.383929849 0 0 0 0 0
1489656741.850240946 -0.686388433 0.394790798 0 0 0 0 0
1489656741.875262260 -0.694886446 0.399430454 0 0 0 0 0
1489656741.900238991 -0.691788971 0.397279948 0 0 0 0 0
1489656741.900269747 -0.679371953 0.389667362 0 0 0 0 0
1489656741.925100803 -0.662356496 0.379054248 0 0 0 0 0
1489656741.925111294 -0.639207780 0.364647001 0 0 0 0 0
1489656741.950118303 -0.611524522 0.347526938 0 0 0 0 0
1489656741.975155592 -0.580850184 0.328558892 0 0 0 0 0
1489656741.975168705 -0.548438013 0.308487028 0 0 0 0 0
1489656742.000127316 -0.515255034 0.287949443 0 0 0 0 0
1489656742.025060654 -0.484527677 0.268666148 0 0 0 0 0
1489656742.025071144 -0.453857929 0.249360740 0 0 0 0 0
1489656742.050214767 -0.423829198 0.230668947 0 0 0 0 0
1489656742.050238371 -0.394930482 0.212814346 0 0 0 0 0
1489656742.075296402 -0.367617995 0.195805982 0 0 0 0 0
1489656742.100211382 -0.344405055 0.181010500 0 0 0 0 0
1489656742.125237703 -0.324741811 0.168180466 0 0 0 0 0
1489656742.125262976 -0.306065142 0.156086385 0 0 0 0 0
1489656742.150218010 -0.288571328 0.144878462 0 0 0 0 0
1489656742.175216436 -0.272237480 0.134489834 0 0 0 0 0
1489656742.175240517 -0.259135187 0.125848979 0 0 0 0 0
1489656742.200126886 -0.246696860 0.117806241 0 0 0 0 0
1489656742.200142384 -0.234998822 0.110492878 0 0 0 0 0
1489656742.225251675 -0.224128813 0.103817895 0 0 0 0 0
1489656742.250222921 -0.213986829 0.097798102 0 0 0 0 0
1489656742.250249624 -0.206395149 0.093084626 0 0 0 0 0
1489656742.275250912 -0.199035928 0.088752858 0 0 0 0 0
1489656742.300224781 -0.192009524 0.084792838 0 0 0 0 0
1489656742.300239801 -0.185333103 0.081173763 0 0 0 0 0
1489656742.325261354 -0.178908348 0.077893361 0 0 0 0 0
1489656742.350181818 -0.174341217 0.075538769 0 0 0 0 0
1489656742.375189781 -0.174194589 0.075646989 0 0 0 0 0
1489656742.400124550 -0.172856927 0.075329028 0 0 0 0 0
1489656742.400138140 -0.172004536 0.075326271 0 0 0 0 0
1489656742.425170422 -0.169810250 0.074629664 0 0 0 0 0
1489656742.450208187 -0.167811170 0.073971078 0 0 0 0 0
1489656742.475258350 -0.165917590 0.073352478 0 0 0 0 0
1489656742.475279570 -0.164047107 0.072670564 0 0 0 0 0
1489656742.500173807 -0.161947891 0.071809694 0 0 0 0 0
1489656742.525246859 -0.159474462 0.070813239 0 0 0 0 0
1489656742.550175428 -0.156567603 0.069721408 0 0 0 0 0
1489656742.575353861 -0.153120369 0.068397351 0 0 0 0 0
1489656742.600149393 -0.149025828 0.066875711 0 0 0 0 0
1489656742.600163460 -0.144275293 0.064958073 0 0 0 0 0
1489656742.625195026 -0.139028624 0.062582411 0 0 0 0 0
1489656742.650177956 -0.133259565 0.059750501 0 0 0 0 0
1489656742.675299644 -0.126936704 0.056727443 0 0 0 0 0
1489656742.675317049 -0.120182678 0.053498887 0 0 0 0 0
1489656742.700201511 -0.113106400 0.050138857 0 0 0 0 0
1489656742.725113153 -0.105871402 0.046726178 0 0 0 0 0
1489656742.750178099 -0.098458551 0.043252975 0 0 0 0 0
1489656742.775317430 -0.090830788 0.039609667 0 0 0 0 0
1489656742.775332212 -0.083090827 0.035945799 0 0 0 0 0
1489656742.800199747 -0.075312912 0.032195896 0 0 0 0 0
1489656742.825171471 -0.067520283 0.028348615 0 0 0 0 0
1489656742.850117207 -0.059643589 0.024420353 0 0 0 0 0
1489656742.875207186 -0.051793709 0.020496184 0 0 0 0 0
1489656742.925228357 -0.044076562 0.016576130 0 0 0 0 0
1489656742.950305462 -0.038094908 0.013874700 0 0 0 0 0
1489656742.975197792 -0.031536296 0.010895993 0 0 0 0 0
1489656742.975222826 -0.024723036 0.007809773 0 0 0 0 0
1489656743.000240564 -0.017712388 0.004580087 0 0 0 0 0
1489656743.025249720 -0.010590318 0.001296185 0 0 0 0 0
1489656743.025278807 -0.003492593 -0.001977573 0 0 0 0 0
1489656743.050208330 0.003412904 -0.005212202 0 0 0 0 0
1489656743.075379133 0.010091266 -0.008337719 0 0 0 0 0
1489656743.075398922 0.016414378 -0.011273584 0 0 0 0 0
1489656743.100135326 0.022341408 -0.013999755 0 0 0 0 0
1489656743.125195980 0.027823120 -0.016485989 0 0 0 0 0
1489656743.125216484 0.032854490 -0.018738082 0 0 0 0 0
1489656743.150194883 0.037275795 -0.020736607 0 0 0 0 0
1489656743.175139666 0.041031841 -0.022478318 0 0 0 0 0
1489656743.200208902 0.044150021 -0.023988863 0 0 0 0 0
1489656743.200232029 0.046632551 -0.025291011 0 0 0 0 0
1489656743.225164890 0.048478998 -0.026241191 0 0 0 0 0
1489656743.250257730 0.049677417 -0.026760671 0 0 0 0 0
1489656743.275209427 0.050370451 -0.027081119 0 0 0 0 0
1489656743.275224924 0.050622009 -0.027066737 0 0 0 0 0
1489656743.300086021 0.050237902 -0.026628580 0 0 0 0 0
1489656743.325131893 0.049600832 -0.026144119 0 0 0 0 0
1489656743.350153208 0.048610620 -0.025774987 0 0 0 0 0
1489656743.375212431 0.047448307 -0.025099697 0 0 0 0 0
1489656743.375227213 0.046361070 -0.024480430 0 0 0 0 0
1489656743.400142670 0.045065273 -0.023811039 0 0 0 0 0
1489656743.425002337 0.043698169 -0.023124112 0 0 0 0 0
1489656743.450078964 0.042353839 -0.022417342 0 0 0 0 0
1489656743.475139141 0.041071501 -0.021616952 0 0 0 0 0
1489656743.475153923 0.039791360 -0.020795079 0 0 0 0 0
1489656743.500156164 0.038517881 -0.019942461 0 0 0 0 0
1489656743.525198698 0.037216943 -0.019072413 0 0 0 0 0
1489656743.550219536 0.035886358 -0.018256899 0 0 0 0 0
1489656743.575277328 0.034492221 -0.017473957 0 0 0 0 0
1489656743.575314760 0.033115480 -0.016695376 0 0 0 0 0
1489656743.600103855 0.031816125 -0.015999636 0 0 0 0 0
1489656743.625125408 0.030613083 -0.015453021 0 0 0 0 0
1489656743.650184870 0.029484708 -0.015072041 0 0 0 0 0
1489656743.675254107 0.028469717 -0.014874497 0 0 0 0 0
1489656743.675266743 0.027590914 -0.014824468 0 0 0 0 0
1489656743.700218678 0.026823727 -0.014712303 0 0 0 0 0
1489656743.725098372 0.026148276 -0.014376637 0 0 0 0 0
1489656743.750090837 0.025526088 -0.013927457 0 0 0 0 0
1489656743.775120020 0.024905996 -0.013400300 0 0 0 0 0
1489656743.775133610 0.024244942 -0.012883584 0 0 0 0 0
1489656743.800177336 0.023517255 -0.012416450 0 0 0 0 0
1489656743.825312138 0.022724517 -0.012065621 0 0 0 0 0
1489656743.850492001 0.021888535 -0.011768253 0 0 0 0 0
1489656743.875070095 0.021036193 -0.011483943 0 0 0 0 0
1489656743.875083447 0.020186480 -0.011161814 0 0 0 0 0
1489656743.900141716 0.019438092 -0.010729825 0 0 0 0 0
1489656743.925125837 0.018817237 -0.010285188 0 0 0 0 0
1489656743.950160980 0.018316599 -0.009941353 0 0 0 0 0
1489656743.975210428 0.017884700 -0.009717805 0 0 0 0 0
1489656744.000092745 0.017561173 -0.009573454 0 0 0 0 0
1489656744.025148869 0.017268021 -0.009360077 0 0 0 0 0
1489656744.025157213 0.017014407 -0.009081380 0 0 0 0 0
1489656744.050085783 0.016764294 -0.008764163 0 0 0 0 0
1489656744.075108528 0.016512005 -0.008441528 0 0 0 0 0
1489656744.100175381 0.016231015 -0.008102401 0 0 0 0 0
1489656744.125131130 0.015908616 -0.007791658 0 0 0 0 0
1489656744.125148773 0.015508362 -0.007532464 0 0 0 0 0
1489656744.150102139 0.015041249 -0.007366650 0 0 0 0 0
1489656744.175122023 0.014557133 -0.007265192 0 0 0 0 0
1489656744.175130367 0.014093793 -0.007211400 0 0 0 0 0
1489656744.200063705 0.013694738 -0.007118770 0 0 0 0 0
1489656744.225221157 0.013363997 -0.006951910 0 0 0 0 0
1489656744.250312328 0.013091467 -0.006723156 0 0 0 0 0
1489656744.275213242 0.012848914 -0.006498675 0 0 0 0 0
1489656744.275240421 0.012606136 -0.006325077 0 0 0 0 0
1489656744.300156116 0.012299716 -0.006222848 0 0 0 0 0
1489656744.325116873 0.011937904 -0.006191483 0 0 0 0 0
1489656744.350148201 0.011565420 -0.006194581 0 0 0 0 0
1489656744.375211477 0.011171702 -0.006142120 0 0 0 0 0
1489656744.375230551 0.010790098 -0.006027516 0 0 0 0 0
1489656744.400199413 0.010423892 -0.005862590 0 0 0 0 0
1489656744.425179243 0.010089213 -0.005645429 0 0 0 0 0
1489656744.450121403 0.009800047 -0.005414382 0 0 0 0 0
1489656744.475143194 0.009547814 -0.005215254 0 0 0 0 0
1489656744.475159883 0.009344393 -0.005057117 0 0 0 0 0
1489656744.525180101 0.009195214 -0.004929593 0 0 0 0 0
1489656744.525198460 0.009091011 -0.004845394 0 0 0 0 0
1489656744.550212145 0.008998184 -0.004763939 0 0 0 0 0
1489656744.575102091 0.008904980 -0.004694994 0 0 0 0 0
1489656744.575114489 0.008823298 -0.004639430 0 0 0 0 0
1489656744.600095987 0.008731242 -0.004605200 0 0 0 0 0
1489656744.625131130 0.008612460 -0.004580811 0 0 0 0 0
1489656744.650138855 0.008490725 -0.004548788 0 0 0 0 0
1489656744.675218105 0.008339789 -0.004457185 0 0 0 0 0
1489656744.675277710 0.008215736 -0.004305580 0 0 0 0 0
1489656744.700270176 0.008086029 -0.004123406 0 0 0 0 0
1489656744.725092888 0.007956148 -0.003958160 0 0 0 0 0
1489656744.750155687 0.007820794 -0.003855698 0 0 0 0 0
1489656744.775173903 0.007672207 -0.003820210 0 0 0 0 0
1489656744.800129414 0.007510732 -0.003825318 0 0 0 0 0
1489656744.800149202 0.007355081 -0.003824426 0 0 0 0 0
1489656744.825097322 0.007188581 -0.003815181 0 0 0 0 0
1489656744.850279808 0.007055730 -0.003770416 0 0 0 0 0
1489656744.875255585 0.006918437 -0.003739971 0 0 0 0 0
1489656744.875292540 0.006808101 -0.003730752 0 0 0 0 0
1489656744.900198936 0.006686142 -0.003758569 0 0 0 0 0
1489656744.925221920 0.006553266 -0.003776675 0 0 0 0 0
1489656744.950218916 0.006383692 -0.003797182 0 0 0 0 0
1489656744.975242853 0.006184015 -0.003854661 0 0 0 0 0
1489656744.975257397 0.005971635 -0.003934917 0 0 0 0 0
1489656745.000159264 0.005768704 -0.004003850 0 0 0 0 0
1489656745.025167704 0.005581517 -0.003995400 0 0 0 0 0
1489656745.075201273 0.005450571 -0.003863864 0 0 0 0 0
1489656745.075225353 0.005370619 -0.003513421 0 0 0 0 0
