1489239146.435505152 -0 -0 0 0 0 0 0
1489239146.474458218 -0 -0.0385377 0 0 0 0 0
1489239146.498896599 -0 -0 0 0 0 0 0
1489239146.532073259 -0 -0.0452475 0 0 0 0 0
1489239146.641950607 -0 0.0136621 0 0 0 0 0
1489239146.667011499 -0 -0 0 0 0 0 0
1489239146.767947674 -0 -0 0 0 0 0 0
1489239146.802757740 -0 -0 0 0 0 0 0
1489239146.908080339 -0 -0 0 0 0 0 0
1489239146.930986166 -0 -0.196609 0 0 0 0 0
1489239147.038709879 -0 0.0696764 0 0 0 0 0
1489239147.093834162 -0 -0.0272323 0 0 0 0 0
1489239147.142123938 -0 -0.0310865 0 0 0 0 0
1489239147.166019440 -0 -0.125644 0 0 0 0 0
1489239147.203332186 -0 0.0804637 0 0 0 0 0
1489239147.230553150 -0 -0 0 0 0 0 0
1489239147.262413979 -0 -0.0942324 0 0 0 0 0
1489239147.300498486 -0 -0 0 0 0 0 0
1489239147.333144188 -0 0.0919668 0 0 0 0 0
1489239147.363756657 -0 -0 0 0 0 0 0
1489239147.400043249 -0 -0.0827391 0 0 0 0 0
1489239147.433002472 -0 0.045546 0 0 0 0 0
1489239147.464943409 -0 0.140994 0 0 0 0 0
1489239147.498708248 -0 -0 0 0 0 0 0
1489239147.531855106 -0 -0 0 0 0 0 0
1489239147.565122843 -0 0.0902472 0 0 0 0 0
1489239147.607561111 -0 0.106118 0 0 0 0 0
1489239147.664673567 0.0526099 0.105137 0 0 0 0 0
1489239147.707029819 0.0354692 0.177207 0 0 0 0 0
1489239147.733283520 0.114448 0.114358 0 0 0 0 0
1489239147.766228676 0.0912025 0.0911309 0 0 0 0 0
1489239147.802102089 0.0837579 0.167384 0 0 0 0 0
1489239147.831727028 0.101424 0.101344 0 0 0 0 0
1489239147.862885237 0.14465 -0.0481787 0 0 0 0 0
1489239147.908508062 0.0987888 -0.0329037 0 0 0 0 0
1489239147.936068058 0.218047 0.217875 0 0 0 0 0
1489239147.962711334 0.169162 -0 0 0 0 0 0
1489239147.998039007 0.127578 -0.254955 0 0 0 0 0
1489239148.029942274 0.188362 0.282321 0 0 0 0 0
1489239148.062626362 0.137897 0.0918588 0 0 0 0 0
1489239148.099129438 0.12347 -0.0822485 0 0 0 0 0
1489239148.131383657 0.139734 0.232708 0 0 0 0 0
1489239148.161383152 0.150237 0.250198 0 0 0 0 0
1489239148.197858334 0.164752 0.0823114 0 0 0 0 0
1489239148.230098248 0.139796 0.186249 0 0 0 0 0
1489239148.262969017 0.182818 0.137006 0 0 0 0 0
1489239148.299045324 0.166574 0.208054 0 0 0 0 0
1489239148.329735041 0.19581 0.146742 0 0 0 0 0
1489239148.363027096 0.180504 0.180363 0 0 0 0 0
1489239148.402768850 0.15121 0.151092 0 0 0 0 0
1489239148.431926250 0.206101 0.205939 0 0 0 0 0
1489239148.466187477 0.175398 0.306706 0 0 0 0 0
1489239148.500785112 0.173693 0.0867782 0 0 0 0 0
1489239148.533969879 0.181088 0.271419 0 0 0 0 0
1489239148.563142300 0.205995 0.257291 0 0 0 0 0
1489239148.600096226 0.162618 0.243735 0 0 0 0 0
1489239148.631495476 0.191386 0.191235 0 0 0 0 0
1489239148.663730621 0.186423 0.232845 0 0 0 0 0
1489239148.706049919 0.142001 0.283778 0 0 0 0 0
1489239148.731951952 0.232004 0.231821 0 0 0 0 0
1489239148.763745070 0.189015 0.330516 0 0 0 0 0
1489239148.800480366 0.163586 0.204321 0 0 0 0 0
1489239148.829771757 0.256448 0.358744 0 0 0 0 0
1489239148.861436367 0.189782 0.331857 0 0 0 0 0
1489239148.907049179 0.164684 0.0987328 0 0 0 0 0
1489239148.932260990 0.297944 0.59542 0 0 0 0 0
1489239148.965795279 0.179201 0.17906 0 0 0 0 0
1489239149.000897646 0.213994 0.213826 0 0 0 0 0
1489239149.032960176 0.187426 0.374558 0 0 0 0 0
1489239149.064215422 0.192267 0.288175 0 0 0 0 0
1489239149.101492405 0.201511 0.161082 0 0 0 0 0
1489239149.132866621 0.239423 0.334929 0 0 0 0 0
1489239149.162842035 0.250596 0.400638 0 0 0 0 0
1489239149.201494932 0.194337 0.0776739 0 0 0 0 0
1489239149.230785608 0.256454 0.410004 0 0 0 0 0
1489239149.262513161 0.236757 0.283885 0 0 0 0 0
1489239149.297340870 0.215682 0.301717 0 0 0 0 0
1489239149.338281631 0.146782 0.0733333 0 0 0 0 0
1489239149.366504669 0.266155 0.319135 0 0 0 0 0
1489239149.400306702 0.222226 0.355283 0 0 0 0 0
1489239149.432200670 0.188417 0.141202 0 0 0 0 0
1489239149.462278128 0.249745 0.249549 0 0 0 0 0
1489239149.498382568 0.166444 0.291048 0 0 0 0 0
1489239149.535737514 0.20109 0.0803728 0 0 0 0 0
1489239149.562515497 0.280518 0.392417 0 0 0 0 0
1489239149.599536180 0.202906 0.162197 0 0 0 0 0
1489239149.630132437 0.245511 0.245318 0 0 0 0 0
1489239149.662171841 0.187562 0.187414 0 0 0 0 0
1489239149.698432684 0.207157 0.206995 0 0 0 0 0
1489239149.730344772 0.235387 0.564486 0 0 0 0 0
1489239149.763478041 0.181369 -0.0453068 0 0 0 0 0
1489239149.799515009 0.208444 0.124968 0 0 0 0 0
1489239149.829569340 0.249937 0.499482 0 0 0 0 0
1489239149.862633705 0.227184 0.136204 0 0 0 0 0
1489239149.906458139 0.171404 0.17127 0 0 0 0 0
1489239149.932121992 0.234157 0.233973 0 0 0 0 0
1489239149.968870401 0.204409 0.0816994 0 0 0 0 0
1489239150.006045341 0.202064 0.444191 0 0 0 0 0
1489239150.053173065 0.127512 -0 0 0 0 0 0
1489239150.068371534 0.494241 0.296312 0 0 0 0 0
1489239150.102498293 0.220112 0.39589 0 0 0 0 0
1489239150.138055563 0.211256 0.211091 0 0 0 0 0
1489239150.168823957 0.244137 -0.0487891 0 0 0 0 0
1489239150.276497602 0.0697636 0.0836506 0 0 0 0 0
1489239150.304699898 0.799052 0.745196 0 0 0 0 0
1489239150.439285278 0.223255 0.245387 0 0 0 0 0
1489239150.471342325 0.234323 0.374622 0 0 0 0 0
1489239150.536485910 0.23062 0.230439 0 0 0 0 0
1489239150.566625118 0.29908 0.298845 0 0 0 0 0
1489239150.634330988 0.221892 0.310405 0 0 0 0 0
1489239150.706837893 0.22792 0.248444 0 0 0 0 0
1489239150.732854128 0.346478 0.346206 0 0 0 0 0
1489239150.807498932 0.241518 0.321772 0 0 0 0 0
1489239150.867960453 0.298175 0.223455 0 0 0 0 0
1489239150.902166605 0.263521 0.526628 0 0 0 0 0
1489239150.964846373 0.263654 0.215547 0 0 0 0 0
1489239151.002942324 0.236614 0.315238 0 0 0 0 0
1489239151.070375204 0.24507 0.2894 0 0 0 0 0
1489239151.098607302 0.319284 0.425377 0 0 0 0 0
1489239151.163574696 0.25437 0.277276 0 0 0 0 0
1489239151.197884321 0.218939 0.306273 0 0 0 0 0
1489239151.262511253 0.232464 0.325193 0 0 0 0 0
1489239151.300783157 0.196272 0.156894 0 0 0 0 0
1489239151.331694841 0.243005 0.388503 0 0 0 0 0
1489239151.359851837 0.213423 0.373198 0 0 0 0 0
1489239151.400701761 0.183885 0.146993 0 0 0 0 0
1489239151.430635452 0.200756 0.401196 0 0 0 0 0
1489239151.462916374 0.186158 0.186012 0 0 0 0 0
1489239151.500897884 0.158218 0.276664 0 0 0 0 0
1489239151.531146526 0.198666 0.297764 0 0 0 0 0
1489239151.564530611 0.180007 0.359731 0 0 0 0 0
1489239151.607502222 0.139845 0.139735 0 0 0 0 0
1489239151.636031151 0.210641 0.315713 0 0 0 0 0
1489239151.666445255 0.197585 0.345502 0 0 0 0 0
1489239151.701312780 0.215436 0.25832 0 0 0 0 0
1489239151.734135866 0.183083 0.274409 0 0 0 0 0
1489239151.764101267 0.200543 0.200386 0 0 0 0 0
1489239151.799146414 0.214344 0.299845 0 0 0 0 0
1489239151.832212448 0.227173 0.453989 0 0 0 0 0
1489239151.863911867 0.189573 0.142068 0 0 0 0 0
1489239151.898829222 0.215128 0.214959 0 0 0 0 0
1489239151.930786371 0.235056 0.469742 0 0 0 0 0
1489239151.963591337 0.183185 0.320321 0 0 0 0 0
1489239151.998172760 0.217218 0.0868189 0 0 0 0 0
1489239152.032149792 0.221082 0.441816 0 0 0 0 0
1489239152.063636780 0.238565 0.286054 0 0 0 0 0
1489239152.100018263 0.206471 0.288832 0 0 0 0 0
1489239152.131547213 0.190598 0.285673 0 0 0 0 0
1489239152.162737608 0.240834 0.288774 0 0 0 0 0
1489239152.199952841 0.201845 0.44371 0 0 0 0 0
1489239152.233186722 0.18082 0.135509 0 0 0 0 0
1489239152.264933586 0.236612 0.189141 0 0 0 0 0
1489239152.301192522 0.207168 0.538215 0 0 0 0 0
1489239152.332047224 0.243454 0.243263 0 0 0 0 0
1489239152.363499880 0.238826 0.286366 0 0 0 0 0
1489239152.398838043 0.212566 0.297359 0 0 0 0 0
1489239152.432142973 0.225543 0.270439 0 0 0 0 0
1489239152.464770079 0.230229 0.368077 0 0 0 0 0
1489239152.500970840 0.207501 0.373209 0 0 0 0 0
1489239152.532748222 0.236385 0.2362 0 0 0 0 0
1489239152.562713623 0.300815 0.200386 0 0 0 0 0
1489239152.598860025 0.207813 0.49836 0 0 0 0 0
1489239152.631472826 0.23033 0.138089 0 0 0 0 0
1489239152.662101507 0.294301 0.29407 0 0 0 0 0
1489239152.706367254 0.169696 0.40695 0 0 0 0 0
1489239152.734170437 0.324209 0.21597 0 0 0 0 0
1489239152.763726234 0.304984 0.406326 0 0 0 0 0
1489239152.800779104 0.202729 0.364626 0 0 0 0 0
1489239152.832881689 0.280789 0.233807 0 0 0 0 0
1489239152.863400221 0.295363 0.442696 0 0 0 0 0
1489239152.898602486 0.213387 0.341151 0 0 0 0 0
1489239152.930667400 0.281119 0.187265 0 0 0 0 0
1489239152.963293552 0.276283 0.552132 0 0 0 0 0
1489239152.999788046 0.246997 0.246803 0 0 0 0 0
1489239153.029297590 0.305462 0.254352 0 0 0 0 0
1489239153.060961962 0.237229 0.521494 0 0 0 0 0
1489239153.099481583 0.234012 0.155885 0 0 0 0 0
1489239153.131510735 0.281433 0.374949 0 0 0 0 0
1489239153.163674831 0.280252 0.513391 0 0 0 0 0
1489239153.199884653 0.207449 0.331658 0 0 0 0 0
1489239153.231529474 0.237375 0.142313 0 0 0 0 0
1489239153.263738155 0.23322 0.326251 0 0 0 0 0
1489239153.298892498 0.256413 0.42702 0 0 0 0 0
1489239153.340335846 0.181252 0.398442 0 0 0 0 0
1489239153.372039080 0.284326 -0 0 0 0 0 0
1489239153.406063557 0.264928 0.4412 0 0 0 0 0
1489239153.434184313 0.320548 0.587209 0 0 0 0 0
1489239153.462929964 0.313579 0.261111 0 0 0 0 0
1489239153.504569769 0.180397 0.252358 0 0 0 0 0
1489239153.551942587 0.190279 0.285194 0 0 0 0 0
1489239153.634560823 0.30913 0.417906 0 0 0 0 0
1489239153.666109085 0.238102 0.333081 0 0 0 0 0
1489239153.732013941 0.250752 0.364443 0 0 0 0 0
1489239153.760694027 0.314296 0.366391 0 0 0 0 0
1489239153.798650503 0.197903 0.316396 0 0 0 0 0
1489239153.836640835 0.237272 0.355629 0 0 0 0 0
1489239153.868575335 0.235222 0.329052 0 0 0 0 0
1489239153.904706955 0.249478 0.290829 0 0 0 0 0
1489239153.932364464 0.271597 0.434214 0 0 0 0 0
1489239153.964037895 0.237161 0.28437 0 0 0 0 0
1489239153.999097586 0.214255 0.428173 0 0 0 0 0
1489239154.032127380 0.227422 0.227243 0 0 0 0 0
1489239154.063763380 0.237442 0.379608 0 0 0 0 0
1489239154.100284576 0.205681 0.328831 0 0 0 0 0
1489239154.130149364 0.251524 0.301591 0 0 0 0 0
1489239154.171873808 0.180031 0.287824 0 0 0 0 0
1489239154.203658581 0.23633 0.330603 0 0 0 0 0
1489239154.233886719 0.2485 0.347627 0 0 0 0 0
1489239154.264101505 0.24861 0.49683 0 0 0 0 0
1489239154.299346685 0.213127 0.170368 0 0 0 0 0
1489239154.330543280 0.240786 0.288716 0 0 0 0 0
1489239154.362682343 0.28047 0.326958 0 0 0 0 0
1489239154.400135994 0.240672 0.440885 0 0 0 0 0
1489239154.431997776 0.235759 0.424033 0 0 0 0 0
1489239154.461917639 0.251061 -0.200691 0 0 0 0 0
1489239154.499292850 0.241177 0.682798 0 0 0 0 0
1489239154.532497644 0.226223 0.452092 0 0 0 0 0
1489239154.560034990 0.272782 0.109027 0 0 0 0 0
1489239154.605318308 0.199059 0.198902 0 0 0 0 0
1489239154.631645679 0.342383 0.798266 0 0 0 0 0
1489239154.662447214 0.292649 0.389892 0 0 0 0 0
1489239154.699220181 0.204272 0.0408224 0 0 0 0 0
1489239154.732006550 0.274933 0.366289 0 0 0 0 0
1489239154.764025211 0.281525 0.656375 0 0 0 0 0
1489239154.801977396 0.197925 0.237324 0 0 0 0 0
1489239154.832329512 0.296982 -0 0 0 0 0 0
1489239154.863673210 0.287587 0.478935 0 0 0 0 0
1489239154.901309967 0.239501 0.478626 0 0 0 0 0
1489239154.930357218 0.310324 -0 0 0 0 0 0
1489239154.962604761 0.279527 0.279307 0 0 0 0 0
1489239155.002220392 0.227538 0.454718 0 0 0 0 0
1489239155.037307978 0.256901 0.342266 0 0 0 0 0
1489239155.062576771 0.297272 0.0594077 0 0 0 0 0
1489239155.099186897 0.246217 0.41004 0 0 0 0 0
1489239155.131763697 0.276701 0.506887 0 0 0 0 0
1489239155.163442135 0.237124 0.18955 0 0 0 0 0
1489239155.197667837 0.263371 0.175443 0 0 0 0 0
1489239155.232748032 0.256955 0.513507 0 0 0 0 0
1489239155.264067888 0.287806 0.43137 0 0 0 0 0
1489239155.295769930 0.236947 0.0947044 0 0 0 0 0
1489239155.343033791 0.190717 0.285852 0 0 0 0 0
1489239155.365312099 0.337176 0.741204 0 0 0 0 0
1489239155.395638227 0.297237 0.198002 0 0 0 0 0
1489239155.441808462 0.162696 0.227595 0 0 0 0 0
1489239155.469906330 0.320809 0.427409 0 0 0 0 0
1489239155.507669210 0.198918 0.357771 0 0 0 0 0
1489239155.533458233 0.291275 0.232837 0 0 0 0 0
1489239155.562187672 0.261464 0.418013 0 0 0 0 0
1489239155.629474878 0.2456 0.356956 0 0 0 0 0
1489239155.662535191 0.227212 0.317847 0 0 0 0 0
1489239155.699686050 0.242634 0.161629 0 0 0 0 0
1489239155.732835531 0.271921 0.498131 0 0 0 0 0
1489239155.763262033 0.296256 0.345361 0 0 0 0 0
1489239155.799843073 0.246413 0.246219 0 0 0 0 0
1489239155.837552309 0.199201 0.199044 0 0 0 0 0
1489239155.871797562 0.30709 0.350685 0 0 0 0 0
1489239155.902473688 0.293846 0.685101 0 0 0 0 0
1489239155.932973862 0.295541 -0 0 0 0 0 0
1489239155.963708401 0.293287 0.0976856 0 0 0 0 0
1489239156.000668049 0.284537 0.568627 0 0 0 0 0
1489239156.033228874 0.276837 0.27662 0 0 0 0 0
1489239156.065114260 0.329818 -0.0470799 0 0 0 0 0
1489239156.100434303 0.297746 0.552522 0 0 0 0 0
1489239156.131555796 0.337914 0.675297 0 0 0 0 0
1489239156.161761045 0.298426 -0.198795 0 0 0 0 0
1489239156.201706886 0.300876 0.225479 0 0 0 0 0
1489239156.233177423 0.334166 0.763208 0 0 0 0 0
1489239156.264863491 0.331893 0.23688 0 0 0 0 0
1489239156.297918797 0.272696 0.0908272 0 0 0 0 0
1489239156.331390858 0.314184 0.403634 0 0 0 0 0
1489239156.363411427 0.328426 0.609455 0 0 0 0 0
1489239156.397949219 0.260991 -0 0 0 0 0 0
1489239156.432691813 0.345936 0.259248 0 0 0 0 0
1489239156.462290049 0.355304 0.862205 0 0 0 0 0
1489239156.499783278 0.280488 0.0800764 0 0 0 0 0
1489239156.533391714 0.312909 0.401996 0 0 0 0 0
1489239156.564153433 0.293028 0.292798 0 0 0 0 0
1489239156.600959778 0.285722 0.285498 0 0 0 0 0
1489239156.632358074 0.287087 0.573723 0 0 0 0 0
1489239156.663548708 0.288998 0.288771 0 0 0 0 0
1489239156.700908661 0.281488 0.40181 0 0 0 0 0
1489239156.732587814 0.284542 0.52125 0 0 0 0 0
1489239156.761618614 0.310499 0.361965 0 0 0 0 0
1489239156.798403025 0.245051 0.448907 0 0 0 0 0
1489239156.830824614 0.278026 0.555615 0 0 0 0 0
1489239156.864196777 0.270107 0.494807 0 0 0 0 0
1489239156.905536652 0.218047 0.254189 0 0 0 0 0
1489239156.932322025 0.336529 0.672529 0 0 0 0 0
1489239156.960700750 0.317634 0.528974 0 0 0 0 0
1489239156.999090910 0.234801 0.312822 0 0 0 0 0
1489239157.028956890 0.301816 0.502632 0 0 0 0 0
1489239157.063121319 0.263843 0.527271 0 0 0 0 0
1489239157.097431421 0.262723 0.437527 0 0 0 0 0
1489239157.132587671 0.2564 0.256198 0 0 0 0 0
1489239157.164432287 0.283063 0.565682 0 0 0 0 0
1489239157.199354887 0.258115 0.429854 0 0 0 0 0
1489239157.230785847 0.286789 0.477606 0 0 0 0 0
1489239157.264320612 0.268797 0.358115 0 0 0 0 0
1489239157.305990934 0.252371 0.432296 0 0 0 0 0
1489239157.334141254 0.320211 0.639919 0 0 0 0 0
1489239157.363595724 0.357039 0.305793 0 0 0 0 0
1489239157.402979136 0.267026 0.457399 0 0 0 0 0
1489239157.427857161 0.422718 0.543068 0 0 0 0 0
1489239157.465380669 0.280261 0.400059 0 0 0 0 0
1489239157.500961542 0.25334 0.464091 0 0 0 0 0
1489239157.532155752 0.337126 0.433108 0 0 0 0 0
1489239157.563263416 0.289769 0.579083 0 0 0 0 0
1489239157.600630045 0.241232 0.200869 0 0 0 0 0
1489239157.630067825 0.357241 0.407955 0 0 0 0 0
1489239157.663408995 0.270358 0.720388 0 0 0 0 0
1489239157.699335337 0.250904 -0.0835688 0 0 0 0 0
1489239157.729878426 0.344313 0.49149 0 0 0 0 0
1489239157.761301041 0.286865 0.859919 0 0 0 0 0
1489239157.799766064 0.234344 -0 0 0 0 0 0
1489239157.832177877 0.27811 0.463152 0 0 0 0 0
1489239157.861206055 0.310527 0.620567 0 0 0 0 0
1489239157.899469376 0.274842 0.274627 0 0 0 0 0
1489239157.931093454 0.237531 0.284814 0 0 0 0 0
1489239157.962472200 0.287266 0.28704 0 0 0 0 0
1489239158.002181292 0.227002 0.529255 0 0 0 0 0
1489239158.031190872 0.310726 0.258735 0 0 0 0 0
1489239158.060974360 0.302652 0.100805 0 0 0 0 0
1489239158.101364613 0.260369 0.408831 0 0 0 0 0
1489239158.130837440 0.305843 0.560271 0 0 0 0 0
1489239158.198557377 0.266215 0.221672 0 0 0 0 0
1489239158.230988503 0.277944 0.370301 0 0 0 0 0
1489239158.262386799 0.287087 0.573723 0 0 0 0 0
1489239158.296866179 0.261433 0.0870759 0 0 0 0 0
1489239158.336625099 0.188931 0.188783 0 0 0 0 0
1489239158.363811731 0.331562 0.441735 0 0 0 0 0
1489239158.399662256 0.251434 0.418728 0 0 0 0 0
1489239158.431621552 0.23504 0.187884 0 0 0 0 0
1489239158.462155104 0.295218 0.0983286 0 0 0 0 0
1489239158.498836279 0.204784 0.491095 0 0 0 0 0
1489239158.530364037 0.238257 0.333298 0 0 0 0 0
1489239158.562350750 0.187871 -0 0 0 0 0 0
1489239158.599852562 0.200302 0.240174 0 0 0 0 0
1489239158.630004168 0.298957 0.398297 0 0 0 0 0
1489239158.662109613 0.23397 0.233786 0 0 0 0 0
1489239158.698484421 0.206508 0.0412692 0 0 0 0 0
1489239158.729790926 0.239941 0.287703 0 0 0 0 0
1489239158.764876127 0.256919 0.171145 0 0 0 0 0
1489239158.805000067 0.187213 0.149652 0 0 0 0 0
1489239158.835525751 0.295294 0.049177 0 0 0 0 0
1489239158.865960836 0.246811 0.29594 0 0 0 0 0
1489239158.931164980 0.230406 0.0690674 0 0 0 0 0
1489239158.962066174 0.243088 0.242897 0 0 0 0 0
1489239159.004508018 0.176988 0.141479 0 0 0 0 0
1489239159.033705950 0.205815 -0 0 0 0 0 0
1489239159.065369606 0.237234 0.189638 0 0 0 0 0
1489239159.107435465 0.142856 0.0713719 0 0 0 0 0
1489239159.135365963 0.215154 0.214985 0 0 0 0 0
1489239159.164789200 0.204239 0.204078 0 0 0 0 0
1489239159.203025341 0.157164 0.0785205 0 0 0 0 0
1489239159.232360363 0.204853 0.153519 0 0 0 0 0
1489239159.261558294 0.205815 0.102827 0 0 0 0 0
1489239159.300537348 0.154169 0.115536 0 0 0 0 0
1489239159.331006527 0.197228 0.0985363 0 0 0 0 0
1489239159.361375809 0.197876 0.148291 0 0 0 0 0
1489239159.398282051 0.162828 0.08135 0 0 0 0 0
1489239159.462435722 0.163925 0.116997 0 0 0 0 0
1489239159.501713753 0.114747 0.0764377 0 0 0 0 0
1489239159.533501387 0.141785 -0 0 0 0 0 0
1489239159.561723232 0.1597 0.265957 0 0 0 0 0
1489239159.595046997 0.13525 0.135143 0 0 0 0 0
1489239159.640455723 0.0661697 -0 0 0 0 0 0
1489239159.666637182 0.114764 -0 0 0 0 0 0
1489239159.704332352 0.07971 0.0796474 0 0 0 0 0
1489239159.733817577 0.101905 0.203649 0 0 0 0 0
1489239159.764386892 0.0982908 -0.0982136 0 0 0 0 0
1489239159.801445007 0.0810803 -0 0 0 0 0 0
1489239159.827456951 0.115512 0.230842 0 0 0 0 0
1489239159.863038540 0.0422224 -0.0421893 0 0 0 0 0
1489239159.898900032 0.0418929 -0.04186 0 0 0 0 0
1489239159.931216717 0.0464881 0.0929031 0 0 0 0 0
1489239159.961457491 0.0496793 -0 0 0 0 0 0
1489239159.998851061 -0 -0.16058 0 0 0 0 0
1489239160.031575680 -0 -0.0458725 0 0 0 0 0
1489239160.063643217 -0 0.140437 0 0 0 0 0
1489239160.131895542 -0 -0.131966 0 0 0 0 0
1489239160.163875341 -0 0.0938818 0 0 0 0 0
1489239160.199540377 -0 0.0420905 0 0 0 0 0
1489239160.232221127 -0 -0.183736 0 0 0 0 0
1489239160.261329174 -0 -0.051572 0 0 0 0 0
1489239160.298531771 0.0403827 0.040351 0 0 0 0 0
1489239160.328823090 -0 -0.0991149 0 0 0 0 0
1489239160.363430500 -0 -0.173507 0 0 0 0 0
1489239160.400696516 -0 -0 0 0 0 0 0
1489239160.429526091 -0 -0 0 0 0 0 0
1489239160.460067511 -0 -0.245758 0 0 0 0 0
1489239160.505085468 -0.033372 -0 0 0 0 0 0
1489239160.533708572 -0.052487 -0.157337 0 0 0 0 0
1489239160.564966679 -0.0480624 -0 0 0 0 0 0
1489239160.607205629 -0.0355677 -0.213238 0 0 0 0 0
1489239160.635730982 -0 -0.210502 0 0 0 0 0
1489239160.664633989 -0 -0 0 0 0 0 0
1489239160.699606895 0.0429573 -0.472159 0 0 0 0 0
1489239160.731134415 -0 -0.190457 0 0 0 0 0
1489239160.761989355 0.0486904 -0.145957 0 0 0 0 0
1489239160.800887585 0.0386223 -0.347328 0 0 0 0 0
1489239160.833517551 0.0460418 -0.230028 0 0 0 0 0
1489239160.863986731 -0 -0.197073 0 0 0 0 0
1489239160.900301456 0.04137 -0.289363 0 0 0 0 0
1489239160.931340694 0.0484013 -0.338543 0 0 0 0 0
1489239160.962806225 0.0477456 -0.381665 0 0 0 0 0
1489239161.001104832 0.0784541 -0.117589 0 0 0 0 0
1489239161.031730652 -0 -0.490162 0 0 0 0 0
1489239161.058673382 0.111521 -0.780034 0 0 0 0 0
1489239161.102749825 0.0681698 -0.102174 0 0 0 0 0
1489239161.131108284 0.0529768 -0.423482 0 0 0 0 0
1489239161.163158894 0.093748 -0.702558 0 0 0 0 0
1489239161.197654009 0.0871046 -0.261108 0 0 0 0 0
1489239161.232830048 0.0854184 -0.341405 0 0 0 0 0
1489239161.261666298 0.104198 -0.624697 0 0 0 0 0
1489239161.299295664 0.0399247 -0.279253 0 0 0 0 0
1489239161.332689285 0.0449889 -0.449535 0 0 0 0 0
1489239161.364704847 0.0469253 -0.421996 0 0 0 0 0
1489239161.399100065 0.0436788 -0.3928 0 0 0 0 0
1489239161.430211306 0.0482893 -0.434263 0 0 0 0 0
1489239161.461620331 0.0478315 -0.477939 0 0 0 0 0
1489239161.499465704 0.0396968 -0.277659 0 0 0 0 0
1489239161.530218601 -0 -0.488136 0 0 0 0 0
1489239161.562781811 -0 -0.553199 0 0 0 0 0
1489239161.601068735 0.039239 -0.313665 0 0 0 0 0
1489239161.631576061 -0 -0.295239 0 0 0 0 0
1489239161.662477732 -0 -0.582944 0 0 0 0 0
1489239161.699651480 -0 -0.565352 0 0 0 0 0
1489239161.730085611 -0 -0.246625 0 0 0 0 0
1489239161.760948896 -0 -0.389112 0 0 0 0 0
1489239161.800352573 -0 -0.609552 0 0 0 0 0
1489239161.832064629 -0 -0.378698 0 0 0 0 0
1489239161.863861322 -0 -0.37769 0 0 0 0 0
1489239161.900078058 -0 -0.414494 0 0 0 0 0
1489239161.932283878 -0 -0.372892 0 0 0 0 0
1489239161.963304520 -0 -0.725885 0 0 0 0 0
1489239161.998292923 -0 -0.171618 0 0 0 0 0
1489239162.036097288 -0 -0.436795 0 0 0 0 0
1489239162.062063932 -0 -0.693733 0 0 0 0 0
1489239162.098436594 -0 -0.49526 0 0 0 0 0
1489239162.131866932 -0 -0.269425 0 0 0 0 0
1489239162.162100554 -0.0496911 -0.595824 0 0 0 0 0
1489239162.206062317 -0 -0.478058 0 0 0 0 0
1489239162.237258434 -0 -0.288721 0 0 0 0 0
1489239162.271565676 -0 -0.525077 0 0 0 0 0
1489239162.302367687 -0 -0.58483 0 0 0 0 0
1489239162.331942081 -0.0507987 -0.40607 0 0 0 0 0
1489239162.363460541 -0 -0.762048 0 0 0 0 0
1489239162.403420448 -0 -0.2254 0 0 0 0 0
1489239162.431492329 -0.0535176 -0.588232 0 0 0 0 0
1489239162.461958170 -0 -0.788377 0 0 0 0 0
1489239162.498416424 -0 -0.329398 0 0 0 0 0
1489239162.529553413 -0 -0.578538 0 0 0 0 0
1489239162.560957432 -0 -0.573619 0 0 0 0 0
1489239162.598772049 -0.0397291 -0.357281 0 0 0 0 0
1489239162.631354332 -0.0461091 -0.691094 0 0 0 0 0
1489239162.661822557 -0 -0.394158 0 0 0 0 0
1489239162.699881077 -0.0394745 -0.394435 0 0 0 0 0
1489239162.730879784 -0 -0.629545 0 0 0 0 0
1489239162.760804892 -0 -0.501639 0 0 0 0 0
1489239162.800177097 -0 -0.228765 0 0 0 0 0
1489239162.830802679 -0.0490551 -0.784265 0 0 0 0 0
1489239162.863413572 -0 -0.506357 0 0 0 0 0
1489239162.897835255 -0.0872904 -0.261665 0 0 0 0 0
1489239162.931067228 -0 -0.767927 0 0 0 0 0
1489239162.965241909 -0.0439606 -0.219631 0 0 0 0 0
1489239162.997545719 -0.0930132 -0.464701 0 0 0 0 0
1489239163.030364752 -0 -0.82333 0 0 0 0 0
1489239163.060971498 -0.0981706 -0 0 0 0 0 0
1489239163.099627495 -0.0777287 -0.621341 0 0 0 0 0
1489239163.131327868 -0.0473919 -0.71032 0 0 0 0 0
1489239163.163682699 -0.0464333 -0.185587 0 0 0 0 0
1489239163.200885773 -0.0403822 -0.363154 0 0 0 0 0
1489239163.232723951 -0.0943735 -0.754395 0 0 0 0 0
1489239163.257795572 -0.059922 -0.718499 0 0 0 0 0
1489239163.305526733 -0.0314751 -0.188702 0 0 0 0 0
1489239163.329399347 -0.0629316 -1.00611 0 0 0 0 0
1489239163.359623909 -0.049706 -0.496669 0 0 0 0 0
1489239163.398733854 -0.0384133 -0.230299 0 0 0 0 0
1489239163.431417465 -0.0919324 -0.688951 0 0 0 0 0
1489239163.464512587 -0 -0.544308 0 0 0 0 0
1489239163.505086184 -0.0740551 -0.184992 0 0 0 0 0
1489239163.536032677 -0.0485464 -0.679116 0 0 0 0 0
1489239163.562595606 -0.113116 -0.678161 0 0 0 0 0
1489239163.599548340 -0.0406557 -0.406238 0 0 0 0 0
1489239163.631427765 -0.0471257 -0.470887 0 0 0 0 0
1489239163.661579370 -0.0498262 -0.647232 0 0 0 0 0
1489239163.699090481 -0.0400506 -0.400191 0 0 0 0 0
1489239163.729425907 -0.0495243 -0.494854 0 0 0 0 0
1489239163.760853767 -0.0478028 -0.573183 0 0 0 0 0
1489239163.806657076 -0.0327998 -0.393289 0 0 0 0 0
1489239163.833061695 -0 -0.568522 0 0 0 0 0
1489239163.863672256 -0 -0.539447 0 0 0 0 0
1489239163.899356127 -0 -0.588957 0 0 0 0 0
1489239163.931633472 -0 -0.51159 0 0 0 0 0
1489239163.964281797 -0 -0.505777 0 0 0 0 0
1489239164.002946377 -0 -0.465903 0 0 0 0 0
1489239164.030905008 -0 -0.429538 0 0 0 0 0
1489239164.062952280 -0 -0.515263 0 0 0 0 0
1489239164.099856138 -0.0407096 -0.650842 0 0 0 0 0
1489239164.131141424 -0 -0.431847 0 0 0 0 0
1489239164.164175272 -0 -0.0908862 0 0 0 0 0
1489239164.205516577 -0.0363399 -0.762539 0 0 0 0 0
1489239164.232181787 -0 -0.450373 0 0 0 0 0
1489239164.262356281 -0 -0.397995 0 0 0 0 0
1489239164.306244373 -0 -0.47886 0 0 0 0 0
1489239164.331068277 -0 -0.604724 0 0 0 0 0
1489239164.364672422 -0.044707 -0.357375 0 0 0 0 0
1489239164.399429083 -0 -0.604668 0 0 0 0 0
1489239164.432666540 -0 -0.361318 0 0 0 0 0
1489239164.464593649 -0 -0.423165 0 0 0 0 0
1489239164.502670527 -0 -0.551943 0 0 0 0 0
1489239164.534260988 -0 -0.380155 0 0 0 0 0
1489239164.563555717 -0.0512837 -0.563677 0 0 0 0 0
1489239164.601881504 -0 -0.470021 0 0 0 0 0
1489239164.629173040 -0.0550479 -0.440037 0 0 0 0 0
1489239164.661634922 -0 -0.601169 0 0 0 0 0
1489239164.704270601 -0 -0.246463 0 0 0 0 0
1489239164.731199026 -0 -0.668956 0 0 0 0 0
1489239164.763538122 -0 -0.603452 0 0 0 0 0
1489239164.798842430 -0 -0.340165 0 0 0 0 0
1489239164.832710505 -0 -0.398914 0 0 0 0 0
1489239164.863876820 -0 -0.577994 0 0 0 0 0
1489239164.900565863 -0 -0.409158 0 0 0 0 0
1489239164.930943489 -0 -0.345917 0 0 0 0 0
1489239164.964664698 -0 -0.489685 0 0 0 0 0
1489239165.002262354 -0 -0.479124 0 0 0 0 0
1489239165.033097506 -0 -0.389467 0 0 0 0 0
1489239165.062869310 -0 -0.4538 0 0 0 0 0
1489239165.099346399 -0 -0.493842 0 0 0 0 0
1489239165.134788752 -0 -0.381195 0 0 0 0 0
1489239165.161701202 -0 -0.502015 0 0 0 0 0
1489239165.199621916 -0 -0.395868 0 0 0 0 0
1489239165.232888937 -0 -0.541495 0 0 0 0 0
1489239165.263544321 -0 -0.489689 0 0 0 0 0
1489239165.300451279 -0 -0.284719 0 0 0 0 0
1489239165.330827236 -0 -0.642452 0 0 0 0 0
1489239165.362619400 -0 -0.566615 0 0 0 0 0
1489239165.399790049 -0 -0.323085 0 0 0 0 0
1489239165.431306124 -0 -0.381053 0 0 0 0 0
1489239165.463586092 -0 -0.558053 0 0 0 0 0
1489239165.506087065 -0 -0.423847 0 0 0 0 0
1489239165.532755375 -0 -0.45032 0 0 0 0 0
1489239165.564559698 -0 -0.566399 0 0 0 0 0
1489239165.600714445 -0 -0.415204 0 0 0 0 0
1489239165.636943817 -0 -0.414349 0 0 0 0 0
1489239165.664987803 -0 -0.535288 0 0 0 0 0
1489239165.701289654 -0 -0.496226 0 0 0 0 0
1489239165.732365131 -0 -0.579683 0 0 0 0 0
1489239165.762431622 -0 -0.449352 0 0 0 0 0
1489239165.798254251 -0 -0.54477 0 0 0 0 0
1489239165.829211473 -0 -0.484915 0 0 0 0 0
1489239165.860902071 -0 -0.66317 0 0 0 0 0
1489239165.897916317 -0 -0.486676 0 0 0 0 0
1489239165.929519653 -0 -0.285 0 0 0 0 0
1489239165.960245609 -0 -0.879416 0 0 0 0 0
1489239166.003535271 0.0347044 -0.381448 0 0 0 0 0
1489239166.029747725 -0 -0.458152 0 0 0 0 0
1489239166.062158585 0.046353 -0.787382 0 0 0 0 0
1489239166.100352287 -0 -0.393039 0 0 0 0 0
1489239166.138441086 0.0394431 -0.55177 0 0 0 0 0
1489239166.163938522 0.0589213 -0.647625 0 0 0 0 0
1489239166.200471640 -0 -0.493085 0 0 0 0 0
1489239166.231593132 0.0965468 -0.771768 0 0 0 0 0
1489239166.261674643 -0 -0.399225 0 0 0 0 0
1489239166.307953119 0.0324631 -0.454126 0 0 0 0 0
1489239166.336249352 0.0530933 -0.689671 0 0 0 0 0
1489239166.363779068 0.0545716 -0.545287 0 0 0 0 0
1489239166.400027514 0.0414457 -0.621197 0 0 0 0 0
1489239166.429138899 0.0516066 -0.412529 0 0 0 0 0
1489239166.461771727 -0 -0.736025 0 0 0 0 0
1489239166.495465994 0.0891749 -0.757391 0 0 0 0 0
1489239166.529077530 0.0893944 -0.178648 0 0 0 0 0
1489239166.563615799 -0 -0.608492 0 0 0 0 0
1489239166.599674702 0.083327 -0.832616 0 0 0 0 0
1489239166.634883404 0.0426696 -0.255816 0 0 0 0 0
1489239166.664860964 -0 -0.701066 0 0 0 0 0
1489239166.701151609 0.0827949 -0.661839 0 0 0 0 0
1489239166.731874228 0.0489002 -0.439756 0 0 0 0 0
1489239166.758687735 0.112059 -0.895764 0 0 0 0 0
1489239166.800327539 0.0360794 -0.360511 0 0 0 0 0
1489239166.830465317 -0 -0.597719 0 0 0 0 0
1489239166.861872673 0.0956681 -0.669151 0 0 0 0 0
1489239166.899260283 0.0401829 -0.32121 0 0 0 0 0
1489239166.930193901 0.0485666 -0.727927 0 0 0 0 0
1489239166.960637569 0.0493482 -0.641023 0 0 0 0 0
1489239167.005099773 0.0337892 -0.303864 0 0 0 0 0
1489239167.028752327 -0 -0.634672 0 0 0 0 0
1489239167.062737942 0.0442052 -0.574216 0 0 0 0 0
1489239167.102789164 0.0375105 -0.412291 0 0 0 0 0
1489239167.134101868 0.0479786 -0.623232 0 0 0 0 0
1489239167.162661552 0.0526036 -0.367936 0 0 0 0 0
1489239167.199436665 -0 -0.32656 0 0 0 0 0
1489239167.231412172 0.0469841 -0.657261 0 0 0 0 0
1489239167.264787197 0.0450139 -0.359829 0 0 0 0 0
1489239167.308094025 0.0346906 -0.31197 0 0 0 0 0
1489239167.333974838 -0 -0.580028 0 0 0 0 0
1489239167.364686728 0.0489172 -0.488788 0 0 0 0 0
1489239167.400344610 -0 -0.168396 0 0 0 0 0
1489239167.432985067 -0 -0.643871 0 0 0 0 0
1489239167.462690830 -0 -0.404275 0 0 0 0 0
1489239167.498986006 -0 -0.206799 0 0 0 0 0
1489239167.528505802 -0 -0.406821 0 0 0 0 0
1489239167.562123060 -0 -0.40189 0 0 0 0 0
1489239167.594833612 -0 -0.367138 0 0 0 0 0
1489239167.634981394 0.0374203 -0.186954 0 0 0 0 0
1489239167.661290407 -0 -0.45647 0 0 0 0 0
1489239167.702609777 -0 -0.326976 0 0 0 0 0
1489239167.731513023 -0 -0.311625 0 0 0 0 0
1489239167.762559891 -0 -0.145054 0 0 0 0 0
1489239167.800261736 -0 -0.398166 0 0 0 0 0
1489239167.829500437 -0 -0.256708 0 0 0 0 0
1489239167.861392021 -0 -0 0 0 0 0 0
1489239167.898087740 -0.0409405 -0.449992 0 0 0 0 0
1489239167.927422047 -0 -0.307045 0 0 0 0 0
1489239167.968391895 -0 0.0732812 0 0 0 0 0
1489239168.003532171 -0 -0.299034 0 0 0 0 0
1489239168.030166388 -0 -0.338173 0 0 0 0 0
1489239168.068171978 -0 -0.0394984 0 0 0 0 0
1489239168.102275610 -0 -0.132053 0 0 0 0 0
1489239168.137242556 -0 -0.171723 0 0 0 0 0
1489239168.162599564 -0 -0.118402 0 0 0 0 0
1489239168.201032877 -0 -0 0 0 0 0 0
1489239168.232795000 -0 -0.0472626 0 0 0 0 0
1489239168.263414383 -0 -0.196106 0 0 0 0 0
1489239168.296498060 -0 -0.0453747 0 0 0 0 0
1489239168.330130339 -0 0.0446345 0 0 0 0 0
1489239168.362228632 -0 -0.0935352 0 0 0 0 0
1489239168.399703026 -0 -0 0 0 0 0 0
1489239168.432038546 -0 0.092849 0 0 0 0 0
1489239168.464546919 -0.046214 0.0923553 0 0 0 0 0
1489239168.503996849 -0.0761644 -0 0 0 0 0 0
1489239168.531855345 -0.107855 -0 0 0 0 0 0
1489239168.563614368 -0.0946088 0.0945344 0 0 0 0 0
1489239168.600580931 -0.0812811 0.0812172 0 0 0 0 0
1489239168.632545948 -0.140999 -0.0469626 0 0 0 0 0
1489239168.664328814 -0.141807 -0 0 0 0 0 0
1489239168.701756477 -0.0802797 0.0802166 0 0 0 0 0
1489239168.733908415 -0.140179 -0 0 0 0 0 0
1489239168.762579679 -0.157197 0.0523577 0 0 0 0 0
1489239168.800705671 -0.118214 0.196868 0 0 0 0 0
1489239168.833365202 -0.138 0.0919279 0 0 0 0 0
1489239168.861611128 -0.159564 0.106292 0 0 0 0 0
1489239168.900381804 -0.154998 0.154876 0 0 0 0 0
1489239168.930649281 -0.148906 0.247982 0 0 0 0 0
1489239168.959294558 -0.209785 0.209621 0 0 0 0 0
1489239168.996258259 -0.162575 -0 0 0 0 0 0
1489239169.028826714 -0.184515 0.36874 0 0 0 0 0
1489239169.061930180 -0.226916 0.272085 0 0 0 0 0
1489239169.098348618 -0.206261 -0.0412198 0 0 0 0 0
1489239169.129874706 -0.190616 0.190466 0 0 0 0 0
1489239169.163880348 -0.176717 0.353156 0 0 0 0 0
1489239169.198420763 -0.217476 0.043461 0 0 0 0 0
1489239169.231038332 -0.230296 -0 0 0 0 0 0
1489239169.261189461 -0.199308 0.298727 0 0 0 0 0
1489239169.299494982 -0.1961 0.274324 0 0 0 0 0
1489239169.332798719 -0.225551 0.0901497 0 0 0 0 0
1489239169.364999294 -0.233279 -0 0 0 0 0 0
1489239169.402047873 -0.202753 0.32415 0 0 0 0 0
1489239169.429827929 -0.270399 0.270187 0 0 0 0 0
1489239169.463373184 -0.268713 0.0895006 0 0 0 0 0
1489239169.499352932 -0.208776 0.16689 0 0 0 0 0
1489239169.537189484 -0.19853 0.396749 0 0 0 0 0
1489239169.565005541 -0.324059 0.323805 0 0 0 0 0
1489239169.601062059 -0.249998 0.0832671 0 0 0 0 0
1489239169.631863832 -0.292647 0.341153 0 0 0 0 0
1489239169.662072182 -0.298396 0.447242 0 0 0 0 0
1489239169.702676058 -0.222 0.147883 0 0 0 0 0
1489239169.730085135 -0.328871 0.273844 0 0 0 0 0
1489239169.761586905 -0.286144 0.285919 0 0 0 0 0
1489239169.799413681 -0.238298 0.317481 0 0 0 0 0
1489239169.829740286 -0.297232 0.247499 0 0 0 0 0
1489239169.861921787 -0.2801 0.0932934 0 0 0 0 0
1489239169.902618647 -0.221492 0.295091 0 0 0 0 0
1489239169.932221651 -0.304498 0.456388 0 0 0 0 0
1489239169.962314606 -0.349463 0.249421 0 0 0 0 0
1489239169.999249935 -0.244049 0.0812859 0 0 0 0 0
1489239170.031390190 -0.28046 0.373652 0 0 0 0 0
1489239170.064179182 -0.274911 0.503607 0 0 0 0 0
1489239170.098963976 -0.259138 0.0863113 0 0 0 0 0
1489239170.129623652 -0.294003 0.24481 0 0 0 0 0
1489239170.160566807 -0.29131 0.485135 0 0 0 0 0
1489239170.206933022 -0.19441 0.129505 0 0 0 0 0
1489239170.236091375 -0.360665 0.51483 0 0 0 0 0
1489239170.265442610 -0.358295 0.460303 0 0 0 0 0
1489239170.305948973 -0.296712 0.222359 0 0 0 0 0
1489239170.332127810 -0.401713 0.45874 0 0 0 0 0
1489239170.363453627 -0.383668 0.479209 0 0 0 0 0
1489239170.404961824 -0.253357 0.253158 0 0 0 0 0
1489239170.431479692 -0.453231 0.679313 0 0 0 0 0
1489239170.467821598 -0.330713 0.371759 0 0 0 0 0
1489239170.501877546 -0.352911 0.264476 0 0 0 0 0
1489239170.532845259 -0.388105 0.48475 0 0 0 0 0
1489239170.562869787 -0.400297 0.599974 0 0 0 0 0
1489239170.603559971 -0.332293 0.29514 0 0 0 0 0
1489239170.631062746 -0.437001 0.436657 0 0 0 0 0
1489239170.661321878 -0.397193 0.694542 0 0 0 0 0
1489239170.702501535 -0.328343 0.255178 0 0 0 0 0
1489239170.731210709 -0.418637 0.627462 0 0 0 0 0
1489239170.762146473 -0.437069 0.630826 0 0 0 0 0
1489239170.798604012 -0.370872 0.164702 0 0 0 0 0
1489239170.832259655 -0.357109 0.62445 0 0 0 0 0
1489239170.861898184 -0.40551 0.557139 0 0 0 0 0
1489239170.899227858 -0.362207 0.321709 0 0 0 0 0
1489239170.931391478 -0.373675 0.466726 0 0 0 0 0
1489239170.964429140 -0.409262 0.499816 0 0 0 0 0
1489239171.001056910 -0.369148 0.409842 0 0 0 0 0
1489239171.032552242 -0.429304 0.571956 0 0 0 0 0
1489239171.062388659 -0.503526 0.452817 0 0 0 0 0
1489239171.099432230 -0.365004 0.364718 0 0 0 0 0
1489239171.132906437 -0.448806 0.717525 0 0 0 0 0
1489239171.163483858 -0.491324 0.245469 0 0 0 0 0
1489239171.199989080 -0.370387 0.45234 0 0 0 0 0
1489239171.230502129 -0.49236 0.983947 0 0 0 0 0
1489239171.262058020 -0.523698 0.142714 0 0 0 0 0
1489239171.299349070 -0.402869 0.402553 0 0 0 0 0
1489239171.330744982 -0.478515 0.765022 0 0 0 0 0
1489239171.361842155 -0.483112 0.579279 0 0 0 0 0
1489239171.399163961 -0.402537 0.0804442 0 0 0 0 0
1489239171.460664988 -0.46413 0.683444 0 0 0 0 0
1489239171.497246027 -0.36962 0.287256 0 0 0 0 0
1489239171.531270027 -0.397398 0.617689 0 0 0 0 0
1489239171.562441587 -0.481959 0.674212 0 0 0 0 0
1489239171.599972486 -0.400294 0.119994 0 0 0 0 0
1489239171.629448652 -0.458712 0.560207 0 0 0 0 0
1489239171.661214828 -0.425644 0.850618 0 0 0 0 0
1489239171.698399305 -0.404024 -0 0 0 0 0 0
1489239171.732456923 -0.441117 0.0881542 0 0 0 0 0
1489239171.763173580 -0.440187 1.07517 0 0 0 0 0
1489239171.798572063 -0.424408 0.33926 0 0 0 0 0
1489239171.831240892 -0.45987 -0 0 0 0 0 0
1489239171.862426758 -0.433564 0.673903 0 0 0 0 0
1489239171.902918339 -0.333923 0.630248 0 0 0 0 0
1489239171.963436365 -0.496494 0.297662 0 0 0 0 0
1489239172.007045507 -0.344501 0.619615 0 0 0 0 0
1489239172.064429760 -0.523607 0.340077 0 0 0 0 0
1489239172.104996443 -0.333305 0.666086 0 0 0 0 0
1489239172.132709503 -0.596316 0.54168 0 0 0 0 0
1489239172.163106680 -0.494237 -0 0 0 0 0 0
1489239172.200216055 -0.404841 0.809047 0 0 0 0 0
1489239172.232519627 -0.46507 0.278823 0 0 0 0 0
1489239172.264184237 -0.474454 0.474082 0 0 0 0 0
1489239172.299466848 -0.425802 0.510561 0 0 0 0 0
1489239172.331359625 -0.518166 0.329483 0 0 0 0 0
1489239172.364323139 -0.455759 0.546481 0 0 0 0 0
1489239172.401312113 -0.406159 0.60876 0 0 0 0 0
1489239172.431087017 -0.555023 -0 0 0 0 0 0
1489239172.460911512 -0.402982 0.603998 0 0 0 0 0
1489239172.499293089 -0.391422 0.938676 0 0 0 0 0
1489239172.531493425 -0.513217 -0.0932388 0 0 0 0 0
1489239172.561393499 -0.502454 -0 0 0 0 0 0
1489239172.598706007 -0.362374 0.844874 0 0 0 0 0
1489239172.628882885 -0.497845 0.596945 0 0 0 0 0
1489239172.662273645 -0.49492 0.0899147 0 0 0 0 0
1489239172.698409557 -0.415747 0.249252 0 0 0 0 0
1489239172.730381489 -0.422904 0.939049 0 0 0 0 0
1489239172.763756752 -0.450136 0.359826 0 0 0 0 0
1489239172.800815582 -0.445933 0.16203 0 0 0 0 0
1489239172.830720425 -0.502374 0.401583 0 0 0 0 0
1489239172.860035419 -0.461234 0.819327 0 0 0 0 0
1489239172.907812119 -0.314451 0.251363 0 0 0 0 0
1489239172.933422089 -0.586623 0.351698 0 0 0 0 0
1489239172.962788582 -0.511583 0.511181 0 0 0 0 0
1489239172.997980833 -0.384206 0.554528 0 0 0 0 0
1489239173.029347658 -0.478959 0.478582 0 0 0 0 0
1489239173.060985088 -0.474862 0.284693 0 0 0 0 0
1489239173.106961250 -0.294089 0.359159 0 0 0 0 0
1489239173.134773493 -0.486155 0.647698 0 0 0 0 0
1489239173.166860104 -0.468214 0.327493 0 0 0 0 0
1489239173.200222731 -0.450307 0.269972 0 0 0 0 0
1489239173.231704473 -0.429489 0.715253 0 0 0 0 0
1489239173.263021231 -0.479724 0.191739 0 0 0 0 0
1489239173.299477577 -0.329674 0.329416 0 0 0 0 0
1489239173.328571320 -0.516379 1.03195 0 0 0 0 0
1489239173.363086939 -0.435264 0.217461 0 0 0 0 0
1489239173.398571730 -0.465714 0.126913 0 0 0 0 0
1489239173.430407524 -0.424713 0.848758 0 0 0 0 0
1489239173.463025093 -0.506652 0.736369 0 0 0 0 0
1489239173.500079155 -0.405446 -0 0 0 0 0 0
1489239173.529401779 -0.614818 0.716725 0 0 0 0 0
1489239173.560034037 -0.4414 0.539065 0 0 0 0 0
1489239173.604312658 -0.339293 0.745857 0 0 0 0 0
1489239173.631395102 -0.665674 -0.221717 0 0 0 0 0
1489239173.664017916 -0.460518 0.276094 0 0 0 0 0
1489239173.700779438 -0.408672 1.06171 0 0 0 0 0
1489239173.731491804 -0.538081 0.24439 0 0 0 0 0
1489239173.763235092 -0.520606 0.283744 0 0 0 0 0
1489239173.798017263 -0.431928 0.431589 0 0 0 0 0
1489239173.829936504 -0.470669 1.03466 0 0 0 0 0
1489239173.860306501 -0.544147 -0 0 0 0 0 0
1489239173.897319317 -0.405897 0.324463 0 0 0 0 0
1489239173.929317951 -0.469502 0.750612 0 0 0 0 0
1489239173.964343309 -0.428929 0.471452 0 0 0 0 0
1489239174.002156019 -0.397311 0.1588 0 0 0 0 0
1489239174.030038118 -0.484937 0.646075 0 0 0 0 0
1489239174.061558485 -0.476625 0.666751 0 0 0 0 0
1489239174.101655722 -0.337207 0.149752 0 0 0 0 0
1489239174.133600235 -0.423267 0.469928 0 0 0 0 0
1489239174.164326191 -0.440054 0.488564 0 0 0 0 0
1489239174.205004454 -0.295458 0.405936 0 0 0 0 0
1489239174.232839584 -0.539728 0.269652 0 0 0 0 0
1489239174.263670206 -0.389831 0.292143 0 0 0 0 0
1489239174.300207376 -0.328945 0.616288 0 0 0 0 0
1489239174.332172871 -0.422989 0.328733 0 0 0 0 0
1489239174.363965750 -0.425286 0.283301 0 0 0 0 0
1489239174.400688887 -0.327279 0.327022 0 0 0 0 0
1489239174.432571650 -0.376966 0.565005 0 0 0 0 0
1489239174.463163853 -0.392869 0.34349 0 0 0 0 0
1489239174.500221729 -0.364864 0.162034 0 0 0 0 0
1489239174.532534122 -0.371954 0.511035 0 0 0 0 0
1489239174.563556910 -0.387416 0.532279 0 0 0 0 0
1489239174.598694563 -0.342047 -0 0 0 0 0 0
1489239174.630199432 -0.381488 0.571782 0 0 0 0 0
1489239174.663108826 -0.365207 0.638609 0 0 0 0 0
1489239174.701585770 -0.312362 0.117044 0 0 0 0 0
1489239174.733066320 -0.381783 0.238427 0 0 0 0 0
1489239174.763319254 -0.397275 0.347342 0 0 0 0 0
1489239174.799802542 -0.288252 0.699491 0 0 0 0 0
1489239174.831380367 -0.428182 -0 0 0 0 0 0
1489239174.863118172 -0.378688 -0 0 0 0 0 0
1489239174.901040792 -0.277312 0.672942 0 0 0 0 0
1489239174.930990219 -0.401301 0.501232 0 0 0 0 0
1489239174.961261988 -0.397028 -0.148768 0 0 0 0 0
1489239174.999576330 -0.313687 0.470162 0 0 0 0 0
1489239175.031205177 -0.379993 0.711926 0 0 0 0 0
1489239175.062223673 -0.38747 -0 0 0 0 0 0
1489239175.099023581 -0.326597 0.244755 0 0 0 0 0
1489239175.130303383 -0.336204 0.575897 0 0 0 0 0
1489239175.162351131 -0.375026 0.281048 0 0 0 0 0
1489239175.200140476 -0.27829 0.198622 0 0 0 0 0
1489239175.232378483 -0.372812 0.37252 0 0 0 0 0
1489239175.265045404 -0.321928 0.413582 0 0 0 0 0
1489239175.306782722 -0.287961 0.251768 0 0 0 0 0
1489239175.335802317 -0.414159 0.310375 0 0 0 0 0
1489239175.365474939 -0.405044 0.404726 0 0 0 0 0
1489239175.403141975 -0.279193 0.358681 0 0 0 0 0
1489239175.432875633 -0.404213 0.403895 0 0 0 0 0
1489239175.464465380 -0.380463 0.190082 0 0 0 0 0
1489239175.499039173 -0.304172 0.43419 0 0 0 0 0
1489239175.531910896 -0.319922 0.50234 0 0 0 0 0
1489239175.562083960 -0.398326 -0 0 0 0 0 0
1489239175.597262859 -0.29894 0.298705 0 0 0 0 0
1489239175.630323172 -0.318097 0.635694 0 0 0 0 0
1489239175.663222313 -0.36532 0.182517 0 0 0 0 0
1489239175.700035095 -0.285672 0.0815565 0 0 0 0 0
1489239175.732195854 -0.326994 0.606798 0 0 0 0 0
1489239175.763358593 -0.337467 0.385373 0 0 0 0 0
1489239175.800193310 -0.285502 0.163016 0 0 0 0 0
1489239175.829985619 -0.302563 0.20155 0 0 0 0 0
1489239175.861257553 -0.288247 0.576041 0 0 0 0 0
1489239175.903237820 -0.214721 0.321829 0 0 0 0 0
1489239175.930582762 -0.329642 -0.219589 0 0 0 0 0
1489239175.964428663 -0.221938 0.266117 0 0 0 0 0
1489239175.998627901 -0.175716 0.48284 0 0 0 0 0
1489239176.029899359 -0.24021 0.240021 0 0 0 0 0
1489239176.061131001 -0.288619 -0.0961308 0 0 0 0 0
1489239176.100918293 -0.151037 0.150919 0 0 0 0 0
1489239176.130439520 -0.203561 0.406802 0 0 0 0 0
1489239176.161468029 -0.193672 0.29028 0 0 0 0 0
1489239176.196821690 -0.212473 -0.0849225 0 0 0 0 0
1489239176.228527308 -0.189536 0.0946937 0 0 0 0 0
1489239176.269955158 -0.108792 0.32612 0 0 0 0 0
1489239176.299667358 -0.202252 0.202094 0 0 0 0 0
1489239176.332440853 -0.18336 -0.0916082 0 0 0 0 0
1489239176.363901377 -0.14326 0.0954314 0 0 0 0 0
1489239176.399358749 -0.0847407 0.254022 0 0 0 0 0
1489239176.431303024 -0.0940601 0.0469931 0 0 0 0 0
1489239176.462700367 -0.0956986 -0.0956234 0 0 0 0 0
1489239176.498024464 -0.0425302 -0 0 0 0 0 0
1489239176.531271458 -0.0451873 0.0451518 0 0 0 0 0
1489239176.562132597 -0 -0 0 0 0 0 0
1489239176.597529173 -0 -0.0848195 0 0 0 0 0
1489239176.631707191 -0 -0 0 0 0 0 0
1489239176.662306309 -0 -0.049059 0 0 0 0 0
1489239176.697862625 -0 -0.0422192 0 0 0 0 0
1489239176.729195833 -0 0.0958192 0 0 0 0 0
1489239176.762095928 -0 -0.0912557 0 0 0 0 0
1489239176.803252220 -0.0365033 -0.0364746 0 0 0 0 0
1489239176.833898783 -0.0490215 -0 0 0 0 0 0
1489239176.863853693 -0.0501534 -0 0 0 0 0 0
1489239176.898962021 -0.0427916 -0.128274 0 0 0 0 0
1489239176.931084633 -0 -0.0934644 0 0 0 0 0
1489239176.961917639 -0.0487251 -0.14606 0 0 0 0 0
1489239176.999127626 -0 -0.161372 0 0 0 0 0
1489239177.030422449 -0 -0.0959367 0 0 0 0 0
1489239177.064931393 -0.0435348 -0.217503 0 0 0 0 0
1489239177.099357128 -0 -0.0872115 0 0 0 0 0
1489239177.131627083 -0.0465554 -0.139557 0 0 0 0 0
1489239177.161163092 -0.101729 -0.203299 0 0 0 0 0
1489239177.204397678 -0.0694972 -0.0694426 0 0 0 0 0
1489239177.231952667 -0.109043 -0.108957 0 0 0 0 0
1489239177.265471697 -0.134462 -0.0447853 0 0 0 0 0
1489239177.300416708 -0.0859831 -0.214789 0 0 0 0 0
1489239177.332353354 -0.141124 0.0470043 0 0 0 0 0
1489239177.363324642 -0.0970151 -0.290817 0 0 0 0 0
1489239177.399341822 -0.0834236 -0.166716 0 0 0 0 0
1489239177.430144072 -0.0975475 -0.243677 0 0 0 0 0
1489239177.462364674 -0.0932534 -0.419311 0 0 0 0 0
1489239177.499750376 -0.0803698 -0.281073 0 0 0 0 0
1489239177.530448914 -0.097877 -0.2934 0 0 0 0 0
1489239177.562326670 -0.0942564 -0.376729 0 0 0 0 0
1489239177.598857880 -0.0822497 -0.205463 0 0 0 0 0
1489239177.630185843 -0.0959105 -0.479176 0 0 0 0 0
1489239177.661334276 -0.0482317 -0.38555 0 0 0 0 0
1489239177.700170279 -0.0386842 -0.154615 0 0 0 0 0
1489239177.731973648 -0.0472384 -0.755221 0 0 0 0 0
1489239177.761214972 -0.0513773 -0.359359 0 0 0 0 0
1489239177.798369646 -0.0404348 -0.444433 0 0 0 0 0
1489239177.829873085 -0.0476882 -0.476507 0 0 0 0 0
1489239177.862804174 -0.0456207 -0.410264 0 0 0 0 0
1489239177.897416830 -0.0434044 -0.477073 0 0 0 0 0
1489239177.924952269 -0.0545603 -0.490657 0 0 0 0 0
1489239177.966019392 -0.0731651 -0.365538 0 0 0 0 0
1489239177.995561600 -0.050854 -0.609769 0 0 0 0 0
1489239178.028210878 -0.092029 -0.321849 0 0 0 0 0
1489239178.070637226 -0.0354106 -0.459976 0 0 0 0 0
1489239178.101747036 -0.0482915 -0.482536 0 0 0 0 0
1489239178.132731438 -0.096974 -0.484489 0 0 0 0 0
1489239178.170444489 -0.0398361 -0.557267 0 0 0 0 0
1489239178.201630592 -0.0481734 -0.240678 0 0 0 0 0
1489239178.232104540 -0.0985984 -0.591126 0 0 0 0 0
1489239178.259171486 -0.0555046 -0.831915 0 0 0 0 0
1489239178.303759098 -0.0336941 -0.235674 0 0 0 0 0
1489239178.329229832 -0.117966 -0.589367 0 0 0 0 0
1489239178.361932755 -0.045939 -0.78035 0 0 0 0 0
1489239178.399982691 -0.0394834 -0.315619 0 0 0 0 0
1489239178.432173491 -0.0466699 -0.419699 0 0 0 0 0
1489239178.463223934 -0.0483839 -0.58015 0 0 0 0 0
1489239178.500053644 -0.0815831 -0.448355 0 0 0 0 0
1489239178.531148434 -0.0483149 -0.531046 0 0 0 0 0
1489239178.562907696 -0.047304 -0.378135 0 0 0 0 0
1489239178.598868847 -0.0835535 -0.584415 0 0 0 0 0
1489239178.635728836 -0.040758 -0.447986 0 0 0 0 0
1489239178.668625355 -0.0913374 -0.273797 0 0 0 0 0
1489239178.703100204 -0.0435779 -0.653155 0 0 0 0 0
1489239178.732511520 -0.0510804 -0.459362 0 0 0 0 0
1489239178.763090134 -0.0982609 -0.589102 0 0 0 0 0
1489239178.799107075 -0 -0.500152 0 0 0 0 0
1489239178.831954718 -0.0914733 -0.228504 0 0 0 0 0
1489239178.867339849 -0.0424568 -0.890893 0 0 0 0 0
1489239178.906466007 -0 -0.306938 0 0 0 0 0
1489239178.955236912 -0.0616081 -0.246239 0 0 0 0 0
1489239178.993383169 -0.0787674 -0.550939 0 0 0 0 0
1489239179.012202263 -0.159661 -1.19652 0 0 0 0 0
1489239179.028478384 -0.0923034 -1.199 0 0 0 0 0
1489239179.061758280 -0.0902852 -0.270643 0 0 0 0 0
1489239179.127897739 -0.090859 -0.680907 0 0 0 0 0
1489239179.158922672 -0.0484237 -0.387085 0 0 0 0 0
1489239179.194259882 -0.0850288 -0.42481 0 0 0 0 0
1489239179.238000154 -0.0686937 -0.617758 0 0 0 0 0
1489239179.264720201 -0.11245 -0.449449 0 0 0 0 0
1489239179.299665451 -0.0429913 -0.386618 0 0 0 0 0
1489239179.329101324 -0.0510378 -0.764965 0 0 0 0 0
1489239179.361536503 -0.0926365 -0.601664 0 0 0 0 0
1489239179.398242474 -0.0409291 -0.408969 0 0 0 0 0
1489239179.432471037 -0.0877829 -0.350856 0 0 0 0 0
1489239179.462395191 -0.10041 -0.852814 0 0 0 0 0
1489239179.496247292 -0.0887591 -0.354757 0 0 0 0 0
1489239179.535835505 -0.0758984 -0.379194 0 0 0 0 0
1489239179.561934471 -0.115126 -0.86277 0 0 0 0 0
1489239179.595013380 -0.0908338 -0.36305 0 0 0 0 0
1489239179.627416611 -0.0927278 -0.55593 0 0 0 0 0
1489239179.658433199 -0.0968734 -0.532385 0 0 0 0 0
1489239179.704292297 -0.0655199 -0.327342 0 0 0 0 0
1489239179.731036901 -0.112347 -0.561295 0 0 0 0 0
1489239179.762238979 -0.0962975 -0.336776 0 0 0 0 0
1489239179.795737267 -0.134545 -0.403318 0 0 0 0 0
1489239179.829040766 -0.0902212 -0.631052 0 0 0 0 0
1489239179.859010696 -0.100257 -0.350622 0 0 0 0 0
1489239179.896844625 -0.119126 -0.277743 0 0 0 0 0
1489239179.927729845 -0.0972854 -0.729068 0 0 0 0 0
1489239179.960417747 -0.0919203 -0.137772 0 0 0 0 0
1489239179.997551918 -0.0809142 -0.565955 0 0 0 0 0
1489239180.030267239 -0.0459216 -0.642398 0 0 0 0 0
1489239180.063665152 -0.0899662 -0.314634 0 0 0 0 0
1489239180.101383209 -0.0398308 -0.477594 0 0 0 0 0
1489239180.129495382 -0.106882 -0.53399 0 0 0 0 0
1489239180.159570694 -0.0499526 -0.598961 0 0 0 0 0
1489239180.197865725 -0.0392307 -0.548798 0 0 0 0 0
1489239180.230248213 -0.0463936 -0.3245 0 0 0 0 0
1489239180.262915611 -0.045989 -0.689293 0 0 0 0 0
1489239180.300390244 -0.0400895 -0.440639 0 0 0 0 0
1489239180.335864067 -0.0847014 -0.338539 0 0 0 0 0
1489239180.371706009 -0.0419157 -0.75389 0 0 0 0 0
1489239180.404479742 -0.0458398 -0.503842 0 0 0 0 0
1489239180.431473970 -0.111308 -0.556104 0 0 0 0 0
1489239180.507608652 -0.0197327 -0.236606 0 0 0 0 0
1489239180.535843372 -0.106418 -1.38235 0 0 0 0 0
1489239180.564281464 -0 -0.739018 0 0 0 0 0
1489239180.630628109 -0.0679314 -0.429894 0 0 0 0 0
1489239180.662968636 -0.0464538 -0.835512 0 0 0 0 0
1489239180.732312202 -0.0433304 -0.47626 0 0 0 0 0
1489239180.764253855 -0.0470339 -0.375976 0 0 0 0 0
1489239180.831338644 -0.0447893 -0.626558 0 0 0 0 0
1489239180.862604618 -0 -0 0 0 0 0 0
1489239180.897394419 -0.172733 -1.12189 0 0 0 0 0
1489239180.961641073 -0 -0 0 0 0 0 0
1489239180.996195793 -0 -0 0 0 0 0 0
1489239181.032846689 -0 -0.819167 0 0 0 0 0
1489239181.099887848 -0.0448185 -0.313483 0 0 0 0 0
1489239181.131257534 -0 -0.86137 0 0 0 0 0
1489239181.169083118 -0 -0.238118 0 0 0 0 0
1489239181.234287500 -0.0230405 -0.552537 0 0 0 0 0
1489239181.264582157 -0.049591 -0.644176 0 0 0 0 0
1489239181.331608295 -0.0448285 -0.582313 0 0 0 0 0
1489239181.361926079 -0.0495531 -0.59417 0 0 0 0 0
1489239181.398740053 -0.040809 -0.570877 0 0 0 0 0
1489239181.463638067 -0.0462985 -0.601408 0 0 0 0 0
1489239181.499324083 -0 -0.462724 0 0 0 0 0
1489239181.531855822 -0 -0.646023 0 0 0 0 0
1489239181.562289715 -0.0493641 -0.542578 0 0 0 0 0
1489239181.598136187 -0 -0.544408 0 0 0 0 0
1489239181.631492138 -0.0450397 -0.585056 0 0 0 0 0
1489239181.664149523 -0.0460031 -0.551604 0 0 0 0 0
1489239181.699819565 -0 -0.505016 0 0 0 0 0
1489239181.730863810 -0.0483935 -0.4352 0 0 0 0 0
1489239181.762393713 -0.0476481 -0.761771 0 0 0 0 0
1489239181.800276995 -0.0396571 -0.475511 0 0 0 0 0
1489239181.832153320 -0.0471303 -0.376746 0 0 0 0 0
1489239181.862182617 -0.0500292 -0.699858 0 0 0 0 0
1489239181.900501490 -0.0392063 -0.352579 0 0 0 0 0
1489239181.930073500 -0 -0.609155 0 0 0 0 0
1489239181.963573456 -0.0448461 -0.313676 0 0 0 0 0
1489239182.002362728 -0.0387308 -0.657907 0 0 0 0 0
1489239182.032346249 -0.0501056 -0.300397 0 0 0 0 0
1489239182.063243866 -0.0972464 -0.38868 0 0 0 0 0
1489239182.100803614 -0.0399987 -0.519575 0 0 0 0 0
1489239182.132015944 -0.0481329 -0.336666 0 0 0 0 0
1489239182.161012173 -0.103623 -0.724793 0 0 0 0 0
1489239182.196837664 -0 -0.41902 0 0 0 0 0
1489239182.229836464 -0.0455271 -0.272948 0 0 0 0 0
1489239182.262307405 -0.0925345 -0.601002 0 0 0 0 0
1489239182.300820112 -0.039009 -0.428762 0 0 0 0 0
1489239182.329153538 -0.0530236 -0.317892 0 0 0 0 0
1489239182.361466408 -0.0464936 -0.511028 0 0 0 0 0
1489239182.398375750 -0.0407035 -0.366044 0 0 0 0 0
1489239182.431787968 -0.0899276 -0.269571 0 0 0 0 0
1489239182.462861061 -0 -0.483106 0 0 0 0 0
1489239182.497324705 -0.043592 -0.261347 0 0 0 0 0
1489239182.531639099 -0.0437817 -0.349978 0 0 0 0 0
1489239182.563748837 -0.0467877 -0.420759 0 0 0 0 0
1489239182.600559711 -0 -0.203902 0 0 0 0 0
1489239182.630492449 -0 -0.300907 0 0 0 0 0
1489239182.663417339 -0.0456293 -0.410341 0 0 0 0 0
1489239182.700180292 -0 -0.245001 0 0 0 0 0
1489239182.730857611 -0 -0.0978678 0 0 0 0 0
1489239182.764312506 -0 -0.448712 0 0 0 0 0
1489239182.797578096 -0 -0.361012 0 0 0 0 0
1489239182.829312325 -0 -0 0 0 0 0 0
1489239182.860486984 -0 -0.240766 0 0 0 0 0
1489239182.897335768 -0 -0.325907 0 0 0 0 0
1489239182.931241274 -0 -0.0885497 0 0 0 0 0
1489239182.963371515 -0 -0.0934422 0 0 0 0 0
1489239183.000346184 -0 -0.284198 0 0 0 0 0
1489239183.031275511 -0 -0.0970704 0 0 0 0 0
1489239183.061709166 -0 -0.0986514 0 0 0 0 0
1489239183.095338345 -0 -0.178555 0 0 0 0 0
1489239183.128872156 -0 -0.0895312 0 0 0 0 0
1489239183.163477182 -0 -0.0867597 0 0 0 0 0
1489239183.201191902 -0 -0.119409 0 0 0 0 0
1489239183.231249809 -0 -0.0499423 0 0 0 0 0
1489239183.262063265 -0 -0 0 0 0 0 0
1489239183.297861099 -0 -0.125803 0 0 0 0 0
1489239183.328418493 -0 -0.0982519 0 0 0 0 0
1489239183.363291264 -0 0.0430468 0 0 0 0 0
1489239183.400727987 -0 -0 0 0 0 0 0
1489239183.433577538 -0 -0 0 0 0 0 0
1489239183.466681480 -0 -0 0 0 0 0 0
1489239183.502124786 -0 -0 0 0 0 0 0
1489239183.531481504 -0 0.204541 0 0 0 0 0
1489239183.562378645 -0 -0 0 0 0 0 0
1489239183.598784447 -0 -0.0824682 0 0 0 0 0
1489239183.628866434 -0 0.0998046 0 0 0 0 0
1489239183.662319422 -0 -0 0 0 0 0 0
1489239183.698336363 -0 -0.0416793 0 0 0 0 0
1489239183.763285875 -0 0.0231127 0 0 0 0 0
1489239183.799237490 -0 -0.041755 0 0 0 0 0
1489239183.829265833 -0 -0 0 0 0 0 0
1489239183.860460997 -0 0.0962432 0 0 0 0 0
1489239183.897161484 -0 -0 0 0 0 0 0
1489239183.930649996 -0 -0 0 0 0 0 0
1489239183.960145473 -0 -0 0 0 0 0 0
1489239183.995872736 -0 -0 0 0 0 0 0
1489239184.028216839 -0 -0 0 0 0 0 0
1489239184.057755470 -0 -0 0 0 0 0 0
1489239184.102343321 -0 -0 0 0 0 0 0
1489239184.160229206 -0 -0 0 0 0 0 0
1489239184.199279785 -0 -0 0 0 0 0 0
1489239184.228452206 -0 -0 0 0 0 0 0
1489239184.263265848 -0 -0 0 0 0 0 0
1489239184.298033476 -0 -0 0 0 0 0 0
1489239184.330504894 -0 -0 0 0 0 0 0
1489239184.361743212 -0 -0 0 0 0 0 0
1489239184.396520615 -0 -0 0 0 0 0 0
1489239184.429398775 -0 -0 0 0 0 0 0
1489239184.463474274 -0 -0 0 0 0 0 0
1489239184.499205828 -0 -0 0 0 0 0 0
1489239184.532099962 -0 -0 0 0 0 0 0
1489239184.563796282 -0 -0 0 0 0 0 0
1489239184.598752499 -0 -0 0 0 0 0 0
1489239184.629695415 -0 -0 0 0 0 0 0
1489239184.659463882 -0 -0 0 0 0 0 0
1489239184.693754673 -0 -0 0 0 0 0 0
1489239184.730669498 -0 -0 0 0 0 0 0
1489239184.761796236 -0 -0 0 0 0 0 0
1489239184.802342892 -0 -0 0 0 0 0 0
1489239184.835679770 -0 -0 0 0 0 0 0
1489239184.860231876 -0 -0 0 0 0 0 0
1489239184.903483629 -0 -0 0 0 0 0 0
1489239184.931194067 -0 -0 0 0 0 0 0
1489239184.961234093 -0 -0 0 0 0 0 0
1489239184.997866631 -0 -0 0 0 0 0 0
1489239185.030462027 -0 -0 0 0 0 0 0
1489239185.061167240 -0 -0 0 0 0 0 0
1489239185.098097801 -0 -0 0 0 0 0 0
1489239185.131158829 -0 -0 0 0 0 0 0
