1489239316.664384604 -0 -0 0 0 0 0 0
1489239316.688822985 -0 0.122853 0 0 0 0 0
1489239316.725100040 -0 -0.0827609 0 0 0 0 0
1489239316.756643534 -0 -0 0 0 0 0 0
1489239316.860535622 -0 -0 0 0 0 0 0
1489239316.890159130 -0 -0 0 0 0 0 0
1489239316.997427464 -0 -0 0 0 0 0 0
1489239317.043244123 -0 -0 0 0 0 0 0
1489239317.130992889 -0 -0 0 0 0 0 0
1489239317.155324221 -0 0.0616966 0 0 0 0 0
1489239317.226949215 -0 -0 0 0 0 0 0
1489239317.255739450 0.0521823 -0 0 0 0 0 0
1489239317.294084311 -0 -0.0391489 0 0 0 0 0
1489239317.324836254 0.0488535 -0 0 0 0 0 0
1489239317.361511230 0.0409636 -0 0 0 0 0 0
1489239317.389412642 0.107689 -0.107605 0 0 0 0 0
1489239317.427539825 0.0788068 -0 0 0 0 0 0
1489239317.463026285 0.0846712 -0 0 0 0 0 0
1489239317.494743347 0.0947339 0.0473298 0 0 0 0 0
1489239317.530448437 0.0841528 0.0420433 0 0 0 0 0
1489239317.557111979 0.112689 -0 0 0 0 0 0
1489239317.590104103 0.0910727 0.0910012 0 0 0 0 0
1489239317.623077631 0.0911241 0.0910525 0 0 0 0 0
1489239317.656532049 0.0898142 0.0897436 0 0 0 0 0
1489239317.689777851 0.0903778 0.0451534 0 0 0 0 0
1489239317.731649399 0.107639 0.143406 0 0 0 0 0
1489239317.759004831 0.219677 -0 0 0 0 0 0
1489239317.789440632 0.197444 -0 0 0 0 0 0
1489239317.826796532 0.160868 -0 0 0 0 0 0
1489239317.857856989 0.241841 -0.0483303 0 0 0 0 0
1489239317.889942169 0.234118 -0.0935735 0 0 0 0 0
1489239317.925032616 0.214067 -0.0427798 0 0 0 0 0
1489239317.962753057 0.23897 -0 0 0 0 0 0
1489239317.986839056 0.374244 -0.12465 0 0 0 0 0
1489239318.025336027 0.234149 -0.116983 0 0 0 0 0
1489239318.057190180 0.282979 -0 0 0 0 0 0
1489239318.090111256 0.273808 -0.0911976 0 0 0 0 0
1489239318.125550747 0.25435 -0.0847168 0 0 0 0 0
1489239318.157426596 0.282786 -0 0 0 0 0 0
1489239318.188365459 0.29135 -0 0 0 0 0 0
1489239318.226209879 0.238187 -0.0396666 0 0 0 0 0
1489239318.251734734 0.353148 -0.117623 0 0 0 0 0
1489239318.288955688 0.282539 -0.0403311 0 0 0 0 0
1489239318.320013762 0.290232 0.096668 0 0 0 0 0
1489239318.353487015 0.269291 -0.0448466 0 0 0 0 0
1489239318.383921146 0.296182 -0 0 0 0 0 0
1489239318.428530693 0.202065 0.0673022 0 0 0 0 0
1489239318.459454298 0.340076 0.0485442 0 0 0 0 0
1489239318.490760803 0.287929 -0 0 0 0 0 0
1489239318.527428389 0.286803 -0 0 0 0 0 0
1489239318.558221579 0.292729 -0.0974995 0 0 0 0 0
1489239318.588038683 0.403082 -0 0 0 0 0 0
1489239318.625080585 0.243347 0.081052 0 0 0 0 0
1489239318.662065983 0.284339 -0.162352 0 0 0 0 0
1489239318.690940380 0.312181 -0 0 0 0 0 0
1489239318.727060795 0.291148 0.16624 0 0 0 0 0
1489239318.759080172 0.281518 -0.0937658 0 0 0 0 0
1489239318.788444519 0.306972 -0.102244 0 0 0 0 0
1489239318.825195312 0.245275 0.245082 0 0 0 0 0
1489239318.855459452 0.297846 -0 0 0 0 0 0
1489239318.894590378 0.230356 -0.076725 0 0 0 0 0
1489239318.925868750 0.336219 0.143981 0 0 0 0 0
1489239318.958107471 0.279603 0.23282 0 0 0 0 0
1489239318.988030195 0.301244 -0.100336 0 0 0 0 0
1489239319.032544136 0.202499 -0.134894 0 0 0 0 0
1489239319.061471939 0.363539 0.415147 0 0 0 0 0
1489239319.092472553 0.29077 0.145271 0 0 0 0 0
1489239319.126041889 0.313274 -0.268309 0 0 0 0 0
1489239319.157810211 0.331034 0.0945068 0 0 0 0 0
1489239319.188594103 0.34162 0.292587 0 0 0 0 0
1489239319.225441933 0.244629 -0 0 0 0 0 0
1489239319.256049633 0.294503 -0.196181 0 0 0 0 0
1489239319.293414593 0.28145 0.200878 0 0 0 0 0
1489239319.323289394 0.301727 0.200994 0 0 0 0 0
1489239319.359387875 0.249707 -0.0415852 0 0 0 0 0
1489239319.392081499 0.275713 -0.045916 0 0 0 0 0
1489239319.428896666 0.244846 0.244654 0 0 0 0 0
1489239319.458937407 0.250051 0.149912 0 0 0 0 0
1489239319.489882946 0.242739 -0.0970195 0 0 0 0 0
1489239319.525071144 0.213472 -0 0 0 0 0 0
1489239319.561018467 0.250757 0.25056 0 0 0 0 0
1489239319.587058783 0.288464 0.0576476 0 0 0 0 0
1489239319.622337103 0.212927 -0.127656 0 0 0 0 0
1489239319.657683134 0.212519 0.127411 0 0 0 0 0
1489239319.684895039 0.276045 0.220662 0 0 0 0 0
1489239319.728328228 0.172948 -0.0691251 0 0 0 0 0
1489239319.758451223 0.249368 -0 0 0 0 0 0
1489239319.788900614 0.296034 0.197201 0 0 0 0 0
1489239319.830058813 0.182508 0.0729459 0 0 0 0 0
1489239319.858036280 0.268491 -0.160968 0 0 0 0 0
1489239319.888922215 0.29185 0.0972068 0 0 0 0 0
1489239319.931042910 0.214005 0.142558 0 0 0 0 0
1489239319.964814901 0.266909 -0.0888997 0 0 0 0 0
1489239319.993682861 0.312251 -0 0 0 0 0 0
1489239320.025764465 0.280972 0.140376 0 0 0 0 0
1489239320.055891991 0.299196 0.0498269 0 0 0 0 0
1489239320.088626623 0.275367 -0 0 0 0 0 0
1489239320.129226446 0.222022 -0 0 0 0 0 0
1489239320.156355619 0.387641 0.276669 0 0 0 0 0
1489239320.192798853 0.288569 -0.0823835 0 0 0 0 0
1489239320.225118637 0.325385 -0.139341 0 0 0 0 0
1489239320.262938023 0.278069 0.238157 0 0 0 0 0
1489239320.295735598 0.274839 -0 0 0 0 0 0
1489239320.327876568 0.327196 -0.0467055 0 0 0 0 0
1489239320.361716270 0.310771 0.133083 0 0 0 0 0
1489239320.398554802 0.285472 0.0814995 0 0 0 0 0
1489239320.430750132 0.326643 -0 0 0 0 0 0
1489239320.455009699 0.433494 -0 0 0 0 0 0
1489239320.487702370 0.275721 -0.0918347 0 0 0 0 0
1489239320.528768778 0.292666 0.0731089 0 0 0 0 0
1489239320.569501877 0.258178 0.257975 0 0 0 0 0
1489239320.637732744 0.132111 -0.110006 0 0 0 0 0
1489239320.662446260 0.790273 -0 0 0 0 0 0
1489239320.730749607 0.153966 0.131867 0 0 0 0 0
1489239320.760667801 0.60258 -0.401404 0 0 0 0 0
1489239320.789950848 0.410433 0.358847 0 0 0 0 0
1489239320.827875137 0.237685 0.197915 0 0 0 0 0
1489239320.855074406 0.386642 -0.551912 0 0 0 0 0
1489239320.889168739 0.30845 -0 0 0 0 0 0
1489239320.923575640 0.349312 0.567185 0 0 0 0 0
1489239320.957063913 0.358894 -0.358612 0 0 0 0 0
1489239320.987970829 0.34026 -0.242852 0 0 0 0 0
1489239321.025849104 0.317299 0.317049 0 0 0 0 0
1489239321.057752609 0.376721 0.0941063 0 0 0 0 0
1489239321.087749958 0.40066 -0.100086 0 0 0 0 0
1489239321.122802734 0.342875 -0 0 0 0 0 0
1489239321.154966831 0.373669 0.186688 0 0 0 0 0
1489239321.194357395 0.305117 -0 0 0 0 0 0
1489239321.227369785 0.364067 -0.0909453 0 0 0 0 0
1489239321.255259991 0.43093 -0 0 0 0 0 0
1489239321.315065145 0.200965 0.175706 0 0 0 0 0
1489239321.366813421 0.406444 -0.116036 0 0 0 0 0
1489239321.424787521 0.362796 0.129468 0 0 0 0 0
1489239321.488660097 0.329293 -0.0235024 0 0 0 0 0
1489239321.525275230 0.287214 0.286989 0 0 0 0 0
1489239321.563421011 0.236305 -0.0393533 0 0 0 0 0
1489239321.591946840 0.368662 -0.0526246 0 0 0 0 0
1489239321.626478910 0.261034 0.173886 0 0 0 0 0
1489239321.654816866 0.371106 0.0529735 0 0 0 0 0
1489239321.693041801 0.235816 -0 0 0 0 0 0
1489239321.721406221 0.37076 -0.0529241 0 0 0 0 0
1489239321.755011797 0.312936 0.08934 0 0 0 0 0
1489239321.786742449 0.331427 0.0473095 0 0 0 0 0
1489239321.824496269 0.318345 -0.0795236 0 0 0 0 0
1489239321.855821848 0.383671 0.0479212 0 0 0 0 0
1489239321.887291908 0.38191 -0 0 0 0 0 0
1489239321.923571587 0.33128 -0 0 0 0 0 0
1489239321.957751036 0.351636 -0.04392 0 0 0 0 0
1489239321.987605572 0.402576 0.0502825 0 0 0 0 0
1489239322.029266834 0.288487 0.14413 0 0 0 0 0
1489239322.056984663 0.379409 -0.162476 0 0 0 0 0
1489239322.087206364 0.397685 -0.198686 0 0 0 0 0
1489239322.128362656 0.292026 0.255322 0 0 0 0 0
1489239322.156483173 0.427401 -0 0 0 0 0 0
1489239322.188976049 0.369888 -0.323398 0 0 0 0 0
1489239322.226950884 0.316492 0.118591 0 0 0 0 0
1489239322.256929874 0.400905 0.200295 0 0 0 0 0
1489239322.287361860 0.394937 -0 0 0 0 0 0
1489239322.328242540 0.257246 -0.257044 0 0 0 0 0
1489239322.357912540 0.40508 0.202381 0 0 0 0 0
1489239322.387638807 0.353774 0.302997 0 0 0 0 0
1489239322.423231363 0.337675 -0.295234 0 0 0 0 0
1489239322.453634501 0.345898 -0.0493752 0 0 0 0 0
1489239322.493392229 0.302299 0.226546 0 0 0 0 0
1489239322.524920464 0.381205 0.0952264 0 0 0 0 0
1489239322.592838049 0.353921 -0.110513 0 0 0 0 0
1489239322.626494646 0.357099 0.267614 0 0 0 0 0
1489239322.655513525 0.414169 -0 0 0 0 0 0
1489239322.688900471 0.314985 -0.224813 0 0 0 0 0
1489239322.728905916 0.300427 -0 0 0 0 0 0
1489239322.757035732 0.427259 0.320193 0 0 0 0 0
1489239322.793102503 0.333235 -0.124865 0 0 0 0 0
1489239322.823799610 0.391526 -0.146707 0 0 0 0 0
1489239322.861466646 0.319078 0.159414 0 0 0 0 0
1489239322.890827179 0.40935 0.102257 0 0 0 0 0
1489239322.929203987 0.313177 -0.156465 0 0 0 0 0
1489239322.959272146 0.399716 0.0998505 0 0 0 0 0
1489239322.988811255 0.406875 0.152458 0 0 0 0 0
1489239323.024086237 0.340715 -0 0 0 0 0 0
1489239323.054794312 0.342463 -0.0488849 0 0 0 0 0
1489239323.094647169 0.301578 -0.113003 0 0 0 0 0
1489239323.127401352 0.366937 0.274987 0 0 0 0 0
1489239323.157706738 0.347014 -0 0 0 0 0 0
1489239323.187864542 0.398528 -0.199107 0 0 0 0 0
1489239323.226115227 0.274933 0.0784907 0 0 0 0 0
1489239323.257135153 0.387452 0.193574 0 0 0 0 0
1489239323.286048174 0.415686 -0.10384 0 0 0 0 0
1489239323.323061943 0.284121 0.0811136 0 0 0 0 0
1489239323.363961220 0.293862 0.0734077 0 0 0 0 0
1489239323.388279676 0.494222 -0.123459 0 0 0 0 0
1489239323.429917336 0.28865 -0 0 0 0 0 0
1489239323.457101345 0.442125 0.110444 0 0 0 0 0
1489239323.488559723 0.382052 -0.0954379 0 0 0 0 0
1489239323.523640871 0.342598 -0 0 0 0 0 0
1489239323.554960251 0.335779 0.143792 0 0 0 0 0
1489239323.587663412 0.36751 -0.0918052 0 0 0 0 0
1489239323.625497580 0.317669 0.15871 0 0 0 0 0
1489239323.655559063 0.399805 -0 0 0 0 0 0
1489239323.687150240 0.380446 -0.0950367 0 0 0 0 0
1489239323.723557472 0.330119 -0 0 0 0 0 0
1489239323.758504152 0.343916 0.0859115 0 0 0 0 0
1489239323.787901640 0.408835 0.0510643 0 0 0 0 0
1489239323.824241400 0.330732 -0 0 0 0 0 0
1489239323.853880882 0.405497 -0.101295 0 0 0 0 0
1489239323.886359215 0.370054 0.138661 0 0 0 0 0
1489239323.927875757 0.289492 0.144633 0 0 0 0 0
1489239323.956480265 0.420169 -0.419839 0 0 0 0 0
1489239323.992815495 0.330773 -0 0 0 0 0 0
1489239324.026074886 0.361363 0.36108 0 0 0 0 0
1489239324.056155205 0.34961 -0.29943 0 0 0 0 0
1489239324.087278605 0.386164 -0.289395 0 0 0 0 0
1489239324.124234676 0.325217 0.365581 0 0 0 0 0
1489239324.162797213 0.311668 -0 0 0 0 0 0
1489239324.188760996 0.462904 -0.23127 0 0 0 0 0
1489239324.223275661 0.348221 0.0434934 0 0 0 0 0
1489239324.255532265 0.419172 0.139614 0 0 0 0 0
1489239324.295270920 0.302444 -0.0755517 0 0 0 0 0
1489239324.330953598 0.336822 -0.0841395 0 0 0 0 0
1489239324.358936071 0.429509 -0.0536465 0 0 0 0 0
1489239324.388150930 0.411391 0.308301 0 0 0 0 0
1489239324.425032854 0.32587 -0 0 0 0 0 0
1489239324.454144955 0.412843 -0.309389 0 0 0 0 0
1489239324.494927406 0.294703 0.220854 0 0 0 0 0
1489239324.526253223 0.383668 0.239604 0 0 0 0 0
1489239324.558024406 0.37829 -0.236246 0 0 0 0 0
1489239324.587726831 0.354058 -0.05054 0 0 0 0 0
1489239324.624845028 0.323796 0.161771 0 0 0 0 0
1489239324.656871319 0.328367 0.187491 0 0 0 0 0
1489239324.687646151 0.390538 -0.341452 0 0 0 0 0
1489239324.723922968 0.331306 0.0827614 0 0 0 0 0
1489239324.758078814 0.395864 0.219752 0 0 0 0 0
1489239324.787246466 0.412057 -0.102933 0 0 0 0 0
1489239324.823732138 0.329409 -0.123432 0 0 0 0 0
1489239324.855331659 0.380345 -0 0 0 0 0 0
1489239324.889899492 0.347685 0.303986 0 0 0 0 0
1489239324.930605650 0.295256 -0.110634 0 0 0 0 0
1489239324.962841511 0.372837 -0.0931361 0 0 0 0 0
1489239324.990968943 0.427296 0.10674 0 0 0 0 0
1489239325.025988817 0.343197 0.171464 0 0 0 0 0
1489239325.054572344 0.420477 -0.105037 0 0 0 0 0
1489239325.093618393 0.307809 -0.230675 0 0 0 0 0
1489239325.123285055 0.455766 0.455408 0 0 0 0 0
1489239325.153706789 0.39507 -0 0 0 0 0 0
1489239325.186049461 0.371606 -0.417728 0 0 0 0 0
1489239325.223389387 0.321873 0.120608 0 0 0 0 0
1489239325.256671429 0.406257 0.180417 0 0 0 0 0
1489239325.292653799 0.334017 -0.0417193 0 0 0 0 0
1489239325.325015545 0.371387 -0.185548 0 0 0 0 0
1489239325.356661558 0.379786 0.094872 0 0 0 0 0
1489239325.390312433 0.357159 0.13383 0 0 0 0 0
1489239325.425031662 0.346169 -0.0864743 0 0 0 0 0
1489239325.456240416 0.385108 -0.0481006 0 0 0 0 0
1489239325.494710922 0.312414 -0 0 0 0 0 0
1489239325.526838779 0.374091 0.0934492 0 0 0 0 0
1489239325.558316708 0.334088 -0.0953786 0 0 0 0 0
1489239325.589475155 0.385729 -0 0 0 0 0 0
1489239325.625385761 0.334685 0.0836054 0 0 0 0 0
1489239325.655336618 0.401282 -0 0 0 0 0 0
1489239325.695547104 0.298895 -0.14933 0 0 0 0 0
1489239325.727148294 0.380325 -0.0475033 0 0 0 0 0
1489239325.758286715 0.434225 0.192837 0 0 0 0 0
1489239325.790535450 0.372688 -0 0 0 0 0 0
1489239325.825661421 0.342161 -0.213682 0 0 0 0 0
1489239325.859032631 0.360153 0.179935 0 0 0 0 0
1489239325.890136242 0.386409 0.0965265 0 0 0 0 0
1489239325.929214239 0.307557 -0.115243 0 0 0 0 0
1489239325.956422329 0.441734 -0.0551733 0 0 0 0 0
1489239325.987429857 0.387607 0.193651 0 0 0 0 0
1489239326.025697947 0.314067 -0 0 0 0 0 0
1489239326.057349205 0.379724 -0.189713 0 0 0 0 0
1489239326.091060400 0.401085 0.13359 0 0 0 0 0
1489239326.125152111 0.352541 0.088066 0 0 0 0 0
1489239326.154993057 0.40276 -0.100611 0 0 0 0 0
1489239326.189956665 0.34375 -0 0 0 0 0 0
1489239326.222593069 0.414294 0.13799 0 0 0 0 0
1489239326.253547430 0.388272 0.193984 0 0 0 0 0
1489239326.285690546 0.373913 -0.140107 0 0 0 0 0
1489239326.324064970 0.352346 -0 0 0 0 0 0
1489239326.356399298 0.371702 0.37141 0 0 0 0 0
1489239326.391632557 0.341119 -0 0 0 0 0 0
1489239326.425616980 0.353654 -0.132516 0 0 0 0 0
1489239326.456213713 0.392811 0.294377 0 0 0 0 0
1489239326.488229275 0.422328 -0.0468885 0 0 0 0 0
1489239326.524202108 0.375869 0.166922 0 0 0 0 0
1489239326.555583477 0.382989 0.191344 0 0 0 0 0
1489239326.590495825 0.387286 -0.257988 0 0 0 0 0
1489239326.633366823 0.31539 0.210095 0 0 0 0 0
1489239326.660897732 0.491123 -0 0 0 0 0 0
1489239326.692708969 0.425041 -0.0943793 0 0 0 0 0
1489239326.726782799 0.396817 0.264337 0 0 0 0 0
1489239326.759191990 0.370843 -0.092638 0 0 0 0 0
1489239326.789352655 0.448301 0.0497721 0 0 0 0 0
1489239326.828800678 0.304672 0.228325 0 0 0 0 0
1489239326.858731031 0.401556 0.0501551 0 0 0 0 0
1489239326.890317678 0.3805 -0.285151 0 0 0 0 0
1489239326.929953337 0.30323 0.340866 0 0 0 0 0
1489239326.958072186 0.427426 0.320318 0 0 0 0 0
1489239326.988348961 0.347342 -0.247906 0 0 0 0 0
1489239327.024455786 0.332866 -0.249453 0 0 0 0 0
1489239327.056323290 0.377147 0.518169 0 0 0 0 0
1489239327.089570761 0.361493 0.361209 0 0 0 0 0
1489239327.124319077 0.345879 -0.518412 0 0 0 0 0
1489239327.155838251 0.381315 0.0952538 0 0 0 0 0
1489239327.184824467 0.466465 0.466099 0 0 0 0 0
1489239327.230214119 0.231691 0.132291 0 0 0 0 0
1489239327.256094694 0.464392 -0.464027 0 0 0 0 0
1489239327.287591696 0.333885 0.190642 0 0 0 0 0
1489239327.324097157 0.329231 0.164486 0 0 0 0 0
1489239327.355469942 0.335207 0.143547 0 0 0 0 0
1489239327.391618013 0.290925 -0.0830562 0 0 0 0 0
1489239327.427016020 0.29709 -0.0424081 0 0 0 0 0
1489239327.463421822 0.288866 0.329873 0 0 0 0 0
1489239327.496461153 0.318299 -0 0 0 0 0 0
1489239327.527303219 0.292265 -0.38938 0 0 0 0 0
1489239327.557670116 0.346311 0.346039 0 0 0 0 0
1489239327.589016199 0.287565 0.431009 0 0 0 0 0
1489239327.624212027 0.213426 -0.25591 0 0 0 0 0
1489239327.655248642 0.193622 -0.290204 0 0 0 0 0
1489239327.693352699 0.197137 0.472756 0 0 0 0 0
1489239327.724099398 0.195447 0.195294 0 0 0 0 0
1489239327.755699635 0.142626 -0.190019 0 0 0 0 0
1489239327.790677071 0.0859034 0.171672 0 0 0 0 0
1489239327.833440065 0.0702636 0.280834 0 0 0 0 0
1489239327.880208731 0.0321228 -0 0 0 0 0 0
1489239327.919796228 -0 -0 0 0 0 0 0
1489239327.959813118 -0 0.375132 0 0 0 0 0
1489239327.984050989 -0 -0 0 0 0 0 0
1489239328.032567024 -0.0309659 -0.0309415 0 0 0 0 0
1489239328.063217402 -0 0.195908 0 0 0 0 0
1489239328.137466908 -0 -0 0 0 0 0 0
1489239328.161236763 -0.0632036 -0.31577 0 0 0 0 0
1489239328.190765142 -0 0.101676 0 0 0 0 0
1489239328.231353760 -0 -0 0 0 0 0 0
1489239328.257679939 -0.0570664 -0.114043 0 0 0 0 0
1489239328.288981676 -0.0479954 -0 0 0 0 0 0
1489239328.326871157 -0.0396506 0.158478 0 0 0 0 0
1489239328.356869459 -0.100162 -0 0 0 0 0 0
1489239328.387650490 -0.0976147 -0 0 0 0 0 0
1489239328.423769474 -0.0831884 0.166246 0 0 0 0 0
1489239328.454363346 -0.0982119 0.196269 0 0 0 0 0
1489239328.486050844 -0.0948223 0.0947478 0 0 0 0 0
1489239328.523235559 -0.0808042 -0.0807407 0 0 0 0 0
1489239328.555507898 -0.0931039 0.0930308 0 0 0 0 0
1489239328.585612059 -0.199619 0.0997311 0 0 0 0 0
1489239328.624140024 -0.155974 -0 0 0 0 0 0
1489239328.657244205 -0.181529 0.317426 0 0 0 0 0
1489239328.689021349 -0.236387 0.283442 0 0 0 0 0
1489239328.731397390 -0.177263 0.0708495 0 0 0 0 0
1489239328.759285927 -0.269347 0.538272 0 0 0 0 0
1489239328.789394617 -0.299384 0.24929 0 0 0 0 0
1489239328.823899508 -0.26124 0.174023 0 0 0 0 0
1489239328.856284142 -0.278343 0.324479 0 0 0 0 0
1489239328.886225939 -0.250877 0.300816 0 0 0 0 0
1489239328.922427177 -0.248998 0.207336 0 0 0 0 0
1489239328.955860376 -0.269614 0.269402 0 0 0 0 0
1489239328.987394333 -0.285852 0.476046 0 0 0 0 0
1489239329.029221296 -0.215508 0.215339 0 0 0 0 0
1489239329.057760954 -0.315843 0.210396 0 0 0 0 0
1489239329.088925838 -0.289237 0.337178 0 0 0 0 0
1489239329.132543325 -0.206661 0.206499 0 0 0 0 0
1489239329.154951334 -0.402269 0.267969 0 0 0 0 0
1489239329.188488960 -0.268774 0.223802 0 0 0 0 0
1489239329.224885702 -0.247661 0.247466 0 0 0 0 0
1489239329.256518602 -0.284958 0.284734 0 0 0 0 0
1489239329.289320230 -0.274805 0.274589 0 0 0 0 0
1489239329.325638294 -0.248197 0.206669 0 0 0 0 0
1489239329.356997728 -0.287443 0.335087 0 0 0 0 0
1489239329.388437033 -0.286713 0.286487 0 0 0 0 0
1489239329.425020933 -0.246394 0.164133 0 0 0 0 0
1489239329.457089663 -0.281085 0.280864 0 0 0 0 0
1489239329.486954927 -0.301824 0.402116 0 0 0 0 0
1489239329.524554253 -0.279696 0.0798504 0 0 0 0 0
1489239329.556952715 -0.278224 0.32434 0 0 0 0 0
1489239329.590527058 -0.26848 0.357692 0 0 0 0 0
1489239329.623971939 -0.269519 0.359077 0 0 0 0 0
1489239329.657705784 -0.356281 0.267001 0 0 0 0 0
1489239329.688030958 -0.346787 0.198009 0 0 0 0 0
1489239329.726814270 -0.271158 0.154825 0 0 0 0 0
1489239329.756265640 -0.357076 0.662621 0 0 0 0 0
1489239329.791243315 -0.30066 0.300424 0 0 0 0 0
1489239329.825242043 -0.353505 -0.0883069 0 0 0 0 0
1489239329.857789040 -0.323114 0.461229 0 0 0 0 0
1489239329.888139248 -0.396001 0.593536 0 0 0 0 0
1489239329.929247141 -0.29237 0.0730352 0 0 0 0 0
1489239329.958930016 -0.455517 0.15172 0 0 0 0 0
1489239329.989944220 -0.387523 0.677633 0 0 0 0 0
1489239330.028556108 -0.31127 0.42766 0 0 0 0 0
1489239330.059022427 -0.493115 0.197091 0 0 0 0 0
1489239330.089500904 -0.443627 0.147759 0 0 0 0 0
1489239330.125608683 -0.332857 0.540468 0 0 0 0 0
1489239330.156263113 -0.44108 0.636616 0 0 0 0 0
1489239330.189685822 -0.449497 -0.0898288 0 0 0 0 0
1489239330.224164248 -0.39216 0.261235 0 0 0 0 0
1489239330.255788326 -0.38005 0.664565 0 0 0 0 0
1489239330.288046598 -0.41915 0.372285 0 0 0 0 0
1489239330.324802876 -0.40873 -0 0 0 0 0 0
1489239330.356482983 -0.4268 0.37908 0 0 0 0 0
1489239330.383806944 -0.43986 0.549394 0 0 0 0 0
1489239330.428747416 -0.300866 0.233823 0 0 0 0 0
1489239330.454284906 -0.588288 0.352696 0 0 0 0 0
1489239330.487058878 -0.458395 0.320624 0 0 0 0 0
1489239330.531143665 -0.306706 0.340517 0 0 0 0 0
1489239330.559069633 -0.537973 0.21502 0 0 0 0 0
1489239330.590962648 -0.423951 0.423618 0 0 0 0 0
1489239330.632255793 -0.363823 0.218123 0 0 0 0 0
1489239330.661336422 -0.516612 0.309724 0 0 0 0 0
1489239330.690480947 -0.51548 0.566582 0 0 0 0 0
1489239330.725592136 -0.427881 0.171018 0 0 0 0 0
1489239330.757600546 -0.469358 0.281394 0 0 0 0 0
1489239330.789478779 -0.471275 0.376724 0 0 0 0 0
1489239330.825387955 -0.418372 0.418044 0 0 0 0 0
1489239330.854820967 -0.56147 0.255013 0 0 0 0 0
1489239330.886193275 -0.478875 0.239249 0 0 0 0 0
1489239330.922274590 -0.416376 0.291235 0 0 0 0 0
1489239330.954284191 -0.469341 0.562766 0 0 0 0 0
1489239330.987208605 -0.4563 0.364753 0 0 0 0 0
1489239331.022667170 -0.466058 0.169343 0 0 0 0 0
1489239331.056882143 -0.439089 0.263246 0 0 0 0 0
1489239331.088559628 -0.474261 0.4265 0 0 0 0 0
1489239331.126066446 -0.400551 0.360213 0 0 0 0 0
1489239331.156044245 -0.501151 0.35053 0 0 0 0 0
1489239331.188865662 -0.503505 0.182949 0 0 0 0 0
1489239331.223995209 -0.427657 0.341857 0 0 0 0 0
1489239331.255478621 -0.477185 0.47681 0 0 0 0 0
1489239331.285801411 -0.544994 0.198024 0 0 0 0 0
1489239331.325104475 -0.382245 0.229167 0 0 0 0 0
1489239331.355874062 -0.537081 0.585446 0 0 0 0 0
1489239331.390047312 -0.483587 0.263568 0 0 0 0 0
1489239331.423784494 -0.534369 0.31147 0 0 0 0 0
1489239331.455477476 -0.568835 0.33156 0 0 0 0 0
1489239331.487215757 -0.520688 0.472981 0 0 0 0 0
1489239331.533878565 -0.386348 0.257363 0 0 0 0 0
1489239331.560577869 -0.618958 0.281124 0 0 0 0 0
1489239331.589153528 -0.578316 0.525328 0 0 0 0 0
1489239331.624424458 -0.511132 0.340487 0 0 0 0 0
1489239331.656996965 -0.507353 0.27652 0 0 0 0 0
1489239331.688300610 -0.57591 0.287729 0 0 0 0 0
1489239331.727220058 -0.386013 0.539994 0 0 0 0 0
1489239331.758039951 -0.58495 0.0974151 0 0 0 0 0
1489239331.789450407 -0.526123 0.191167 0 0 0 0 0
1489239331.823860645 -0.480257 0.523505 0 0 0 0 0
1489239331.854290485 -0.543077 0.246659 0 0 0 0 0
1489239331.885711432 -0.57376 0.191103 0 0 0 0 0
1489239331.925230503 -0.456187 0.379857 0 0 0 0 0
1489239331.956210613 -0.533431 0.387645 0 0 0 0 0
1489239331.988542318 -0.557598 0.37144 0 0 0 0 0
1489239332.018840313 -0.595026 0.396372 0 0 0 0 0
1489239332.062174082 -0.416029 0.277135 0 0 0 0 0
1489239332.089423895 -0.661586 0.440711 0 0 0 0 0
1489239332.126090765 -0.491672 0.327524 0 0 0 0 0
1489239332.157431841 -0.575222 0.38318 0 0 0 0 0
1489239332.188570261 -0.578966 0.192837 0 0 0 0 0
1489239332.225320101 -0.490562 0.490177 0 0 0 0 0
1489239332.256922483 -0.618005 0.237508 0 0 0 0 0
1489239332.287396431 -0.59159 0.344823 0 0 0 0 0
1489239332.323982716 -0.533818 0.410307 0 0 0 0 0
1489239332.355999470 -0.563083 0.375094 0 0 0 0 0
1489239332.386886835 -0.583672 0.388809 0 0 0 0 0
1489239332.424230099 -0.522997 0.040199 0 0 0 0 0
1489239332.456261396 -0.515925 0.656116 0 0 0 0 0
1489239332.487478495 -0.577507 0.336614 0 0 0 0 0
1489239332.524761677 -0.483545 0.241583 0 0 0 0 0
1489239332.557379961 -0.552699 0.0920441 0 0 0 0 0
1489239332.589679718 -0.558149 0.557711 0 0 0 0 0
1489239332.625727654 -0.500114 0.166574 0 0 0 0 0
1489239332.655256510 -0.610525 -0 0 0 0 0 0
1489239332.686660290 -0.526234 1.00384 0 0 0 0 0
1489239332.723663330 -0.487206 0.0811372 0 0 0 0 0
1489239332.758442163 -0.561561 0.172652 0 0 0 0 0
1489239332.789581060 -0.578957 0.289251 0 0 0 0 0
1489239332.824393034 -0.51787 0.733073 0 0 0 0 0
1489239332.856771708 -0.603188 0.231813 0 0 0 0 0
1489239332.887927294 -0.626868 -0.0963654 0 0 0 0 0
1489239332.923779488 -0.502845 0.669933 0 0 0 0 0
1489239332.956035852 -0.605475 0.558461 0 0 0 0 0
1489239332.987397671 -0.670649 0.0478659 0 0 0 0 0
1489239333.024254084 -0.570668 0.32584 0 0 0 0 0
1489239333.058194160 -0.531174 0.530757 0 0 0 0 0
1489239333.089386463 -0.62613 0.433134 0 0 0 0 0
1489239333.125778675 -0.536665 0.206248 0 0 0 0 0
1489239333.155860186 -0.64925 0.399225 0 0 0 0 0
1489239333.188131332 -0.558644 0.604723 0 0 0 0 0
1489239333.222158432 -0.529816 0.441166 0 0 0 0 0
1489239333.256807804 -0.607017 0.129973 0 0 0 0 0
1489239333.288228512 -0.573765 0.382209 0 0 0 0 0
1489239333.325917006 -0.478345 0.55763 0 0 0 0 0
1489239333.356182814 -0.694935 0.198397 0 0 0 0 0
1489239333.387980223 -0.614215 0.14163 0 0 0 0 0
1489239333.432194233 -0.475704 0.611139 0 0 0 0 0
1489239333.461571693 -0.715949 0.204396 0 0 0 0 0
1489239333.490645170 -0.723435 0.3098 0 0 0 0 0
1489239333.532562256 -0.501771 0.465564 0 0 0 0 0
1489239333.559064150 -0.793633 0.509792 0 0 0 0 0
1489239333.589236975 -0.697077 0.199008 0 0 0 0 0
1489239333.627829075 -0.506073 0.583472 0 0 0 0 0
1489239333.658069849 -0.74519 0.397122 0 0 0 0 0
1489239333.688201666 -0.648166 0.448378 0 0 0 0 0
1489239333.725553274 -0.563102 0.48228 0 0 0 0 0
1489239333.754057884 -0.737873 0.315983 0 0 0 0 0
1489239333.787577391 -0.582659 0.313493 0 0 0 0 0
1489239333.823851585 -0.579827 0.537988 0 0 0 0 0
1489239333.854755640 -0.63197 0.388599 0 0 0 0 0
1489239333.890436172 -0.589475 0.252434 0 0 0 0 0
1489239333.928541660 -0.512536 0.315159 0 0 0 0 0
1489239333.955207825 -0.732405 0.562946 0 0 0 0 0
1489239333.988204479 -0.591891 0.272966 0 0 0 0 0
1489239334.022124290 -0.531491 0.265537 0 0 0 0 0
1489239334.054501772 -0.55681 0.602737 0 0 0 0 0
1489239334.085429668 -0.631483 0.533912 0 0 0 0 0
1489239334.122941017 -0.560704 -0 0 0 0 0 0
1489239334.153558254 -0.588822 0.539329 0 0 0 0 0
1489239334.186910629 -0.585578 0.540109 0 0 0 0 0
1489239334.221552849 -0.607143 0.173333 0 0 0 0 0
1489239334.254108667 -0.599906 0.276662 0 0 0 0 0
1489239334.285935402 -0.613649 0.754667 0 0 0 0 0
1489239334.325940132 -0.525757 -0 0 0 0 0 0
1489239334.357568741 -0.617493 0.569545 0 0 0 0 0
1489239334.389837980 -0.65179 0.279119 0 0 0 0 0
1489239334.425470591 -0.505944 0.337031 0 0 0 0 0
1489239334.457886457 -0.602496 0.416785 0 0 0 0 0
1489239334.488001585 -0.598639 0.398779 0 0 0 0 0
1489239334.525649071 -0.478866 0.239245 0 0 0 0 0
1489239334.556432247 -0.585647 0.292594 0 0 0 0 0
1489239334.589757681 -0.540971 0.360364 0 0 0 0 0
1489239334.625467777 -0.504846 0.336299 0 0 0 0 0
1489239334.656852961 -0.574414 0.573963 0 0 0 0 0
1489239334.688203573 -0.622968 0.191532 0 0 0 0 0
1489239334.727072239 -0.463821 -0 0 0 0 0 0
1489239334.754611015 -0.545537 0.981194 0 0 0 0 0
1489239334.787353277 -0.550606 -0 0 0 0 0 0
1489239334.822975636 -0.506089 -0.210705 0 0 0 0 0
1489239334.855344534 -0.464131 0.602896 0 0 0 0 0
1489239334.885555029 -0.497291 0.596281 0 0 0 0 0
1489239334.922151804 -0.451563 -0.0820379 0 0 0 0 0
1489239334.954112768 -0.470055 0.281811 0 0 0 0 0
1489239334.987030268 -0.456396 0.592848 0 0 0 0 0
1489239335.023475170 -0.412222 -0 0 0 0 0 0
1489239335.054635525 -0.482132 0.0963507 0 0 0 0 0
1489239335.086142063 -0.476835 0.47646 0 0 0 0 0
1489239335.125434160 -0.382352 0.0382052 0 0 0 0 0
1489239335.156351089 -0.388743 0.485547 0 0 0 0 0
1489239335.188357830 -0.469383 0.469014 0 0 0 0 0
1489239335.223181725 -0.431411 -0.30175 0 0 0 0 0
1489239335.257880449 -0.346374 0.432627 0 0 0 0 0
1489239335.287146568 -0.41067 0.820696 0 0 0 0 0
1489239335.324829817 -0.358808 -0.0796726 0 0 0 0 0
1489239335.353401184 -0.473238 -0.157622 0 0 0 0 0
1489239335.397475719 -0.238605 0.476834 0 0 0 0 0
1489239335.428152561 -0.391785 0.489347 0 0 0 0 0
1489239335.459877729 -0.426194 -0.141953 0 0 0 0 0
1489239335.488966942 -0.464814 0.103211 0 0 0 0 0
1489239335.525181055 -0.33188 0.538881 0 0 0 0 0
1489239335.556156158 -0.388012 0.387708 0 0 0 0 0
1489239335.589794636 -0.401952 -0.223132 0 0 0 0 0
1489239335.625024319 -0.341153 0.255664 0 0 0 0 0
1489239335.656834364 -0.283371 0.519105 0 0 0 0 0
1489239335.687563896 -0.391113 0.293105 0 0 0 0 0
1489239335.722855806 -0.340552 -0.297749 0 0 0 0 0
1489239335.753674269 -0.292488 -0 0 0 0 0 0
1489239335.787808418 -0.220064 0.747631 0 0 0 0 0
1489239335.824149370 -0.248041 0.247846 0 0 0 0 0
1489239335.855665445 -0.333683 -0.523947 0 0 0 0 0
1489239335.885112047 -0.255096 0.407833 0 0 0 0 0
1489239335.930278778 -0.199573 0.465304 0 0 0 0 0
1489239335.954940796 -0.365503 -0.365216 0 0 0 0 0
1489239335.986708403 -0.28375 -0 0 0 0 0 0
1489239336.023146391 -0.20615 0.494372 0 0 0 0 0
1489239336.058163881 -0.214513 0.300082 0 0 0 0 0
1489239336.087998867 -0.30213 -0.201262 0 0 0 0 0
1489239336.124875784 -0.203697 -0 0 0 0 0 0
1489239336.156105518 -0.192424 0.480683 0 0 0 0 0
1489239336.189512014 -0.179886 0.134809 0 0 0 0 0
1489239336.225026131 -0.169211 -0.253616 0 0 0 0 0
1489239336.259059429 -0.0882865 0.176434 0 0 0 0 0
1489239336.289117813 -0.0999615 0.199766 0 0 0 0 0
1489239336.330156565 -0.0732157 -0.0731582 0 0 0 0 0
1489239336.358016729 -0.107849 -0 0 0 0 0 0
1489239336.388243675 -0.049702 0.099326 0 0 0 0 0
1489239336.423027515 -0.0431908 0.0431568 0 0 0 0 0
1489239336.456673861 -0 -0.0892317 0 0 0 0 0
1489239336.488190651 -0 -0.0476305 0 0 0 0 0
1489239336.524578094 -0 0.0825098 0 0 0 0 0
1489239336.553701162 -0 -0.0515454 0 0 0 0 0
1489239336.595785856 -0 -0.07134 0 0 0 0 0
1489239336.624560833 -0 0.052169 0 0 0 0 0
1489239336.654528856 -0 -0 0 0 0 0 0
1489239336.685817003 -0 -0.0479786 0 0 0 0 0
1489239336.721682549 -0 -0 0 0 0 0 0
1489239336.755598307 -0 0.0885229 0 0 0 0 0
1489239336.785196781 -0 -0 0 0 0 0 0
1489239336.822903395 -0 -0.0796232 0 0 0 0 0
1489239336.857095242 -0 -0 0 0 0 0 0
1489239336.887436867 -0 -0.0494753 0 0 0 0 0
1489239336.922914982 -0 -0.0423123 0 0 0 0 0
1489239336.954559565 -0 -0.0948763 0 0 0 0 0
1489239336.995028257 -0 -0.111283 0 0 0 0 0
1489239337.028419733 -0 -0 0 0 0 0 0
1489239337.059305668 -0 -0.0972068 0 0 0 0 0
1489239337.089673042 -0 -0.197733 0 0 0 0 0
1489239337.125595093 -0 -0.167158 0 0 0 0 0
1489239337.156557798 -0 -0.193931 0 0 0 0 0
1489239337.188302994 -0 -0.236439 0 0 0 0 0
1489239337.232462168 -0 -0.203966 0 0 0 0 0
1489239337.261099100 -0 -0.104841 0 0 0 0 0
1489239337.290825367 -0.0505392 -0.100999 0 0 0 0 0
1489239337.328892469 -0.0394656 -0.276042 0 0 0 0 0
1489239337.363068342 -0.0439591 -0 0 0 0 0 0
1489239337.393035889 -0.0501323 -0.150279 0 0 0 0 0
1489239337.426943302 -0 -0.354179 0 0 0 0 0
1489239337.457705498 -0 -0.146397 0 0 0 0 0
1489239337.487078190 -0 -0.613288 0 0 0 0 0
1489239337.524085999 -0 -0.405634 0 0 0 0 0
1489239337.555362701 -0 -0.287977 0 0 0 0 0
1489239337.588080168 -0 -0.550591 0 0 0 0 0
1489239337.624078512 -0 -0.333607 0 0 0 0 0
1489239337.655878782 -0 -0.377647 0 0 0 0 0
1489239337.689286947 -0 -0.629075 0 0 0 0 0
1489239337.727163792 -0 -0.317061 0 0 0 0 0
1489239337.757157803 -0 -0.400389 0 0 0 0 0
1489239337.788559198 -0 -0.717083 0 0 0 0 0
1489239337.823905230 -0 -0.424704 0 0 0 0 0
1489239337.854967594 -0 -0.483273 0 0 0 0 0
1489239337.883468151 0.0527127 -0.737398 0 0 0 0 0
1489239337.928127527 -0 -0.336136 0 0 0 0 0
1489239337.957479715 -0 -0.562574 0 0 0 0 0
1489239337.988542557 0.0483646 -0.628245 0 0 0 0 0
1489239338.025167227 -0 -0.614815 0 0 0 0 0
1489239338.054032564 -0 -0.416045 0 0 0 0 0
1489239338.088203669 -0 -0.439307 0 0 0 0 0
1489239338.131870508 -0 -0.756307 0 0 0 0 0
1489239338.156328678 -0 -0.36826 0 0 0 0 0
1489239338.192322493 -0 -0.583885 0 0 0 0 0
1489239338.231406689 -0 -0.537717 0 0 0 0 0
1489239338.258211851 -0.112093 -0.616029 0 0 0 0 0
1489239338.287987232 -0.0504558 -0.65541 0 0 0 0 0
1489239338.332880259 -0.0669298 -0.300948 0 0 0 0 0
1489239338.389382601 -0.106356 -0.717339 0 0 0 0 0
1489239338.429987907 -0.0739973 -0.332726 0 0 0 0 0
1489239338.455064297 -0.119821 -0.478908 0 0 0 0 0
1489239338.490415096 -0.0849961 -0.679435 0 0 0 0 0
1489239338.531175852 -0.0737151 -0.5156 0 0 0 0 0
1489239338.556807756 -0.117224 -0.351397 0 0 0 0 0
1489239338.592055321 -0.0852451 -0.511069 0 0 0 0 0
1489239338.625333786 -0.0902891 -0.811963 0 0 0 0 0
1489239338.655014992 -0.0506159 -0.455185 0 0 0 0 0
1489239338.693820477 -0.0774293 -0.309474 0 0 0 0 0
1489239338.725429058 -0.095059 -0.807367 0 0 0 0 0
1489239338.755070925 -0.101366 -0.658362 0 0 0 0 0
1489239338.792239428 -0.0808395 -0.363492 0 0 0 0 0
1489239338.825016260 -0.0916709 -0.503794 0 0 0 0 0
1489239338.855555773 -0.0983867 -0.983094 0 0 0 0 0
1489239338.886910677 -0.0958281 -0.383011 0 0 0 0 0
1489239338.924139023 -0.0807095 -0.5242 0 0 0 0 0
1489239338.954422235 -0.0496097 -0.743561 0 0 0 0 0
1489239338.988286018 -0.0887285 -0.354635 0 0 0 0 0
1489239339.023756742 -0.0847088 -0.550175 0 0 0 0 0
1489239339.052129745 -0.105899 -1.05816 0 0 0 0 0
1489239339.094982147 -0.070117 -0.210186 0 0 0 0 0
1489239339.128515720 -0.0896022 -0.581957 0 0 0 0 0
1489239339.157162428 -0.104888 -0.786038 0 0 0 0 0
1489239339.187178135 -0.100104 -0.550138 0 0 0 0 0
1489239339.222963810 -0.0839633 -0.62923 0 0 0 0 0
1489239339.254482269 -0.0953309 -0.47628 0 0 0 0 0
1489239339.286546946 -0.0937069 -0.5618 0 0 0 0 0
1489239339.324066401 -0.0800833 -0.560143 0 0 0 0 0
1489239339.354732275 -0.0979813 -0.538474 0 0 0 0 0
1489239339.385617256 -0.0972862 -0.680468 0 0 0 0 0
1489239339.422337770 -0.122739 -0.408807 0 0 0 0 0
1489239339.455300331 -0.136732 -0.728662 0 0 0 0 0
1489239339.486862659 -0.0951984 -0.475618 0 0 0 0 0
1489239339.524214745 -0.0804421 -0.321516 0 0 0 0 0
1489239339.555034876 -0.0974909 -0.584486 0 0 0 0 0
1489239339.599016428 -0.102475 -0.477842 0 0 0 0 0
1489239339.629774332 -0.0976881 -0.634474 0 0 0 0 0
1489239339.735325813 -0.0284665 -0.0853324 0 0 0 0 0
1489239339.756444693 -0.569099 -2.55893 0 0 0 0 0
1489239339.832555056 -0.039478 -0.197235 0 0 0 0 0
1489239339.858443022 -0.23213 -1.50766 0 0 0 0 0
1489239339.889854908 -0.0956543 -0.382317 0 0 0 0 0
1489239339.925572395 -0.0841235 -0.420287 0 0 0 0 0
1489239339.958089113 -0.0924042 -0.646321 0 0 0 0 0
1489239339.989220619 -0.0965158 -0.57864 0 0 0 0 0
1489239340.025698900 -0.0823691 -0.411522 0 0 0 0 0
1489239340.057344913 -0.0949466 -0.569232 0 0 0 0 0
1489239340.088227510 -0.0972937 -0.680521 0 0 0 0 0
1489239340.125085115 -0.0815213 -0.692387 0 0 0 0 0
1489239340.155052423 -0.0501327 -0.551026 0 0 0 0 0
1489239340.191516638 -0.0824008 -0.411681 0 0 0 0 0
1489239340.226901293 -0.0849148 -0.763633 0 0 0 0 0
1489239340.258264542 -0.0958026 -0.574364 0 0 0 0 0
1489239340.288451910 -0 -0.397825 0 0 0 0 0
1489239340.324275970 -0.0419366 -0.754267 0 0 0 0 0
1489239340.357741356 -0 -0.717714 0 0 0 0 0
1489239340.388849497 -0 -0.579074 0 0 0 0 0
1489239340.427014351 -0 -0.708005 0 0 0 0 0
1489239340.458529949 -0 -0.762117 0 0 0 0 0
1489239340.488715649 -0 -0.696232 0 0 0 0 0
1489239340.524441719 -0 -0.672298 0 0 0 0 0
1489239340.556370258 -0 -0.75226 0 0 0 0 0
1489239340.588945866 -0 -0.737318 0 0 0 0 0
1489239340.626911163 -0 -0.711726 0 0 0 0 0
1489239340.658532381 -0 -0.522205 0 0 0 0 0
1489239340.690989017 -0 -0.925025 0 0 0 0 0
1489239340.726038218 -0 -0.556791 0 0 0 0 0
1489239340.756278038 -0 -0.79427 0 0 0 0 0
1489239340.787805319 -0 -0.761835 0 0 0 0 0
1489239340.829296589 -0.0362086 -0.578883 0 0 0 0 0
1489239340.854940176 -0 -0.819552 0 0 0 0 0
1489239340.886394024 -0 -0.57271 0 0 0 0 0
1489239340.922918797 -0.0411321 -0.698697 0 0 0 0 0
1489239340.956426144 -0.0448362 -0.537611 0 0 0 0 0
1489239340.987656355 -0.0481054 -0.624879 0 0 0 0 0
1489239341.024589062 -0.0406778 -0.528396 0 0 0 0 0
1489239341.056154728 -0.0475941 -0.665795 0 0 0 0 0
1489239341.089793921 -0.0893209 -0.446254 0 0 0 0 0
1489239341.124854326 -0.0857001 -0.685063 0 0 0 0 0
1489239341.157046318 -0.0466682 -0.559578 0 0 0 0 0
1489239341.186141014 -0.0516362 -0.412765 0 0 0 0 0
1489239341.223592281 -0.0401146 -0.601246 0 0 0 0 0
1489239341.256334782 -0.091767 -0.55017 0 0 0 0 0
1489239341.293616533 -0.0402969 -0.442918 0 0 0 0 0
1489239341.326426744 -0.0915776 -0.64054 0 0 0 0 0
1489239341.355561733 -0.0515648 -0.463719 0 0 0 0 0
1489239341.387104034 -0.0952588 -0.571104 0 0 0 0 0
1489239341.424306631 -0.0403827 -0.564914 0 0 0 0 0
1489239341.454207182 -0.0502446 -0.401641 0 0 0 0 0
1489239341.482218981 -0.107265 -0.589493 0 0 0 0 0
1489239341.530208111 -0.0626117 -0.375375 0 0 0 0 0
1489239341.556624174 -0.113744 -0.738758 0 0 0 0 0
1489239341.586710215 -0.0998696 -0.44906 0 0 0 0 0
1489239341.625466585 -0.0775274 -0.309866 0 0 0 0 0
1489239341.655935526 -0.0986146 -0.640491 0 0 0 0 0
1489239341.694329977 -0.0782582 -0.508279 0 0 0 0 0
1489239341.728404999 -0.0881784 -0.132164 0 0 0 0 0
1489239341.760301113 -0.0942021 -0.423577 0 0 0 0 0
1489239341.784682751 -0.123235 -0.86197 0 0 0 0 0
1489239341.832833290 -0.0624018 -0.218235 0 0 0 0 0
1489239341.862311840 -0.101928 -0.203695 0 0 0 0 0
1489239341.889693260 -0.109734 -0.548241 0 0 0 0 0
1489239341.931203604 -0.0723839 -0.650944 0 0 0 0 0
1489239341.960236549 -0.0517461 0.103411 0 0 0 0 0
1489239341.995150805 -0.0860589 -0.472952 0 0 0 0 0
1489239342.031547308 -0.0825541 -0.824893 0 0 0 0 0
1489239342.135285854 -0 -0.0578825 0 0 0 0 0
1489239342.160737514 -0.236109 -1.76943 0 0 0 0 0
1489239342.230859995 -0.0214245 -0.0642231 0 0 0 0 0
1489239342.259298801 -0.105654 -1.05571 0 0 0 0 0
1489239342.290761948 -0.0477492 -0.477117 0 0 0 0 0
1489239342.327437401 -0 -0.245586 0 0 0 0 0
1489239342.357160091 -0.0505453 -0.303033 0 0 0 0 0
1489239342.389578819 -0.0926835 -0.740886 0 0 0 0 0
1489239342.423913956 -0 -0.174883 0 0 0 0 0
1489239342.456169844 -0.0465757 -0.0465391 0 0 0 0 0
1489239342.488935709 -0.0458508 -0.641407 0 0 0 0 0
1489239342.530568838 -0 -0.288455 0 0 0 0 0
1489239342.556094408 -0.0588563 -0 0 0 0 0 0
1489239342.588390350 -0.0465179 -0.32537 0 0 0 0 0
1489239342.624794245 -0.0412687 -0.412363 0 0 0 0 0
1489239342.658829451 -0.0441408 -0.176424 0 0 0 0 0
1489239342.689248323 -0.0493884 -0.148049 0 0 0 0 0
1489239342.725975990 -0 -0.204364 0 0 0 0 0
1489239342.759506702 -0.0448049 -0.268618 0 0 0 0 0
1489239342.789411306 -0 -0.200793 0 0 0 0 0
1489239342.823637486 -0 -0.13158 0 0 0 0 0
1489239342.852626562 -0 -0.258918 0 0 0 0 0
1489239342.884407520 -0 -0.188938 0 0 0 0 0
1489239342.922484159 -0 -0 0 0 0 0 0
1489239342.959378004 -0 -0.162755 0 0 0 0 0
1489239342.995821238 -0 -0.164767 0 0 0 0 0
1489239343.023844242 -0 -0 0 0 0 0 0
1489239343.054234743 -0 -0.0493957 0 0 0 0 0
1489239343.084846497 -0 -0.0490387 0 0 0 0 0
1489239343.124257803 -0 -0 0 0 0 0 0
1489239343.155669212 -0 -0 0 0 0 0 0
1489239343.187496662 -0 0.0471656 0 0 0 0 0
1489239343.222533941 -0 -0 0 0 0 0 0
1489239343.256433249 -0 0.132849 0 0 0 0 0
1489239343.289055824 -0 -0 0 0 0 0 0
1489239343.325306177 -0 -0.0828219 0 0 0 0 0
1489239343.356433868 -0 -0 0 0 0 0 0
1489239343.389846325 -0 0.0898564 0 0 0 0 0
1489239343.428119183 -0 -0 0 0 0 0 0
1489239343.457576990 -0 -0.101919 0 0 0 0 0
1489239343.488527775 0.0485397 -0 0 0 0 0 0
1489239343.525683403 0.0404337 0.040402 0 0 0 0 0
1489239343.557492971 0.0472292 -0 0 0 0 0 0
1489239343.588351250 0.0973704 0.0486469 0 0 0 0 0
1489239343.625241041 0.0814502 -0 0 0 0 0 0
1489239343.657626867 0.139167 -0.0463524 0 0 0 0 0
1489239343.690066099 0.138937 -0 0 0 0 0 0
1489239343.725010633 0.171969 -0 0 0 0 0 0
1489239343.754779100 0.20187 0.100856 0 0 0 0 0
1489239343.786436558 0.189825 -0.0474189 0 0 0 0 0
1489239343.829610109 0.139191 0.104311 0 0 0 0 0
1489239343.858787060 0.205963 0.154351 0 0 0 0 0
1489239343.888390541 0.202995 0.152127 0 0 0 0 0
1489239343.927908659 0.152066 0.11396 0 0 0 0 0
1489239343.956347942 0.211305 0.10557 0 0 0 0 0
1489239343.988171816 0.188832 0.283025 0 0 0 0 0
1489239344.025443077 0.161233 0.0805533 0 0 0 0 0
1489239344.062921286 0.160343 -0 0 0 0 0 0
1489239344.090576887 0.271616 0.379964 0 0 0 0 0
1489239344.132145882 0.180704 0.072225 0 0 0 0 0
1489239344.152099848 0.376452 0.0752312 0 0 0 0 0
1489239344.196105242 0.20484 0.136452 0 0 0 0 0
1489239344.227837801 0.284063 0.189227 0 0 0 0 0
1489239344.257969141 0.299158 0.149462 0 0 0 0 0
1489239344.288664341 0.293663 0.0489054 0 0 0 0 0
1489239344.325759172 0.243 0.0809364 0 0 0 0 0
1489239344.356530428 0.34176 0.243923 0 0 0 0 0
1489239344.388655424 0.327358 0.186915 0 0 0 0 0
1489239344.424780130 0.249526 0.16622 0 0 0 0 0
1489239344.458056450 0.316032 0.045112 0 0 0 0 0
1489239344.488876343 0.341221 0.146123 0 0 0 0 0
1489239344.525970697 0.283504 0.283281 0 0 0 0 0
1489239344.556087732 0.349184 0.0498442 0 0 0 0 0
1489239344.593741894 0.279289 0.0797341 0 0 0 0 0
1489239344.626049280 0.372012 0.18586 0 0 0 0 0
1489239344.656783104 0.342176 0.293064 0 0 0 0 0
1489239344.686879635 0.399339 -0 0 0 0 0 0
1489239344.724520683 0.279386 0.199405 0 0 0 0 0
1489239344.758596897 0.352701 0.352424 0 0 0 0 0
1489239344.788773537 0.348494 0.0497458 0 0 0 0 0
1489239344.824059486 0.340609 0.0850855 0 0 0 0 0
1489239344.856386423 0.371787 0.371495 0 0 0 0 0
1489239344.885709047 0.409879 0.307168 0 0 0 0 0
1489239344.924021959 0.274487 0.156726 0 0 0 0 0
1489239344.954423189 0.34592 0.0987566 0 0 0 0 0
1489239344.986951828 0.369481 0.323042 0 0 0 0 0
1489239345.023329258 0.289091 0.453929 0 0 0 0 0
1489239345.056402683 0.317971 -0 0 0 0 0 0
1489239345.086758375 0.39593 0.296714 0 0 0 0 0
1489239345.124444485 0.279052 0.438166 0 0 0 0 0
1489239345.155756950 0.383832 0.0479413 0 0 0 0 0
1489239345.182634830 0.391265 0.390958 0 0 0 0 0
1489239345.227429628 0.268306 0.134048 0 0 0 0 0
1489239345.254722357 0.440364 0.440018 0 0 0 0 0
1489239345.287094593 0.371267 0.370975 0 0 0 0 0
1489239345.324583054 0.320598 0.0400433 0 0 0 0 0
1489239345.355774403 0.385322 0.38502 0 0 0 0 0
1489239345.388297081 0.369549 0.369259 0 0 0 0 0
1489239345.423848152 0.380328 0.126676 0 0 0 0 0
1489239345.460423708 0.3286 0.164171 0 0 0 0 0
1489239345.492343426 0.37653 0.376234 0 0 0 0 0
1489239345.528300047 0.334256 0.125248 0 0 0 0 0
1489239345.554870844 0.508869 0.621463 0 0 0 0 0
1489239345.586129904 0.384488 0.14407 0 0 0 0 0
1489239345.633062840 0.288093 0.127941 0 0 0 0 0
1489239345.675752878 0.281535 0.351642 0 0 0 0 0
1489239345.735521793 0.201087 0.150696 0 0 0 0 0
1489239345.761048794 0.941648 0.588068 0 0 0 0 0
1489239345.832475662 0.168266 0.252201 0 0 0 0 0
1489239345.880845070 0.496956 0.186212 0 0 0 0 0
1489239345.905997515 0.477835 0.47746 0 0 0 0 0
1489239345.947592258 0.288948 0.324811 0 0 0 0 0
1489239345.987559319 0.601432 0.15024 0 0 0 0 0
1489239346.026407957 0.348045 0.61826 0 0 0 0 0
1489239346.061899900 0.338633 0.169183 0 0 0 0 0
1489239346.089289904 0.4388 0.0548069 0 0 0 0 0
1489239346.124491930 0.341421 0.298509 0 0 0 0 0
1489239346.155982494 0.381661 0.476702 0 0 0 0 0
1489239346.188673019 0.367652 0.229602 0 0 0 0 0
1489239346.224666595 0.292174 -0 0 0 0 0 0
1489239346.257974625 0.360836 0.360552 0 0 0 0 0
1489239346.287992716 0.400383 0.600102 0 0 0 0 0
1489239346.325675249 0.279079 0.199185 0 0 0 0 0
1489239346.354921103 0.359586 -0 0 0 0 0 0
1489239346.387828588 0.365228 0.638647 0 0 0 0 0
1489239346.421906710 0.308596 0.308354 0 0 0 0 0
1489239346.457575321 0.336955 0.0841727 0 0 0 0 0
1489239346.486906767 0.358536 0.409434 0 0 0 0 0
1489239346.532770395 0.262054 0.229117 0 0 0 0 0
1489239346.561118603 0.423968 0.423635 0 0 0 0 0
1489239346.591064215 0.401352 0.401037 0 0 0 0 0
1489239346.626201868 0.342047 0.170889 0 0 0 0 0
1489239346.657922745 0.37889 0.331268 0 0 0 0 0
1489239346.689143896 0.384955 0.336571 0 0 0 0 0
1489239346.725748777 0.328337 0.328079 0 0 0 0 0
1489239346.756125927 0.39565 0.19767 0 0 0 0 0
1489239346.790699720 0.391079 0.260514 0 0 0 0 0
1489239346.825097799 0.349401 0.436408 0 0 0 0 0
1489239346.858017206 0.365095 0.228005 0 0 0 0 0
1489239346.888792038 0.390538 0.195115 0 0 0 0 0
1489239346.927086592 0.31385 0.431204 0 0 0 0 0
1489239346.956848145 0.403834 0.201758 0 0 0 0 0
1489239346.989830971 0.364393 0.318594 0 0 0 0 0
1489239347.025234222 0.339481 0.339214 0 0 0 0 0
1489239347.061494827 0.331454 0.248395 0 0 0 0 0
1489239347.087011576 0.471013 0.352982 0 0 0 0 0
1489239347.124237776 0.322857 0.322603 0 0 0 0 0
1489239347.154875040 0.392291 0.440981 0 0 0 0 0
1489239347.188337564 0.35917 0.0897219 0 0 0 0 0
1489239347.225222349 0.325845 0.447685 0 0 0 0 0
1489239347.262381077 0.323443 0.121196 0 0 0 0 0
1489239347.293200016 0.389979 0.633217 0 0 0 0 0
1489239347.327218771 0.353297 -0 0 0 0 0 0
1489239347.357372999 0.398575 0.0995655 0 0 0 0 0
1489239347.389386892 0.375422 0.750255 0 0 0 0 0
1489239347.426709414 0.322023 0.0804426 0 0 0 0 0
1489239347.456039667 0.409772 0.204725 0 0 0 0 0
1489239347.481383085 0.474235 0.710793 0 0 0 0 0
1489239347.531951427 0.237673 0.148429 0 0 0 0 0
1489239347.555404186 0.512465 0.320039 0 0 0 0 0
1489239347.589105606 0.356624 0.356344 0 0 0 0 0
1489239347.623784781 0.346569 0.173148 0 0 0 0 0
1489239347.655301094 0.381349 0.476312 0 0 0 0 0
1489239347.687011480 0.331639 0.378718 0 0 0 0 0
1489239347.724335432 0.322011 0.160879 0 0 0 0 0
1489239347.757006407 0.321888 0.275687 0 0 0 0 0
1489239347.788412094 0.382693 0.430191 0 0 0 0 0
1489239347.822085857 0.312302 0.401216 0 0 0 0 0
1489239347.853322744 0.336666 0.0961146 0 0 0 0 0
1489239347.884180069 0.389493 0.291891 0 0 0 0 0
1489239347.923346043 0.306867 0.536595 0 0 0 0 0
1489239347.955935001 0.368798 0.092127 0 0 0 0 0
1489239347.988039255 0.374366 0.140277 0 0 0 0 0
1489239348.022065878 0.353215 0.529407 0 0 0 0 0
1489239348.055140257 0.363385 0.272325 0 0 0 0 0
1489239348.086815119 0.379441 0.189571 0 0 0 0 0
1489239348.124093056 0.322409 0.241617 0 0 0 0 0
1489239348.154625893 0.393633 0.442489 0 0 0 0 0
1489239348.194789171 0.299247 0.186882 0 0 0 0 0
1489239348.228028059 0.361586 0.270977 0 0 0 0 0
1489239348.263844728 0.335562 0.293386 0 0 0 0 0
1489239348.293611050 0.403769 0.302589 0 0 0 0 0
1489239348.330472231 0.285297 0.203624 0 0 0 0 0
1489239348.357594967 0.443124 0.442776 0 0 0 0 0
1489239348.394259214 0.286829 0.327548 0 0 0 0 0
1489239348.430698156 0.288603 0.0823932 0 0 0 0 0
1489239348.463835955 0.317353 0.362404 0 0 0 0 0
1489239348.535333872 0.147087 0.104979 0 0 0 0 0
1489239348.587666988 0.574145 0.54501 0 0 0 0 0
1489239348.625503540 0.277943 0.396749 0 0 0 0 0
1489239348.655373096 0.30178 0.201029 0 0 0 0 0
1489239348.686408043 0.387264 0.19348 0 0 0 0 0
1489239348.724191189 0.278335 0.437041 0 0 0 0 0
1489239348.756329775 0.373966 0.280254 0 0 0 0 0
1489239348.785344601 0.362449 0.103475 0 0 0 0 0
1489239348.827551365 0.284758 0.320101 0 0 0 0 0
1489239348.854415178 0.447395 0.614684 0 0 0 0 0
1489239348.886926413 0.369679 0.0923472 0 0 0 0 0
1489239348.934570312 0.252262 0.126032 0 0 0 0 0
1489239348.979776621 0.265864 0.365276 0 0 0 0 0
1489239349.005223036 0.472315 0.176979 0 0 0 0 0
1489239349.054412365 0.488672 0.488288 0 0 0 0 0
1489239349.086006165 0.427966 0.0950288 0 0 0 0 0
1489239349.121709108 0.336631 0.50455 0 0 0 0 0
1489239349.156194210 0.348519 0.261184 0 0 0 0 0
1489239349.186356306 0.348662 0.149309 0 0 0 0 0
1489239349.224536657 0.314788 0.353859 0 0 0 0 0
1489239349.254430771 0.402043 0.451943 0 0 0 0 0
1489239349.285087347 0.392044 0.146901 0 0 0 0 0
1489239349.324342728 0.306168 0.229445 0 0 0 0 0
1489239349.355714560 0.383106 0.382805 0 0 0 0 0
1489239349.387621403 0.376682 0.376386 0 0 0 0 0
1489239349.424672604 0.324382 0.283611 0 0 0 0 0
1489239349.455204010 0.442858 0.245839 0 0 0 0 0
1489239349.488222837 0.363996 0.454638 0 0 0 0 0
1489239349.525239944 0.32468 0.243319 0 0 0 0 0
1489239349.561052799 0.335598 0.167667 0 0 0 0 0
1489239349.589118958 0.428228 0.534865 0 0 0 0 0
1489239349.625591278 0.32953 0.329271 0 0 0 0 0
1489239349.657312393 0.378887 0.189295 0 0 0 0 0
1489239349.689007282 0.379201 0.378903 0 0 0 0 0
1489239349.726911783 0.317079 0.356434 0 0 0 0 0
1489239349.757349730 0.39486 0.295912 0 0 0 0 0
1489239349.786769629 0.408524 0.408203 0 0 0 0 0
1489239349.823372126 0.328358 0.246075 0 0 0 0 0
1489239349.855708361 0.37168 0.464235 0 0 0 0 0
1489239349.887140751 0.382368 0.28655 0 0 0 0 0
1489239349.923871279 0.327214 0.204348 0 0 0 0 0
1489239349.986957073 0.381028 0.380729 0 0 0 0 0
1489239350.088145018 0.341482 0.370884 0 0 0 0 0
1489239350.184422731 0.374502 0.374208 0 0 0 0 0
1489239350.286539078 0.353089 0.352812 0 0 0 0 0
1489239350.324217796 0.318979 0.199205 0 0 0 0 0
1489239350.356052876 0.377531 0.377234 0 0 0 0 0
1489239350.385147095 0.413097 0.515965 0 0 0 0 0
1489239350.422918081 0.3182 0.31795 0 0 0 0 0
1489239350.460699797 0.31811 0.278127 0 0 0 0 0
1489239350.487392187 0.393984 0.449914 0 0 0 0 0
1489239350.523884535 0.329349 0.493636 0 0 0 0 0
1489239350.555068493 0.337237 0.336972 0 0 0 0 0
1489239350.587568760 0.369804 0.461892 0 0 0 0 0
1489239350.624297619 0.327228 0.0817428 0 0 0 0 0
1489239350.654946804 0.392139 0.783661 0 0 0 0 0
1489239350.687186003 0.372799 0.232816 0 0 0 0 0
1489239350.724707842 0.320313 0.0800153 0 0 0 0 0
1489239350.756181955 0.381861 0.572341 0 0 0 0 0
1489239350.785579443 0.45994 0.35745 0 0 0 0 0
1489239350.823211432 0.319375 0.478687 0 0 0 0 0
1489239350.855866194 0.368054 0.0919413 0 0 0 0 0
1489239350.887034655 0.433806 0.33714 0 0 0 0 0
1489239350.931318521 0.271402 0.47458 0 0 0 0 0
1489239350.959701777 0.423444 0.317334 0 0 0 0 0
1489239350.989111900 0.40866 -0 0 0 0 0 0
1489239351.025231123 0.374345 0.415613 0 0 0 0 0
1489239351.056697845 0.38195 0.572476 0 0 0 0 0
1489239351.087539911 0.438397 -0 0 0 0 0 0
1489239351.124289751 0.327042 0.408481 0 0 0 0 0
1489239351.158361673 0.352746 0.396527 0 0 0 0 0
1489239351.185240269 0.503042 0.335098 0 0 0 0 0
1489239351.232482910 0.254404 0.158878 0 0 0 0 0
1489239351.259917021 0.492856 0.383031 0 0 0 0 0
1489239351.290551901 0.441362 0.392013 0 0 0 0 0
1489239351.324763060 0.35131 0.307155 0 0 0 0 0
1489239351.355032921 0.446684 0.0991852 0 0 0 0 0
1489239351.395435810 0.334656 0.260084 0 0 0 0 0
1489239351.426781416 0.431354 0.383125 0 0 0 0 0
1489239351.460397005 0.402226 0.13397 0 0 0 0 0
1489239351.489974976 0.507926 0.203011 0 0 0 0 0
1489239351.524233580 0.350824 0.350548 0 0 0 0 0
1489239351.554815292 0.491255 -0 0 0 0 0 0
1489239351.584940195 0.448834 0.249156 0 0 0 0 0
1489239351.623093128 0.354391 0.236075 0 0 0 0 0
1489239351.655068398 0.42286 -0 0 0 0 0 0
1489239351.686775923 0.473812 0.284064 0 0 0 0 0
1489239351.722887993 0.332817 0.249417 0 0 0 0 0
1489239351.754631042 0.425954 -0.047291 0 0 0 0 0
1489239351.787987947 0.405345 0.180012 0 0 0 0 0
1489239351.823220491 0.383766 0.426072 0 0 0 0 0
1489239351.854860067 0.379864 0.0948913 0 0 0 0 0
1489239351.888251781 0.359931 0.0449561 0 0 0 0 0
1489239351.924535275 0.331245 0.248239 0 0 0 0 0
1489239351.955709457 0.385535 0.433386 0 0 0 0 0
1489239351.986584663 0.340609 0.0972405 0 0 0 0 0
1489239352.023221493 0.32805 -0 0 0 0 0 0
1489239352.054833651 0.380193 0.379895 0 0 0 0 0
1489239352.090154171 0.340276 0.170004 0 0 0 0 0
1489239352.123384714 0.361677 -0 0 0 0 0 0
1489239352.155912161 0.369495 0.276904 0 0 0 0 0
1489239352.187858343 0.376218 0.375922 0 0 0 0 0
1489239352.225149393 0.282008 0.0402553 0 0 0 0 0
1489239352.257914066 0.320967 0.0916329 0 0 0 0 0
1489239352.288061857 0.348828 0.348554 0 0 0 0 0
1489239352.323355675 0.297967 0.212666 0 0 0 0 0
1489239352.355074406 0.284187 0.0946545 0 0 0 0 0
1489239352.387864590 0.274901 0.183123 0 0 0 0 0
1489239352.424885750 0.284064 0.283841 0 0 0 0 0
1489239352.453114271 0.319324 0.212715 0 0 0 0 0
1489239352.487702847 0.260608 0.0434005 0 0 0 0 0
1489239352.522590399 0.215312 0.215143 0 0 0 0 0
1489239352.557351112 0.259317 0.215928 0 0 0 0 0
1489239352.591655970 0.175175 0.175038 0 0 0 0 0
1489239352.630843639 0.153348 -0 0 0 0 0 0
1489239352.655616760 0.242576 0.363578 0 0 0 0 0
1489239352.689030409 0.179848 0.359413 0 0 0 0 0
1489239352.721363306 0.139394 -0.139285 0 0 0 0 0
1489239352.760449886 0.115309 0.153624 0 0 0 0 0
1489239352.786598921 0.114906 0.459263 0 0 0 0 0
1489239352.825331926 0.0775742 0.0387566 0 0 0 0 0
1489239352.854665041 0.102433 -0 0 0 0 0 0
1489239352.888081074 0.0899174 0.0898467 0 0 0 0 0
1489239352.923019648 0.085999 0.214829 0 0 0 0 0
1489239352.954672813 0.0474626 -0.0474253 0 0 0 0 0
1489239352.985120296 0.049342 -0.0986066 0 0 0 0 0
1489239353.025050879 0.0376238 0.150377 0 0 0 0 0
1489239353.056891680 0.0471829 -0 0 0 0 0 0
1489239353.090107679 -0 -0.0903878 0 0 0 0 0
1489239353.126022816 -0 -0 0 0 0 0 0
1489239353.157552004 -0 0.142835 0 0 0 0 0
1489239353.186897278 -0 -0 0 0 0 0 0
1489239353.226475716 -0 -0.0758575 0 0 0 0 0
1489239353.257046700 -0 0.0982082 0 0 0 0 0
1489239353.290889740 -0 -0 0 0 0 0 0
1489239353.324727297 -0 -0.0887275 0 0 0 0 0
1489239353.356157064 -0 -0 0 0 0 0 0
1489239353.391595840 -0 0.0423593 0 0 0 0 0
1489239353.426522732 -0 0.0429801 0 0 0 0 0
1489239353.456470728 -0 -0.0501256 0 0 0 0 0
1489239353.488035440 -0 -0 0 0 0 0 0
1489239353.524691105 -0 0.0819061 0 0 0 0 0
1489239353.557736874 -0 0.0454267 0 0 0 0 0
1489239353.588533878 -0 -0.146231 0 0 0 0 0
1489239353.626631021 -0 -0.0394035 0 0 0 0 0
1489239353.652290106 -0 0.117008 0 0 0 0 0
1489239353.687430382 -0 -0 0 0 0 0 0
1489239353.721653461 -0 -0.043864 0 0 0 0 0
1489239353.753802299 -0 -0 0 0 0 0 0
1489239353.787772655 -0 0.0883806 0 0 0 0 0
1489239353.820567608 -0 -0 0 0 0 0 0
1489239353.857184649 -0 -0.0819925 0 0 0 0 0
1489239353.885094404 -0 -0 0 0 0 0 0
1489239353.923495054 -0 -0 0 0 0 0 0
1489239353.957010031 -0 -0 0 0 0 0 0
1489239353.988597393 -0 -0.0950482 0 0 0 0 0
1489239354.027883530 -0 0.038211 0 0 0 0 0
1489239354.056770325 -0 0.103934 0 0 0 0 0
1489239354.085963726 -0 -0.0514212 0 0 0 0 0
1489239354.123504400 -0 -0.0799752 0 0 0 0 0
1489239354.157011032 -0 0.0896038 0 0 0 0 0
1489239354.189423561 -0 0.0926284 0 0 0 0 0
1489239354.225227594 -0 -0.0838543 0 0 0 0 0
1489239354.256892920 -0 -0.0474071 0 0 0 0 0
1489239354.286843061 -0 0.100244 0 0 0 0 0
1489239354.322481632 -0 -0 0 0 0 0 0
1489239354.352487087 -0 -0.100059 0 0 0 0 0
1489239354.384984016 -0 -0 0 0 0 0 0
1489239354.424994230 -0 0.0750389 0 0 0 0 0
1489239354.456755877 -0 -0.0945266 0 0 0 0 0
1489239354.487369537 -0 -0.0980713 0 0 0 0 0
1489239354.522334576 -0 0.0858664 0 0 0 0 0
1489239354.556170940 -0 -0 0 0 0 0 0
1489239354.586569548 -0 -0.0987651 0 0 0 0 0
1489239354.624126673 -0 -0 0 0 0 0 0
1489239354.657973051 -0 0.0887044 0 0 0 0 0
1489239354.683259964 -0 -0.0593651 0 0 0 0 0
1489239354.718962669 -0 -0.0420461 0 0 0 0 0
1489239354.753586292 -0 0.0433565 0 0 0 0 0
1489239354.784582376 -0 -0 0 0 0 0 0
1489239354.832878590 -0 -0 0 0 0 0 0
1489239354.859465361 -0 -0 0 0 0 0 0
1489239354.890376091 -0 -0 0 0 0 0 0
1489239354.927127361 -0 -0 0 0 0 0 0
1489239354.956877232 -0 -0 0 0 0 0 0
1489239354.987647772 -0 -0 0 0 0 0 0
1489239355.025210619 -0 -0 0 0 0 0 0
1489239355.055636644 -0 -0 0 0 0 0 0
1489239355.089562178 -0 -0 0 0 0 0 0
1489239355.121745825 -0 -0 0 0 0 0 0
1489239355.155795336 -0 0.0440876 0 0 0 0 0
1489239355.186812162 -0 -0 0 0 0 0 0
1489239355.225235224 -0 -0.0390693 0 0 0 0 0
1489239355.254302025 -0 -0 0 0 0 0 0
1489239355.287991047 -0 -0 0 0 0 0 0
1489239355.325204134 -0 -0 0 0 0 0 0
1489239355.354739189 -0 -0 0 0 0 0 0
