1489238729.612452507 -0 -0 0 0 0 0 0
1489238729.658211708 -0 -0 0 0 0 0 0
1489238729.688287258 -0 -0 0 0 0 0 0
1489238729.720974684 -0 -0.0459247 0 0 0 0 0
1489238729.762982845 -0 -0 0 0 0 0 0
1489238729.789192677 -0 -0 0 0 0 0 0
1489238729.826415777 -0 -0 0 0 0 0 0
1489238729.857514143 -0 -0 0 0 0 0 0
1489238729.887450695 -0 -0 0 0 0 0 0
1489238729.923228264 -0 -0 0 0 0 0 0
1489238729.959055662 -0 -0 0 0 0 0 0
1489238729.988679647 -0 -0 0 0 0 0 0
1489238730.027301788 -0 -0 0 0 0 0 0
1489238730.058770418 -0 -0 0 0 0 0 0
1489238730.097425938 -0 -0.0776686 0 0 0 0 0
1489238730.123707771 -0 -0 0 0 0 0 0
1489238730.159249067 -0 -0.0844742 0 0 0 0 0
1489238730.191309929 -0 -0.0936444 0 0 0 0 0
1489238730.231505394 -0 -0 0 0 0 0 0
1489238730.264207840 -0 -0.137711 0 0 0 0 0
1489238730.295153856 -0 -0.097018 0 0 0 0 0
1489238730.325581551 -0 -0.148006 0 0 0 0 0
1489238730.360772133 -0 -0.127974 0 0 0 0 0
1489238730.391330719 -0 -0.196496 0 0 0 0 0
1489238730.430296898 -0 -0.115574 0 0 0 0 0
1489238730.462882042 -0 -0.184275 0 0 0 0 0
1489238730.525275946 -0.0240783 -0.144356 0 0 0 0 0
1489238730.562725544 -0.0401163 -0.0801697 0 0 0 0 0
1489238730.593852043 -0.0482657 -0.192911 0 0 0 0 0
1489238730.626027107 -0.0466927 -0.0933121 0 0 0 0 0
1489238730.662300825 -0.0414168 -0 0 0 0 0 0
1489238730.689878702 -0.108953 -0.217734 0 0 0 0 0
1489238730.733326912 -0.0691555 -0 0 0 0 0 0
1489238730.766738176 -0.0899302 -0 0 0 0 0 0
1489238730.795033932 -0.106188 0.106105 0 0 0 0 0
1489238730.828160763 -0.0453512 -0.181262 0 0 0 0 0
1489238730.861332655 -0.0452896 -0.045254 0 0 0 0 0
1489238730.891790152 -0 -0.0985741 0 0 0 0 0
1489238730.928017616 -0 -0.165748 0 0 0 0 0
1489238730.963545084 0.0422867 -0.338028 0 0 0 0 0
1489238730.999195099 -0 -0.168433 0 0 0 0 0
1489238731.028482199 0.051297 -0.15377 0 0 0 0 0
1489238731.061608791 -0 -0.135948 0 0 0 0 0
1489238731.091275692 -0 -0.303603 0 0 0 0 0
1489238731.129975080 -0 -0.0775806 0 0 0 0 0
1489238731.162060976 -0 -0 0 0 0 0 0
1489238731.192685604 -0.0490566 -0.147054 0 0 0 0 0
1489238731.225121498 -0.0463172 -0.231404 0 0 0 0 0
1489238731.261854410 -0 -0 0 0 0 0 0
1489238731.291205883 -0 -0.204577 0 0 0 0 0
1489238731.325669765 -0 -0.217788 0 0 0 0 0
1489238731.356442451 -0 -0.243911 0 0 0 0 0
1489238731.395271301 -0 -0.193305 0 0 0 0 0
1489238731.422459841 -0 -0.220852 0 0 0 0 0
1489238731.459202528 -0 -0.163424 0 0 0 0 0
1489238731.492171526 -0 -0.36426 0 0 0 0 0
1489238731.521244764 -0 -0.258169 0 0 0 0 0
1489238731.559839010 -0 -0.311168 0 0 0 0 0
1489238731.591023684 0.0481756 -0.144413 0 0 0 0 0
1489238731.623928070 -0 -0.319353 0 0 0 0 0
1489238731.660411596 -0 -0.493755 0 0 0 0 0
1489238731.693464041 -0 -0.272505 0 0 0 0 0
1489238731.724866867 -0 -0.334624 0 0 0 0 0
1489238731.760797977 -0 -0.292452 0 0 0 0 0
1489238731.790382385 -0 -0.507416 0 0 0 0 0
1489238731.832109213 -0 -0.359759 0 0 0 0 0
1489238731.867023706 -0 -0.128986 0 0 0 0 0
1489238731.924853325 -0 -0.597042 0 0 0 0 0
1489238731.962807178 0.0395834 -0.158209 0 0 0 0 0
1489238731.993627548 -0 -0.389654 0 0 0 0 0
1489238732.025770426 -0 -0.560433 0 0 0 0 0
1489238732.061735630 -0 -0.250436 0 0 0 0 0
1489238732.093619823 -0 -0.376653 0 0 0 0 0
1489238732.124811649 -0 -0.481267 0 0 0 0 0
1489238732.162621737 -0 -0.397027 0 0 0 0 0
1489238732.193760157 -0 -0.337465 0 0 0 0 0
1489238732.225370646 -0 -0.284936 0 0 0 0 0
1489238732.259485960 -0 -0.528031 0 0 0 0 0
1489238732.292217493 -0 -0.504491 0 0 0 0 0
1489238732.323672295 -0 -0.286346 0 0 0 0 0
1489238732.361306906 -0 -0.319102 0 0 0 0 0
1489238732.393457890 -0 -0.373528 0 0 0 0 0
1489238732.431043863 -0 -0.399394 0 0 0 0 0
1489238732.460837364 -0 -0.403084 0 0 0 0 0
1489238732.497029066 -0 -0.248868 0 0 0 0 0
1489238732.523065090 -0 -0.749542 0 0 0 0 0
1489238732.558794022 -0 -0.294107 0 0 0 0 0
1489238732.599192381 -0 -0.334431 0 0 0 0 0
1489238732.627822399 -0 -0.419465 0 0 0 0 0
1489238732.668522835 -0 -0.442598 0 0 0 0 0
1489238732.693070889 -0 -0.244608 0 0 0 0 0
1489238732.722801924 -0 -0.403931 0 0 0 0 0
1489238732.758659840 -0 -0.418641 0 0 0 0 0
1489238732.790194035 -0 -0.476042 0 0 0 0 0
1489238732.828536510 -0 -0.195757 0 0 0 0 0
1489238732.858049631 -0 -0.457778 0 0 0 0 0
1489238732.891030550 -0 -0.546192 0 0 0 0 0
1489238732.924017191 -0 -0.273049 0 0 0 0 0
1489238732.958971500 -0 -0.429464 0 0 0 0 0
1489238732.997075796 -0 -0.275773 0 0 0 0 0
1489238733.025737286 -0 -0.628506 0 0 0 0 0
1489238733.061252356 -0 -0.380414 0 0 0 0 0
1489238733.093807220 -0 -0.27667 0 0 0 0 0
1489238733.123987913 -0 -0.54713 0 0 0 0 0
1489238733.162359715 -0 -0.312972 0 0 0 0 0
1489238733.193075418 -0 -0.635346 0 0 0 0 0
1489238733.226639986 -0 -0.134174 0 0 0 0 0
1489238733.261825323 -0.0426979 -0.554637 0 0 0 0 0
1489238733.295235634 -0 -0.449311 0 0 0 0 0
1489238733.362240314 -0.0224214 -0.246442 0 0 0 0 0
1489238733.390732288 -0.0527286 -0.632246 0 0 0 0 0
1489238733.424694061 -0 -0.530418 0 0 0 0 0
1489238733.460671663 -0 0.0417249 0 0 0 0 0
1489238733.487601757 -0 -0.445943 0 0 0 0 0
1489238733.532686710 -0.0333224 -0.432852 0 0 0 0 0
1489238733.564813137 -0 -0.42054 0 0 0 0 0
1489238733.593356133 -0 -0.105186 0 0 0 0 0
1489238733.625238895 -0 -0.37667 0 0 0 0 0
1489238733.659568787 -0.0437619 -0.437275 0 0 0 0 0
1489238733.691780090 -0 -0.466035 0 0 0 0 0
1489238733.722474337 -0 -0.146721 0 0 0 0 0
1489238733.759272099 -0 -0.244769 0 0 0 0 0
1489238733.790545225 -0 -0.768026 0 0 0 0 0
1489238733.829866171 -0 -0.26724 0 0 0 0 0
1489238733.859294415 0.051051 -0.204044 0 0 0 0 0
1489238733.890867233 -0 -0.570552 0 0 0 0 0
1489238733.922227383 0.047906 -0.718026 0 0 0 0 0
1489238733.967720985 -0 -0.131989 0 0 0 0 0
1489238733.997995138 0.0496245 -0.396684 0 0 0 0 0
1489238734.027365208 -0 -0.715567 0 0 0 0 0
1489238734.059933662 -0 -0.55311 0 0 0 0 0
1489238734.093670845 0.0445307 -0.177983 0 0 0 0 0
1489238734.123775244 -0 -0.498652 0 0 0 0 0
1489238734.170017958 -0 -0.422014 0 0 0 0 0
1489238734.200696707 -0 -0.489316 0 0 0 0 0
1489238734.233065844 0.0464128 -0.278258 0 0 0 0 0
1489238734.262671709 -0 -0.507048 0 0 0 0 0
1489238734.332654715 -0 -0.343206 0 0 0 0 0
1489238734.366557598 -0 -0.442783 0 0 0 0 0
1489238734.396998644 -0 -0.986274 0 0 0 0 0
1489238734.428010225 -0 -0.387252 0 0 0 0 0
1489238734.462978363 -0 -0.0858588 0 0 0 0 0
1489238734.492960691 -0 -0.700955 0 0 0 0 0
1489238734.525839806 -0 -0.684855 0 0 0 0 0
1489238734.562488317 -0 -0.245766 0 0 0 0 0
1489238734.594677687 0.046672 -0.233176 0 0 0 0 0
1489238734.623492956 -0 -0.625152 0 0 0 0 0
1489238734.658745527 -0 -0.723911 0 0 0 0 0
1489238734.690047026 0.0479958 -0.287749 0 0 0 0 0
1489238734.731827736 0.0359578 -0.071859 0 0 0 0 0
1489238734.764266491 -0 -0.786705 0 0 0 0 0
1489238734.794702768 -0 -0.591857 0 0 0 0 0
1489238734.823828459 0.0515813 -0.154622 0 0 0 0 0
1489238734.870240450 0.0323697 -0.291098 0 0 0 0 0
1489238734.895183086 -0 -0.842583 0 0 0 0 0
1489238734.926220655 -0 -0.483659 0 0 0 0 0
1489238734.961425543 -0 -0.341126 0 0 0 0 0
1489238734.993664265 -0 -0.558767 0 0 0 0 0
1489238735.024002790 -0 -0.445323 0 0 0 0 0
1489238735.062674522 -0 -0.38818 0 0 0 0 0
1489238735.098256111 0.0422224 -0.464082 0 0 0 0 0
1489238735.128131390 -0 -0.301486 0 0 0 0 0
1489238735.163599968 -0 -0.592532 0 0 0 0 0
1489238735.225770235 0.0241649 -0.386335 0 0 0 0 0
1489238735.262691259 -0 -0.487904 0 0 0 0 0
1489238735.293068647 -0 -0.444753 0 0 0 0 0
1489238735.325561285 -0 -0.3234 0 0 0 0 0
1489238735.359727383 -0 -0.483309 0 0 0 0 0
1489238735.394138813 -0 -0.261743 0 0 0 0 0
1489238735.427569628 -0 -0.538842 0 0 0 0 0
1489238735.465136290 -0 -0.399599 0 0 0 0 0
1489238735.493727684 -0 -0.26252 0 0 0 0 0
1489238735.525493145 -0 -0.472576 0 0 0 0 0
1489238735.561358929 -0 -0.585969 0 0 0 0 0
1489238735.594630480 -0 -0.270711 0 0 0 0 0
1489238735.625991821 0.0479042 -0.1436 0 0 0 0 0
1489238735.660912514 -0.0430215 -0.429877 0 0 0 0 0
1489238735.691386223 -0 -0.837434 0 0 0 0 0
1489238735.731166124 0.0377663 -0.0754733 0 0 0 0 0
1489238735.764134169 -0 -0.0910676 0 0 0 0 0
1489238735.797265291 -0 -0.724955 0 0 0 0 0
1489238735.825944662 -0 -0.471086 0 0 0 0 0
1489238735.862529516 -0 -0.164129 0 0 0 0 0
1489238735.925101519 -0 -0.383855 0 0 0 0 0
1489238735.959287167 -0 -0.526944 0 0 0 0 0
1489238735.992138147 0.045732 0.137088 0 0 0 0 0
1489238736.023618698 -0.0477228 -0.524539 0 0 0 0 0
1489238736.061111212 -0 -0.400389 0 0 0 0 0
1489238736.092817545 -0 -0.189383 0 0 0 0 0
1489238736.126235962 -0 -0.224601 0 0 0 0 0
1489238736.162802219 -0 -0.246319 0 0 0 0 0
1489238736.193811178 -0.0484486 -0.532516 0 0 0 0 0
1489238736.222530127 -0 -0.156812 0 0 0 0 0
1489238736.266505957 -0 -0.102408 0 0 0 0 0
1489238736.294013023 -0.0546165 -0.491163 0 0 0 0 0
1489238736.325356960 -0 -0.431039 0 0 0 0 0
1489238736.366678476 -0 -0.0363288 0 0 0 0 0
1489238736.396990061 -0 -0.198097 0 0 0 0 0
1489238736.426101923 -0 -0.515653 0 0 0 0 0
1489238736.462570667 -0 -0.288141 0 0 0 0 0
1489238736.494148016 -0 -0.142617 0 0 0 0 0
1489238736.527498484 -0 -0 0 0 0 0 0
1489238736.562186718 -0 -0.519309 0 0 0 0 0
1489238736.624209881 -0 -0.193626 0 0 0 0 0
1489238736.661004305 -0 -0.203993 0 0 0 0 0
1489238736.693265200 -0 -0.325723 0 0 0 0 0
1489238736.724699736 -0 -0.238776 0 0 0 0 0
1489238736.759838343 -0 -0.170884 0 0 0 0 0
1489238736.791971207 -0 -0.233587 0 0 0 0 0
1489238736.825417280 -0 -0.224415 0 0 0 0 0
1489238736.862583876 -0 -0.24234 0 0 0 0 0
1489238736.893919468 -0 -0.143718 0 0 0 0 0
1489238736.926741123 -0 -0.228685 0 0 0 0 0
1489238736.962024689 -0 -0.340365 0 0 0 0 0
1489238736.994452477 -0 -0.18517 0 0 0 0 0
1489238737.024459362 -0 -0.100054 0 0 0 0 0
1489238737.060192108 -0 -0.252065 0 0 0 0 0
1489238737.099741936 -0 -0.30365 0 0 0 0 0
1489238737.130571604 -0 -0.0486921 0 0 0 0 0
1489238737.162972689 -0 -0.185322 0 0 0 0 0
1489238737.194987297 -0 -0.281339 0 0 0 0 0
1489238737.224372625 0.102251 -0.306512 0 0 0 0 0
1489238737.260962725 0.0821173 -0 0 0 0 0 0
1489238737.298848629 0.0793087 -0.237739 0 0 0 0 0
1489238737.331227303 0.139197 -0.278176 0 0 0 0 0
1489238737.363581657 0.139302 0.0463975 0 0 0 0 0
1489238737.396172762 0.184387 -0.276363 0 0 0 0 0
1489238737.426710606 0.196784 -0.19663 0 0 0 0 0
1489238737.463604927 0.16288 -0.162753 0 0 0 0 0
1489238737.493956327 0.247491 -0.148378 0 0 0 0 0
1489238737.526415110 0.185138 -0.184993 0 0 0 0 0
1489238737.561539412 0.213861 -0.0427385 0 0 0 0 0
1489238737.593776941 0.186409 -0.186263 0 0 0 0 0
1489238737.623459339 0.253069 -0.101148 0 0 0 0 0
1489238737.661288977 0.198567 0.0396821 0 0 0 0 0
1489238737.693764448 0.231304 -0.138673 0 0 0 0 0
1489238737.727960587 0.219665 -0.0438985 0 0 0 0 0
1489238737.762065172 0.220255 0.0440164 0 0 0 0 0
1489238737.794574499 0.231063 -0 0 0 0 0 0
1489238737.825617552 0.241977 -0.0967148 0 0 0 0 0
1489238737.891813278 0.24965 0.113388 0 0 0 0 0
1489238737.925091505 0.270869 -0.0902188 0 0 0 0 0
1489238737.966266870 0.218918 -0.0729155 0 0 0 0 0
1489238737.991236925 0.360994 0.240474 0 0 0 0 0
1489238738.022017479 0.292849 -0 0 0 0 0 0
1489238738.066991806 0.233831 -0.100135 0 0 0 0 0
1489238738.095336914 0.371012 0.0529601 0 0 0 0 0
1489238738.125762939 0.345638 0.197352 0 0 0 0 0
1489238738.160986185 0.298564 -0.127855 0 0 0 0 0
1489238738.192202091 0.336892 -0.0480896 0 0 0 0 0
1489238738.225411892 0.316665 0.180809 0 0 0 0 0
1489238738.263362408 0.277108 0.0395557 0 0 0 0 0
1489238738.294218540 0.34082 -0.0486503 0 0 0 0 0
1489238738.327065706 0.274424 -0.0914028 0 0 0 0 0
1489238738.361937046 0.301577 0.258291 0 0 0 0 0
1489238738.394594431 0.276019 0.183868 0 0 0 0 0
1489238738.424215317 0.304314 -0.202717 0 0 0 0 0
1489238738.460500956 0.248419 0.0413707 0 0 0 0 0
1489238738.492703915 0.279914 0.279694 0 0 0 0 0
1489238738.526545048 0.266364 0.0887181 0 0 0 0 0
1489238738.562278509 0.252258 -0.16804 0 0 0 0 0
1489238738.595050097 0.275057 0.13742 0 0 0 0 0
1489238738.624805212 0.302941 0.302703 0 0 0 0 0
1489238738.661349297 0.246662 -0.0821562 0 0 0 0 0
1489238738.692289591 0.291337 -0.097036 0 0 0 0 0
1489238738.725662470 0.270101 0.179926 0 0 0 0 0
1489238738.765153408 0.228256 0.152051 0 0 0 0 0
1489238738.825831890 0.297108 -0.0494792 0 0 0 0 0
1489238738.922826767 0.309777 0.0619068 0 0 0 0 0
1489238738.959832907 0.243582 0.0811304 0 0 0 0 0
1489238738.994099617 0.306898 0.131424 0 0 0 0 0
1489238739.025276899 0.289122 0.0962984 0 0 0 0 0
1489238739.062496424 0.242186 -0.16133 0 0 0 0 0
1489238739.091048002 0.315711 0.262886 0 0 0 0 0
1489238739.123121023 0.327889 0.234022 0 0 0 0 0
1489238739.159388065 0.248546 -0.124176 0 0 0 0 0
1489238739.196122646 0.245383 -0.16346 0 0 0 0 0
1489238739.226321459 0.348238 0.397674 0 0 0 0 0
1489238739.261411905 0.25688 0.171119 0 0 0 0 0
1489238739.319096804 0.156264 -0.208188 0 0 0 0 0
1489238739.345306635 0.343918 0.114549 0 0 0 0 0
1489238739.367652416 0.470621 0.604608 0 0 0 0 0
1489238739.391160488 0.383445 -0 0 0 0 0 0
1489238739.422799349 0.284904 -0.28468 0 0 0 0 0
1489238739.470606565 0.18855 0.157001 0 0 0 0 0
1489238739.497184992 0.395674 0.338883 0 0 0 0 0
1489238739.528387070 0.288892 -0.240555 0 0 0 0 0
1489238739.593482733 0.323106 0.0922434 0 0 0 0 0
1489238739.624566317 0.338326 -0 0 0 0 0 0
1489238739.663550138 0.3083 -0.154029 0 0 0 0 0
1489238739.695636988 0.327748 -0 0 0 0 0 0
1489238739.726837635 0.385208 0.240566 0 0 0 0 0
1489238739.762013674 0.298964 -0.0426757 0 0 0 0 0
1489238739.794187307 0.326863 -0.186632 0 0 0 0 0
1489238739.823992491 0.352837 0.251829 0 0 0 0 0
1489238739.861839533 0.277865 0.158656 0 0 0 0 0
1489238739.890628576 0.365291 -0.208574 0 0 0 0 0
1489238739.924920797 0.30667 -0 0 0 0 0 0
1489238739.962145329 0.282512 0.241963 0 0 0 0 0
1489238739.993377447 0.336717 -0.0480646 0 0 0 0 0
1489238740.024482965 0.338087 -0 0 0 0 0 0
1489238740.068647861 0.238116 0.13596 0 0 0 0 0
1489238740.096574306 0.376574 0.107508 0 0 0 0 0
1489238740.127936840 0.335317 0.0478648 0 0 0 0 0
1489238740.161340714 0.314825 -0.0898794 0 0 0 0 0
1489238740.199778795 0.273593 0.117162 0 0 0 0 0
1489238740.225121975 0.414959 0.236933 0 0 0 0 0
1489238740.262725830 0.279662 -0.159682 0 0 0 0 0
1489238740.290715456 0.375724 0.0536328 0 0 0 0 0
1489238740.324888706 0.307737 0.21964 0 0 0 0 0
1489238740.361570120 0.286695 -0.0409243 0 0 0 0 0
1489238740.396388769 0.302033 -0 0 0 0 0 0
1489238740.425540686 0.412279 0.205978 0 0 0 0 0
1489238740.491657257 0.340839 -0 0 0 0 0 0
1489238740.524916887 0.361361 0.0451346 0 0 0 0 0
1489238740.560202599 0.340612 0.170172 0 0 0 0 0
1489238740.594949245 0.345896 0.0864061 0 0 0 0 0
1489238740.625384092 0.345538 0.0493238 0 0 0 0 0
1489238740.662537098 0.323493 -0 0 0 0 0 0
1489238740.692421198 0.402178 0.150698 0 0 0 0 0
1489238740.724359274 0.329274 0.235011 0 0 0 0 0
1489238740.761389256 0.324567 -0.162156 0 0 0 0 0
1489238740.796757698 0.339815 0.084887 0 0 0 0 0
1489238740.826187372 0.408388 0.459076 0 0 0 0 0
1489238740.865923643 0.264655 -0 0 0 0 0 0
1489238740.893970490 0.374958 -0.267617 0 0 0 0 0
1489238740.925530672 0.333217 0.332955 0 0 0 0 0
1489238740.961791754 0.33145 0.248392 0 0 0 0 0
1489238740.994494677 0.321573 -0.229515 0 0 0 0 0
1489238741.024710655 0.348041 -0 0 0 0 0 0
1489238741.061046124 0.330771 0.289197 0 0 0 0 0
1489238741.092155457 0.338046 0.0965087 0 0 0 0 0
1489238741.122409105 0.397265 -0.198477 0 0 0 0 0
1489238741.165961504 0.27596 -0 0 0 0 0 0
1489238741.192773104 0.448266 0.447914 0 0 0 0 0
1489238741.222940207 0.398405 -0 0 0 0 0 0
1489238741.261483669 0.311823 -0.155789 0 0 0 0 0
1489238741.292098522 0.392578 0.196135 0 0 0 0 0
1489238741.324988365 0.365424 -0 0 0 0 0 0
1489238741.359068871 0.352657 0.088095 0 0 0 0 0
1489238741.391301155 0.372879 0.0931464 0 0 0 0 0
1489238741.425038815 0.356241 -0.0889902 0 0 0 0 0
1489238741.463572264 0.311904 0.116872 0 0 0 0 0
1489238741.491491556 0.430481 0.107536 0 0 0 0 0
1489238741.524584293 0.363183 -0 0 0 0 0 0
1489238741.559731960 0.341949 -0 0 0 0 0 0
1489238741.622241259 0.384542 0.04803 0 0 0 0 0
1489238741.666821480 0.269598 0.0673465 0 0 0 0 0
1489238741.691301107 0.490969 -0 0 0 0 0 0
1489238741.724534035 0.361651 -0 0 0 0 0 0
1489238741.760007620 0.338808 -0 0 0 0 0 0
1489238741.790989637 0.387926 0.0969053 0 0 0 0 0
1489238741.821843863 0.389533 -0 0 0 0 0 0
1489238741.890387774 0.350687 0.0219007 0 0 0 0 0
1489238741.923657417 0.316096 -0 0 0 0 0 0
1489238741.966641903 0.279606 -0 0 0 0 0 0
1489238741.998010159 0.335256 -0 0 0 0 0 0
1489238742.026875257 0.416376 -0 0 0 0 0 0
1489238742.061767340 0.344454 -0 0 0 0 0 0
1489238742.098006487 0.33165 -0.0414237 0 0 0 0 0
1489238742.127936602 0.40156 0.100311 0 0 0 0 0
1489238742.192352057 0.373163 -0 0 0 0 0 0
1489238742.223685265 0.383578 0.0958192 0 0 0 0 0
1489238742.266366005 0.281596 -0.140687 0 0 0 0 0
1489238742.297409296 0.435555 -0.145071 0 0 0 0 0
1489238742.368047953 0.170144 0.17001 0 0 0 0 0
1489238742.397882938 0.856035 -0.452839 0 0 0 0 0
1489238742.427152395 0.410624 0.153863 0 0 0 0 0
1489238742.461813927 0.390089 0.173237 0 0 0 0 0
1489238742.491265059 0.459102 -0.152914 0 0 0 0 0
1489238742.526128292 0.344739 -0.0861171 0 0 0 0 0
1489238742.563542128 0.361392 0.0401231 0 0 0 0 0
1489238742.592870712 0.409796 -0.0511842 0 0 0 0 0
1489238742.625237226 0.417749 0.13914 0 0 0 0 0
1489238742.659895897 0.346774 -0.173251 0 0 0 0 0
1489238742.696850061 0.365888 -0.0406222 0 0 0 0 0
1489238742.731986761 0.384813 0.0854469 0 0 0 0 0
1489238742.764224529 0.419417 -0.0465653 0 0 0 0 0
1489238742.799172163 0.429883 -0.0859092 0 0 0 0 0
1489238742.827120781 0.483783 0.0537114 0 0 0 0 0
1489238742.860203981 0.408699 -0 0 0 0 0 0
1489238742.892597437 0.371023 -0.092683 0 0 0 0 0
1489238742.926332235 0.400805 0.0444989 0 0 0 0 0
1489238742.962405205 0.374825 0.0832291 0 0 0 0 0
1489238742.992453814 0.399976 -0 0 0 0 0 0
1489238743.023968220 0.381372 -0 0 0 0 0 0
1489238743.060125113 0.373955 -0 0 0 0 0 0
1489238743.094396591 0.350692 0.175208 0 0 0 0 0
1489238743.125695705 0.383996 -0.143885 0 0 0 0 0
1489238743.160259962 0.391186 -0 0 0 0 0 0
1489238743.192340374 0.421474 0.233968 0 0 0 0 0
1489238743.225220203 0.365535 -0.091312 0 0 0 0 0
1489238743.259749651 0.391581 -0.0869496 0 0 0 0 0
1489238743.295648813 0.37664 0.250896 0 0 0 0 0
1489238743.323318481 0.48866 0.217012 0 0 0 0 0
1489238743.366961956 0.275384 -0.137584 0 0 0 0 0
1489238743.394044876 0.499247 -0 0 0 0 0 0
1489238743.424188852 0.398711 0.348598 0 0 0 0 0
1489238743.465824366 0.288665 -0.0721096 0 0 0 0 0
1489238743.494589806 0.417818 -0.104373 0 0 0 0 0
1489238743.523228168 0.419672 0.262089 0 0 0 0 0
1489238743.561926365 0.310576 0.0387915 0 0 0 0 0
1489238743.593072653 0.38588 -0.0963942 0 0 0 0 0
1489238743.624378681 0.383911 0.0959023 0 0 0 0 0
1489238743.660358667 0.375794 -0.0834442 0 0 0 0 0
1489238743.693928719 0.402772 0.223586 0 0 0 0 0
1489238743.723760605 0.402882 0.100641 0 0 0 0 0
1489238743.767942667 0.306031 -0.271814 0 0 0 0 0
1489238743.799444914 0.42921 0.333567 0 0 0 0 0
1489238743.828860521 0.459656 -0.0510328 0 0 0 0 0
1489238743.894461393 0.412222 -0 0 0 0 0 0
1489238743.923527479 0.465184 0.0516465 0 0 0 0 0
1489238743.961700439 0.354205 -0.117976 0 0 0 0 0
1489238743.995378733 0.446086 0.0891471 0 0 0 0 0
1489238744.028097868 0.459163 0.0917604 0 0 0 0 0
1489238744.063071728 0.429561 -0.0858447 0 0 0 0 0
1489238744.094322443 0.432664 -0 0 0 0 0 0
1489238744.123328686 0.517937 0.051753 0 0 0 0 0
1489238744.160316706 0.40617 0.121755 0 0 0 0 0
1489238744.197254419 0.36605 -0.162561 0 0 0 0 0
1489238744.226379633 0.515821 -0.154625 0 0 0 0 0
1489238744.259407282 0.409386 0.227258 0 0 0 0 0
1489238744.292226076 0.411992 -0.137223 0 0 0 0 0
1489238744.324069738 0.424608 -0.141425 0 0 0 0 0
1489238744.364741802 0.332441 0.0369089 0 0 0 0 0
1489238744.390954494 0.515821 -0.0572685 0 0 0 0 0
1489238744.430728436 0.339948 0.0377423 0 0 0 0 0
1489238744.459617376 0.468036 -0.155889 0 0 0 0 0
1489238744.497044563 0.361263 0.0802177 0 0 0 0 0
1489238744.524936676 0.484763 -0.107641 0 0 0 0 0
1489238744.562693596 0.358108 -0.0397586 0 0 0 0 0
1489238744.591587305 0.467959 -0.0519546 0 0 0 0 0
1489238744.624873400 0.406208 -0 0 0 0 0 0
1489238744.660479069 0.379745 -0 0 0 0 0 0
1489238744.694819450 0.393737 -0.0874283 0 0 0 0 0
1489238744.724704981 0.452429 -0 0 0 0 0 0
1489238744.768965483 0.305488 -0.0339165 0 0 0 0 0
1489238744.796246529 0.495621 -0.165077 0 0 0 0 0
1489238744.826593161 0.445554 -0.0494671 0 0 0 0 0
1489238744.861663818 0.3427 0.171216 0 0 0 0 0
1489238744.894512415 0.365883 -0.0913988 0 0 0 0 0
1489238744.925237417 0.391171 -0.146574 0 0 0 0 0
1489238744.961957216 0.368223 0.0408815 0 0 0 0 0
1489238744.992010117 0.399919 0.249753 0 0 0 0 0
1489238745.026994944 0.343541 -0.128727 0 0 0 0 0
1489238745.060877800 0.354714 -0.310131 0 0 0 0 0
1489238745.092589378 0.379001 0.284028 0 0 0 0 0
1489238745.131187201 0.350306 0.0388924 0 0 0 0 0
1489238745.166156769 0.30073 -0.214638 0 0 0 0 0
1489238745.195600271 0.459221 -0.101969 0 0 0 0 0
1489238745.261533499 0.364573 -0.0455358 0 0 0 0 0
1489238745.293708563 0.373542 -0 0 0 0 0 0
1489238745.325435638 0.426168 0.189259 0 0 0 0 0
1489238745.362480640 0.36499 -0.0810453 0 0 0 0 0
1489238745.395371199 0.365416 -0.273847 0 0 0 0 0
1489238745.426966906 0.42794 -0 0 0 0 0 0
1489238745.460829020 0.399298 0.221658 0 0 0 0 0
1489238745.497721195 0.32578 -0.122071 0 0 0 0 0
1489238745.525518417 0.432372 -0.216016 0 0 0 0 0
1489238745.567756414 0.320116 -0 0 0 0 0 0
1489238745.595339060 0.490202 0.217696 0 0 0 0 0
1489238745.626930952 0.380437 -0.190069 0 0 0 0 0
1489238745.663032532 0.332914 -0.207908 0 0 0 0 0
1489238745.693535328 0.39402 0.196855 0 0 0 0 0
1489238745.724225998 0.44056 0.146738 0 0 0 0 0
1489238745.767498493 0.277745 -0.208145 0 0 0 0 0
1489238745.790457010 0.523498 -0.392315 0 0 0 0 0
1489238745.824210882 0.400578 0.266842 0 0 0 0 0
1489238745.858231306 0.35328 0.176501 0 0 0 0 0
1489238745.890341520 0.374296 -0.233751 0 0 0 0 0
1489238745.922031403 0.379261 -0.189481 0 0 0 0 0
1489238745.958792925 0.367805 0.16334 0 0 0 0 0
1489238745.991338491 0.369289 0.1845 0 0 0 0 0
1489238746.023983002 0.36817 -0.321896 0 0 0 0 0
1489238746.059688568 0.336607 -0.0840855 0 0 0 0 0
1489238746.092048883 0.371403 0.185556 0 0 0 0 0
1489238746.123979807 0.376398 0.0940255 0 0 0 0 0
1489238746.161569118 0.319738 -0.199679 0 0 0 0 0
1489238746.194185972 0.368482 -0 0 0 0 0 0
1489238746.225650072 0.381982 0.286262 0 0 0 0 0
1489238746.260357141 0.303004 -0.0865046 0 0 0 0 0
1489238746.294273615 0.310067 -0.088521 0 0 0 0 0
1489238746.324767828 0.394131 0.196911 0 0 0 0 0
1489238746.362048864 0.241786 0.161064 0 0 0 0 0
1489238746.391594172 0.355941 -0.254044 0 0 0 0 0
1489238746.425163269 0.313276 0.268311 0 0 0 0 0
1489238746.461143494 0.292282 0.250331 0 0 0 0 0
1489238746.493470192 0.278842 -0.32506 0 0 0 0 0
1489238746.524367571 0.340365 0.194342 0 0 0 0 0
1489238746.561990738 0.239588 0.319199 0 0 0 0 0
1489238746.591816187 0.352598 -0.150995 0 0 0 0 0
1489238746.630462646 0.233244 -0 0 0 0 0 0
1489238746.663018227 0.276882 0.184443 0 0 0 0 0
1489238746.693778753 0.341879 0.292809 0 0 0 0 0
1489238746.725046396 0.240239 0.04801 0 0 0 0 0
1489238746.768557549 0.207166 -0.0345006 0 0 0 0 0
1489238746.794516087 0.347248 0.346975 0 0 0 0 0
1489238746.825536251 0.242156 0.241965 0 0 0 0 0
1489238746.867173433 0.180409 0.0721067 0 0 0 0 0
1489238746.924881935 0.260333 0.130064 0 0 0 0 0
1489238746.961166382 0.165618 0.289604 0 0 0 0 0
1489238746.991499424 0.198113 -0 0 0 0 0 0
1489238747.025691986 0.175751 -0.0878063 0 0 0 0 0
1489238747.061662197 0.167065 0.459068 0 0 0 0 0
1489238747.094623327 0.182317 -0 0 0 0 0 0
1489238747.125303745 0.19587 -0.195716 0 0 0 0 0
1489238747.161997318 0.163772 0.327286 0 0 0 0 0
1489238747.192527056 0.196836 0.295023 0 0 0 0 0
1489238747.225395918 0.182828 -0.0456712 0 0 0 0 0
1489238747.260370255 0.171822 0.128765 0 0 0 0 0
1489238747.294414759 0.176515 0.264564 0 0 0 0 0
1489238747.323450565 0.206964 0.206801 0 0 0 0 0
1489238747.358540535 0.171256 -0 0 0 0 0 0
1489238747.397637844 0.153703 0.076791 0 0 0 0 0
1489238747.427355528 0.202215 0.303084 0 0 0 0 0
1489238747.466079950 0.155183 0.232591 0 0 0 0 0
1489238747.496561766 0.197146 -0 0 0 0 0 0
1489238747.535164595 0.155672 -0 0 0 0 0 0
1489238747.564455748 0.25645 0.512496 0 0 0 0 0
1489238747.594036341 0.25394 0.0507482 0 0 0 0 0
1489238747.632529736 0.195143 0.0389979 0 0 0 0 0
1489238747.661950588 0.255319 0.204095 0 0 0 0 0
1489238747.693942070 0.281764 0.37539 0 0 0 0 0
1489238747.723500967 0.254127 -0.0507854 0 0 0 0 0
1489238747.761312723 0.238393 0.0794018 0 0 0 0 0
1489238747.791821718 0.295455 0.147612 0 0 0 0 0
1489238747.824894667 0.27255 0.181558 0 0 0 0 0
1489238747.860227585 0.297637 0.0849724 0 0 0 0 0
1489238747.891961575 0.28405 -0 0 0 0 0 0
1489238747.925059080 0.31774 -0.0453557 0 0 0 0 0
1489238747.962031126 0.284442 0.16241 0 0 0 0 0
1489238747.992573500 0.344321 0.0983002 0 0 0 0 0
1489238748.026128769 0.268633 -0.0894739 0 0 0 0 0
1489238748.061639071 0.29615 -0 0 0 0 0 0
1489238748.093985796 0.278669 0.278451 0 0 0 0 0
1489238748.124861002 0.291951 -0.0972405 0 0 0 0 0
1489238748.192879438 0.265047 0.176559 0 0 0 0 0
1489238748.230714798 0.238244 -0.0396761 0 0 0 0 0
1489238748.261177301 0.295906 -0.0985579 0 0 0 0 0
1489238748.290861368 0.303666 0.151714 0 0 0 0 0
1489238748.322262049 0.287065 0.0478066 0 0 0 0 0
1489238748.367671251 0.198507 0.132234 0 0 0 0 0
1489238748.396280766 0.315072 -0.104941 0 0 0 0 0
1489238748.426597118 0.297333 0.0990331 0 0 0 0 0
1489238748.459501028 0.273951 0.0912451 0 0 0 0 0
1489238748.492794752 0.225619 0.0450884 0 0 0 0 0
1489238748.522946119 0.249133 -0.149362 0 0 0 0 0
1489238748.559004068 0.208323 0.249791 0 0 0 0 0
1489238748.598640919 0.189513 0.0757457 0 0 0 0 0
1489238748.630221605 0.190286 -0.0950683 0 0 0 0 0
1489238748.663407564 0.181082 0.0904696 0 0 0 0 0
1489238748.694830894 0.191239 -0 0 0 0 0 0
1489238748.724651814 0.151136 0.100678 0 0 0 0 0
1489238748.761576176 0.122061 -0.121965 0 0 0 0 0
1489238748.793223858 0.0949416 0.142301 0 0 0 0 0
1489238748.825304031 0.0936616 0.23397 0 0 0 0 0
1489238748.859575987 0.0438359 -0.0438014 0 0 0 0 0
1489238748.893069029 0.0448553 -0 0 0 0 0 0
1489238748.924575329 -0 0.238232 0 0 0 0 0
1489238748.963442564 -0 0.154491 0 0 0 0 0
1489238748.994506836 -0 -0 0 0 0 0 0
1489238749.026394844 -0 0.141228 0 0 0 0 0
1489238749.061860561 -0 0.169308 0 0 0 0 0
1489238749.094222784 -0 0.278317 0 0 0 0 0
1489238749.125192404 -0 -0.0969441 0 0 0 0 0
1489238749.163548708 -0 0.156549 0 0 0 0 0
1489238749.223798752 -0 0.124578 0 0 0 0 0
1489238749.258584499 -0 0.086309 0 0 0 0 0
1489238749.291288376 0.0459377 0.229508 0 0 0 0 0
1489238749.324060440 -0 0.229031 0 0 0 0 0
1489238749.361105204 -0 0.121569 0 0 0 0 0
1489238749.391787291 -0 0.244631 0 0 0 0 0
1489238749.424596071 0.0457908 0.320284 0 0 0 0 0
1489238749.462134361 -0 0.399901 0 0 0 0 0
1489238749.495959282 -0 0.0887606 0 0 0 0 0
1489238749.526753664 -0 -0 0 0 0 0 0
1489238749.563135386 -0 0.618921 0 0 0 0 0
1489238749.591581821 -0 0.316629 0 0 0 0 0
1489238749.623867512 -0 -0 0 0 0 0 0
1489238749.660756826 -0 0.325549 0 0 0 0 0
1489238749.700124979 -0 0.457576 0 0 0 0 0
1489238749.728413343 -0 0.318398 0 0 0 0 0
1489238749.762418509 -0 0.132435 0 0 0 0 0
1489238749.792080164 -0 0.404876 0 0 0 0 0
1489238749.825980425 -0 0.487099 0 0 0 0 0
1489238749.862772942 -0 0.326406 0 0 0 0 0
1489238749.896656513 -0 0.088607 0 0 0 0 0
1489238749.925751925 -0 0.567539 0 0 0 0 0
1489238749.962540388 -0 0.489662 0 0 0 0 0
1489238749.993202925 -0.048996 0.244787 0 0 0 0 0
1489238750.026429176 -0 0.18072 0 0 0 0 0
1489238750.063393831 -0 0.649771 0 0 0 0 0
1489238750.124695539 -0 0.244881 0 0 0 0 0
1489238750.161559343 -0 0.44794 0 0 0 0 0
1489238750.223417282 -0 0.436822 0 0 0 0 0
1489238750.258946419 -0 0.211258 0 0 0 0 0
1489238750.294457912 -0 0.591815 0 0 0 0 0
1489238750.324585438 -0 0.398615 0 0 0 0 0
1489238750.362068415 -0 0.240295 0 0 0 0 0
1489238750.393227100 -0 0.337245 0 0 0 0 0
1489238750.425524950 -0 0.511265 0 0 0 0 0
1489238750.460882664 -0 0.509477 0 0 0 0 0
1489238750.493460894 -0.0461149 0.184315 0 0 0 0 0
1489238750.523551702 -0 0.498877 0 0 0 0 0
1489238750.561690331 -0 0.551049 0 0 0 0 0
1489238750.593793392 -0 0.233803 0 0 0 0 0
1489238750.628485918 -0 0.259623 0 0 0 0 0
1489238750.661966085 -0 0.538048 0 0 0 0 0
1489238750.694343090 -0 0.417285 0 0 0 0 0
1489238750.725024939 -0 0.391413 0 0 0 0 0
1489238750.761266470 -0.0414536 0.331368 0 0 0 0 0
1489238750.792329550 -0 0.531588 0 0 0 0 0
1489238750.829268694 -0 0.365749 0 0 0 0 0
1489238750.866729736 -0 0.280508 0 0 0 0 0
1489238750.893341780 -0 0.507682 0 0 0 0 0
1489238750.923650742 -0 0.643872 0 0 0 0 0
1489238750.961104155 -0.0401123 0.440888 0 0 0 0 0
1489238750.991501331 -0 0.19754 0 0 0 0 0
1489238751.024862528 -0 0.494969 0 0 0 0 0
1489238751.060267210 -0 0.466401 0 0 0 0 0
1489238751.092969894 -0 0.41313 0 0 0 0 0
1489238751.124473095 -0 0.285906 0 0 0 0 0
1489238751.162242174 -0 0.556441 0 0 0 0 0
1489238751.192705154 -0 0.640617 0 0 0 0 0
1489238751.225217104 -0 0.18469 0 0 0 0 0
1489238751.261209965 -0 0.500486 0 0 0 0 0
1489238751.301101923 -0 0.451568 0 0 0 0 0
1489238751.330919027 -0.0503852 0.604148 0 0 0 0 0
1489238751.366318703 -0 0.169624 0 0 0 0 0
1489238751.393765450 -0 0.711017 0 0 0 0 0
1489238751.430795670 -0 0.567543 0 0 0 0 0
1489238751.463728666 -0 0.182329 0 0 0 0 0
1489238751.494337559 -0 0.588519 0 0 0 0 0
1489238751.525572062 -0 0.48061 0 0 0 0 0
1489238751.561385393 -0 0.419163 0 0 0 0 0
1489238751.593037605 -0 0.521694 0 0 0 0 0
1489238751.625403166 -0 0.417433 0 0 0 0 0
1489238751.667150736 -0 0.431496 0 0 0 0 0
1489238751.699130297 -0 0.563295 0 0 0 0 0
1489238751.727344275 -0.0532481 0.532063 0 0 0 0 0
1489238751.790002823 -0.0239766 0.574987 0 0 0 0 0
1489238751.823403835 -0 0.359549 0 0 0 0 0
1489238751.865685701 -0 0.497051 0 0 0 0 0
1489238751.894845247 -0 0.617771 0 0 0 0 0
1489238751.923483133 -0 0.41935 0 0 0 0 0
1489238751.967177153 -0 0.343562 0 0 0 0 0
1489238751.994687080 -0 0.763952 0 0 0 0 0
1489238752.024316549 -0 0.658638 0 0 0 0 0
1489238752.058508635 -0 0.395134 0 0 0 0 0
1489238752.099292040 -0 0.331273 0 0 0 0 0
1489238752.124907017 -0 0.820467 0 0 0 0 0
1489238752.160771608 -0 0.46042 0 0 0 0 0
1489238752.192126513 -0.0479141 0.383011 0 0 0 0 0
1489238752.224120378 -0 0.750724 0 0 0 0 0
1489238752.259187460 -0.0428419 0.513699 0 0 0 0 0
1489238752.292473793 -0 0.225492 0 0 0 0 0
1489238752.324113846 -0.0474822 0.569339 0 0 0 0 0
1489238752.361947775 -0 0.67452 0 0 0 0 0
1489238752.393718719 -0.0472866 0.425245 0 0 0 0 0
1489238752.425412893 -0.0474012 0.284184 0 0 0 0 0
1489238752.458934546 -0 0.626946 0 0 0 0 0
1489238752.491464615 -0.0461831 0.87679 0 0 0 0 0
1489238752.524222851 -0 0.183302 0 0 0 0 0
1489238752.562451601 -0.0392987 0.235607 0 0 0 0 0
1489238752.591548204 -0 0.928661 0 0 0 0 0
1489238752.623181820 -0 0.569455 0 0 0 0 0
1489238752.690690279 -0.0445082 0.355786 0 0 0 0 0
1489238752.721443892 -0 0.634563 0 0 0 0 0
1489238752.759302139 -0 0.55513 0 0 0 0 0
1489238752.790871143 -0.0475891 0.190207 0 0 0 0 0
1489238752.829344511 -0 0.390182 0 0 0 0 0
1489238752.861507654 -0 0.653427 0 0 0 0 0
1489238752.894228458 -0 0.412901 0 0 0 0 0
1489238752.926016331 -0 0.283346 0 0 0 0 0
1489238752.963343143 -0 0.563034 0 0 0 0 0
1489238752.993859291 -0 0.541116 0 0 0 0 0
1489238753.025435686 -0.047578 0.142622 0 0 0 0 0
1489238753.061293602 -0 0.586098 0 0 0 0 0
1489238753.094685316 -0 0.629385 0 0 0 0 0
1489238753.124831915 -0 0.248977 0 0 0 0 0
1489238753.162372112 -0.0400195 0.159952 0 0 0 0 0
1489238753.192109346 -0 0.757213 0 0 0 0 0
1489238753.224733353 -0 0.736224 0 0 0 0 0
1489238753.262916565 -0 -0 0 0 0 0 0
1489238753.296065331 -0 0.362285 0 0 0 0 0
1489238753.327815056 -0 0.803778 0 0 0 0 0
1489238753.362890959 -0 0.470772 0 0 0 0 0
1489238753.393426895 -0 -0.0491605 0 0 0 0 0
1489238753.430268764 -0 0.407461 0 0 0 0 0
1489238753.461719275 -0 0.859156 0 0 0 0 0
1489238753.493566751 -0.047173 0.188544 0 0 0 0 0
1489238753.525157690 -0 0.0950374 0 0 0 0 0
1489238753.563491344 -0 0.509085 0 0 0 0 0
1489238753.593543291 -0 0.699331 0 0 0 0 0
1489238753.661482334 -0.0221131 0.15467 0 0 0 0 0
1489238753.694499731 -0 0.727452 0 0 0 0 0
1489238753.723522186 -0 0.413793 0 0 0 0 0
1489238753.761613131 -0 0.11823 0 0 0 0 0
1489238753.791626930 -0 0.600188 0 0 0 0 0
1489238753.829476118 -0 0.555263 0 0 0 0 0
1489238753.858603001 -0 0.154616 0 0 0 0 0
1489238753.890373230 -0 0.236253 0 0 0 0 0
1489238753.928277254 -0 0.475251 0 0 0 0 0
1489238753.962429523 -0 0.527459 0 0 0 0 0
1489238753.990717411 -0.053109 0.477605 0 0 0 0 0
1489238754.023244619 -0.0461872 -0.0461509 0 0 0 0 0
1489238754.059756756 -0 0.657824 0 0 0 0 0
1489238754.100176811 -0 0.519946 0 0 0 0 0
1489238754.125388384 -0 -0 0 0 0 0 0
1489238754.162290335 -0 0.366117 0 0 0 0 0
1489238754.192142963 -0 0.603429 0 0 0 0 0
1489238754.223117113 -0 0.38772 0 0 0 0 0
1489238754.258393764 -0.0425874 0.297878 0 0 0 0 0
1489238754.291143179 -0 0.183351 0 0 0 0 0
1489238754.323841572 -0 0.64273 0 0 0 0 0
1489238754.368338585 -0 0.26989 0 0 0 0 0
1489238754.396111488 -0.0540938 -0 0 0 0 0 0
1489238754.426786184 -0 0.538319 0 0 0 0 0
1489238754.465509892 -0 0.465191 0 0 0 0 0
1489238754.496080399 -0 -0 0 0 0 0 0
1489238754.526200771 -0 0.299032 0 0 0 0 0
1489238754.562340498 -0 0.498452 0 0 0 0 0
1489238754.592544317 -0 0.198804 0 0 0 0 0
1489238754.625479698 -0 0.410211 0 0 0 0 0
1489238754.660876036 -0.0424434 0.466511 0 0 0 0 0
1489238754.694920540 -0.0441287 -0.0440941 0 0 0 0 0
1489238754.724257946 -0.0512091 0.409351 0 0 0 0 0
1489238754.792495489 -0.0440327 0.263989 0 0 0 0 0
1489238754.824799299 -0.0930132 0.13941 0 0 0 0 0
1489238754.861433268 -0.0410095 0.491727 0 0 0 0 0
1489238754.893927097 -0.0924693 0.184793 0 0 0 0 0
1489238754.924729586 -0.14632 -0.0974701 0 0 0 0 0
1489238754.961921692 -0.0807882 0.363261 0 0 0 0 0
1489238754.993680954 -0.141912 0.472669 0 0 0 0 0
1489238755.026630402 -0.182381 -0.0455595 0 0 0 0 0
1489238755.063548565 -0.162775 0.0813237 0 0 0 0 0
1489238755.095243454 -0.1896 0.473629 0 0 0 0 0
1489238755.123699665 -0.211179 0.105507 0 0 0 0 0
1489238755.159399748 -0.210411 -0.0840984 0 0 0 0 0
1489238755.190219879 -0.243727 0.292243 0 0 0 0 0
1489238755.223882675 -0.223146 0.22297 0 0 0 0 0
1489238755.265253067 -0.217886 -0.0725717 0 0 0 0 0
1489238755.294064999 -0.312858 -0.0521021 0 0 0 0 0
1489238755.324334383 -0.248162 0.247967 0 0 0 0 0
1489238755.362149000 -0.238375 0.0396979 0 0 0 0 0
1489238755.393518686 -0.33524 -0.143562 0 0 0 0 0
1489238755.425748348 -0.279682 0.186308 0 0 0 0 0
1489238755.459227085 -0.358996 0.134518 0 0 0 0 0
1489238755.491236687 -0.375473 -0 0 0 0 0 0
1489238755.522431612 -0.385278 0.192488 0 0 0 0 0
1489238755.566750526 -0.305086 0.135487 0 0 0 0 0
1489238755.591312408 -0.611655 0.122235 0 0 0 0 0
1489238755.624558449 -0.451886 0.180612 0 0 0 0 0
1489238755.659616947 -0.428524 0.128456 0 0 0 0 0
1489238755.724054337 -0.489609 0.116482 0 0 0 0 0
1489238755.761791706 -0.437915 0.0397792 0 0 0 0 0
1489238755.794348955 -0.461446 -0 0 0 0 0 0
1489238755.826423645 -0.515227 0.0936041 0 0 0 0 0
1489238755.859476089 -0.499986 -0.0454175 0 0 0 0 0
1489238755.891227484 -0.520473 0.0472786 0 0 0 0 0
1489238755.924537420 -0.496121 0.0901329 0 0 0 0 0
1489238755.963277340 -0.426582 -0.0774994 0 0 0 0 0
1489238755.992746115 -0.560788 -0.0509407 0 0 0 0 0
1489238756.031892538 -0.422152 0.191737 0 0 0 0 0
1489238756.066713095 -0.474598 -0.0431113 0 0 0 0 0
1489238756.097804785 -0.579836 -0 0 0 0 0 0
1489238756.125751734 -0.591326 0.268573 0 0 0 0 0
1489238756.163727760 -0.474723 -0.0790583 0 0 0 0 0
1489238756.192414761 -0.628441 0.104658 0 0 0 0 0
1489238756.224856138 -0.555713 0.046273 0 0 0 0 0
1489238756.260519505 -0.505507 -0.0420925 0 0 0 0 0
1489238756.293275595 -0.550374 0.0916569 0 0 0 0 0
1489238756.324909210 -0.569903 0.0949092 0 0 0 0 0
1489238756.362743378 -0.476503 -0.119032 0 0 0 0 0
1489238756.393237114 -0.591206 0.196914 0 0 0 0 0
1489238756.426112890 -0.502673 0.182646 0 0 0 0 0
1489238756.461420536 -0.5106 -0.12755 0 0 0 0 0
1489238756.492973328 -0.571363 0.0951523 0 0 0 0 0
1489238756.528256655 -0.468373 0.127638 0 0 0 0 0
1489238756.562499762 -0.526474 0.0876767 0 0 0 0 0
1489238756.591517687 -0.621274 -0.258661 0 0 0 0 0
1489238756.630718946 -0.421562 0.153175 0 0 0 0 0
1489238756.691802502 -0.565682 0.0491511 0 0 0 0 0
1489238756.723296642 -0.572427 -0.0953295 0 0 0 0 0
1489238756.760364532 -0.445824 0.283483 0 0 0 0 0
1489238756.790422440 -0.599779 0.0499423 0 0 0 0 0
1489238756.823397160 -0.501164 -0.227623 0 0 0 0 0
1489238756.859006643 -0.464083 0.168625 0 0 0 0 0
1489238756.897233725 -0.432305 0.117809 0 0 0 0 0
1489238756.922841787 -0.704001 -0 0 0 0 0 0
1489238756.961664677 -0.464368 -0.0773338 0 0 0 0 0
1489238756.996845484 -0.469738 0.0853398 0 0 0 0 0
1489238757.031532526 -0.476424 0.173109 0 0 0 0 0
1489238757.063837290 -0.558063 -0.0464687 0 0 0 0 0
1489238757.094027281 -0.597155 -0.0994476 0 0 0 0 0
1489238757.124531031 -0.541761 0.295274 0 0 0 0 0
1489238757.163359404 -0.42561 0.0773229 0 0 0 0 0
1489238757.191528320 -0.639999 -0.213166 0 0 0 0 0
1489238757.225889206 -0.524669 0.0873761 0 0 0 0 0
1489238757.261953115 -0.499893 0.08325 0 0 0 0 0
1489238757.295135021 -0.543311 0.0904807 0 0 0 0 0
1489238757.326124907 -0.581741 0.145321 0 0 0 0 0
1489238757.361948013 -0.545191 -0.209524 0 0 0 0 0
1489238757.390149593 -0.639258 0.212919 0 0 0 0 0
1489238757.428675413 -0.467948 0.389651 0 0 0 0 0
1489238757.454307795 -0.820555 -0.527085 0 0 0 0 0
1489238757.489267349 -0.515684 -0 0 0 0 0 0
1489238757.520303965 -0.580865 0.532042 0 0 0 0 0
1489238757.566441059 -0.39075 -0 0 0 0 0 0
1489238757.593522310 -0.721179 -0.33259 0 0 0 0 0
1489238757.654148340 -0.594731 0.297132 0 0 0 0 0
1489238757.694882631 -0.479459 -0.14741 0 0 0 0 0
1489238757.725502253 -0.588776 -0 0 0 0 0 0
1489238757.761273146 -0.503988 0.20983 0 0 0 0 0
1489238757.791900635 -0.588624 0.245068 0 0 0 0 0
1489238757.831450939 -0.531798 -0.0759115 0 0 0 0 0
1489238757.864934683 -0.538413 -0.17933 0 0 0 0 0
1489238757.895996094 -0.580402 0.579946 0 0 0 0 0
1489238757.925734520 -0.656741 -0 0 0 0 0 0
1489238757.962814808 -0.567222 -0.323873 0 0 0 0 0
1489238757.992791414 -0.601405 0.250389 0 0 0 0 0
1489238758.025048971 -0.55888 0.372294 0 0 0 0 0
1489238758.058764458 -0.579272 -0 0 0 0 0 0
1489238758.091339111 -0.599559 -0.276502 0 0 0 0 0
1489238758.129156590 -0.476713 0.277864 0 0 0 0 0
1489238758.162916660 -0.534006 0.40019 0 0 0 0 0
1489238758.193120480 -0.646621 -0.397608 0 0 0 0 0
1489238758.224746227 -0.570045 -0.189866 0 0 0 0 0
1489238758.259221077 -0.479357 0.566067 0 0 0 0 0
1489238758.292359352 -0.589362 0.0905998 0 0 0 0 0
1489238758.322838306 -0.640784 -0.591028 0 0 0 0 0
1489238758.360025167 -0.484797 0.40368 0 0 0 0 0
1489238758.398218632 -0.47202 0.47165 0 0 0 0 0
1489238758.430001259 -0.6145 -0.472321 0 0 0 0 0
1489238758.463268757 -0.541913 -0.180496 0 0 0 0 0
1489238758.494844675 -0.523366 0.71312 0 0 0 0 0
1489238758.525353193 -0.59092 -0 0 0 0 0 0
1489238758.562234879 -0.488809 -0.325617 0 0 0 0 0
1489238758.592946529 -0.587011 0.195517 0 0 0 0 0
1489238758.631378174 -0.430004 0.273424 0 0 0 0 0
1489238758.660379887 -0.621622 0.0517611 0 0 0 0 0
1489238758.692569494 -0.560059 -0.233175 0 0 0 0 0
1489238758.723934889 -0.574776 0.143581 0 0 0 0 0
1489238758.762238741 -0.47066 0.235145 0 0 0 0 0
1489238758.792592287 -0.593937 -0.0494559 0 0 0 0 0
1489238758.823744059 -0.578718 -0.0481886 0 0 0 0 0
1489238758.889623404 -0.547306 0.159506 0 0 0 0 0
1489238758.922959089 -0.540805 -0 0 0 0 0 0
1489238758.964126110 -0.474419 0.109395 0 0 0 0 0
1489238758.992155075 -0.696795 -0.107115 0 0 0 0 0
1489238759.027442932 -0.510887 0.0850809 0 0 0 0 0
1489238759.057037592 -0.609167 0.405792 0 0 0 0 0
1489238759.098827362 -0.5033 -0.143687 0 0 0 0 0
1489238759.126412153 -0.708014 -0.16326 0 0 0 0 0
1489238759.161692858 -0.51099 0.425491 0 0 0 0 0
1489238759.193747759 -0.609281 0.0936619 0 0 0 0 0
1489238759.224911928 -0.626695 -0.385356 0 0 0 0 0
1489238759.259668350 -0.561923 0.259145 0 0 0 0 0
1489238759.291537523 -0.565691 0.235519 0 0 0 0 0
1489238759.324237823 -0.597255 -0 0 0 0 0 0
1489238759.360519171 -0.538305 -0.165502 0 0 0 0 0
1489238759.393215179 -0.551385 0.0918253 0 0 0 0 0
1489238759.426076412 -0.502895 0.365455 0 0 0 0 0
1489238759.456320286 -0.596091 -0.0992704 0 0 0 0 0
1489238759.490293026 -0.530663 -0.265123 0 0 0 0 0
1489238759.522621632 -0.51118 0.371476 0 0 0 0 0
1489238759.554591656 -0.563906 0.187821 0 0 0 0 0
1489238759.587636709 -0.545561 -0.317994 0 0 0 0 0
1489238759.621325493 -0.535136 0.178239 0 0 0 0 0
1489238759.656846762 -0.465235 0.211304 0 0 0 0 0
1489238759.692396641 -0.507121 -0 0 0 0 0 0
1489238759.721629858 -0.616699 -0 0 0 0 0 0
1489238759.759048223 -0.481798 -0.0802366 0 0 0 0 0
1489238759.789207935 -0.597754 0.149321 0 0 0 0 0
1489238759.830158949 -0.440236 0.219945 0 0 0 0 0
1489238759.861827135 -0.569281 -0.189611 0 0 0 0 0
1489238759.893216133 -0.574344 -0.239122 0 0 0 0 0
1489238759.923664093 -0.542754 0.59163 0 0 0 0 0
1489238759.992054224 -0.527213 -0.2634 0 0 0 0 0
1489238760.032190323 -0.411743 0.224411 0 0 0 0 0
1489238760.064210653 -0.469183 0.656341 0 0 0 0 0
1489238760.093420506 -0.617192 -0.513923 0 0 0 0 0
1489238760.122148037 -0.627554 -0 0 0 0 0 0
1489238760.167110682 -0.367544 0.133547 0 0 0 0 0
1489238760.192437649 -0.652496 0.237085 0 0 0 0 0
1489238760.223207474 -0.585902 -0.243934 0 0 0 0 0
1489238760.255054712 -0.56608 -0.235681 0 0 0 0 0
1489238760.286231995 -0.48187 0.385193 0 0 0 0 0
1489238760.323544741 -0.483162 -0.241391 0 0 0 0 0
1489238760.358821630 -0.425871 -0 0 0 0 0 0
1489238760.387033463 -0.585774 0.372472 0 0 0 0 0
1489238760.428776979 -0.431878 -0.287692 0 0 0 0 0
1489238760.457898617 -0.515885 0.154644 0 0 0 0 0
1489238760.490318775 -0.509737 0.13891 0 0 0 0 0
1489238760.528724432 -0.430295 -0.156348 0 0 0 0 0
1489238760.563236237 -0.478843 0.043497 0 0 0 0 0
1489238760.590977430 -0.595712 0.162339 0 0 0 0 0
1489238760.623015642 -0.515814 -0.0937106 0 0 0 0 0
1489238760.658511639 -0.465567 -0.126873 0 0 0 0 0
1489238760.699598312 -0.365652 -0 0 0 0 0 0
1489238760.729289055 -0.505996 0.15168 0 0 0 0 0
1489238760.763936043 -0.433614 0.0433273 0 0 0 0 0
1489238760.793734074 -0.504175 -0.0503779 0 0 0 0 0
1489238760.824969769 -0.480969 -0.0961183 0 0 0 0 0
1489238760.866047144 -0.365734 0.109634 0 0 0 0 0
1489238760.895412922 -0.460436 0.102239 0 0 0 0 0
1489238760.929930449 -0.43524 -0.217449 0 0 0 0 0
1489238760.993147135 -0.451534 0.142478 0 0 0 0 0
1489238761.021214724 -0.535258 -0.213935 0 0 0 0 0
1489238761.058262110 -0.405519 -0.16208 0 0 0 0 0
1489238761.091160059 -0.456667 0.410677 0 0 0 0 0
1489238761.123091459 -0.47049 -0 0 0 0 0 0
1489238761.159061432 -0.417665 -0.292136 0 0 0 0 0
1489238761.190618277 -0.428467 0.19028 0 0 0 0 0
1489238761.223134756 -0.415822 0.138498 0 0 0 0 0
1489238761.260356426 -0.40362 -0 0 0 0 0 0
1489238761.299750805 -0.381359 -0 0 0 0 0 0
1489238761.326015949 -0.57199 -0.114308 0 0 0 0 0
1489238761.359797001 -0.400256 0.044438 0 0 0 0 0
1489238761.390438080 -0.490303 0.195967 0 0 0 0 0
1489238761.424293518 -0.443752 -0.221702 0 0 0 0 0
1489238761.459371090 -0.428291 -0.0427955 0 0 0 0 0
1489238761.492027760 -0.368033 0.321776 0 0 0 0 0
1489238761.529316664 -0.362603 0.241545 0 0 0 0 0
1489238761.563930273 -0.434032 -0.520429 0 0 0 0 0
1489238761.591379881 -0.437847 0.109376 0 0 0 0 0
1489238761.624156952 -0.366681 0.320594 0 0 0 0 0
1489238761.664697409 -0.296463 -0.148115 0 0 0 0 0
1489238761.693692207 -0.414513 -0.207094 0 0 0 0 0
1489238761.724961042 -0.336322 -0.0480082 0 0 0 0 0
1489238761.759974241 -0.300355 0.300119 0 0 0 0 0
1489238761.791228771 -0.384544 -0.0960604 0 0 0 0 0
1489238761.828457594 -0.28248 -0.362903 0 0 0 0 0
1489238761.860361576 -0.282537 0.282315 0 0 0 0 0
1489238761.891061783 -0.293615 0.293384 0 0 0 0 0
1489238761.922161818 -0.338147 -0.38615 0 0 0 0 0
1489238761.961622477 -0.228431 -0.0760839 0 0 0 0 0
1489238761.992821693 -0.288919 0.288692 0 0 0 0 0
1489238762.026254416 -0.224681 -0.0449009 0 0 0 0 0
1489238762.059765577 -0.224155 -0.134388 0 0 0 0 0
1489238762.124446869 -0.185815 0.0232086 0 0 0 0 0
1489238762.159465075 -0.171607 -0 0 0 0 0 0
1489238762.191722870 -0.186292 -0.279218 0 0 0 0 0
1489238762.223634005 -0.141237 -0.0470419 0 0 0 0 0
1489238762.260029554 -0.0825563 0.164983 0 0 0 0 0
1489238762.291638374 -0.142587 -0.237459 0 0 0 0 0
1489238762.323512316 -0.0942677 -0.282581 0 0 0 0 0
1489238762.360657454 -0.0808903 0.0808268 0 0 0 0 0
1489238762.391648769 -0.0969524 -0 0 0 0 0 0
1489238762.423044205 -0.0957044 -0.334702 0 0 0 0 0
1489238762.457505941 -0.0871889 -0.174241 0 0 0 0 0
1489238762.490017891 -0.0462089 0.0923452 0 0 0 0 0
1489238762.526715755 -0.0818762 -0.122718 0 0 0 0 0
1489238762.559366703 -0.0460122 -0.367808 0 0 0 0 0
1489238762.597224474 -0.0793676 -0 0 0 0 0 0
1489238762.627049685 -0.0503715 -0.100664 0 0 0 0 0
1489238762.661049128 -0.0883744 -0.264915 0 0 0 0 0
1489238762.692872524 -0.0944174 -0.377373 0 0 0 0 0
1489238762.724092007 -0 -0.144252 0 0 0 0 0
1489238762.762309074 -0.0393107 -0.11784 0 0 0 0 0
1489238762.791622400 -0.0512511 -0.665741 0 0 0 0 0
1489238762.825531960 -0.0443043 -0.265617 0 0 0 0 0
1489238762.857877016 -0.0464473 -0.139232 0 0 0 0 0
1489238762.890160561 -0.0465358 -0.418493 0 0 0 0 0
1489238762.928272724 -0.0788379 -0.433268 0 0 0 0 0
1489238762.962094784 -0.044419 -0.310689 0 0 0 0 0
1489238762.992201567 -0.0499004 -0.299167 0 0 0 0 0
1489238763.026995659 -0.043178 -0.431441 0 0 0 0 0
1489238763.067664385 -0.0369409 -0.442943 0 0 0 0 0
1489238763.094430208 -0 -0.44868 0 0 0 0 0
1489238763.127765417 -0 -0.360258 0 0 0 0 0
1489238763.160203934 -0 -0.64788 0 0 0 0 0
1489238763.189150333 -0 -0.7779 0 0 0 0 0
1489238763.222101927 -0 -0.273339 0 0 0 0 0
1489238763.265392780 -0 -0.346762 0 0 0 0 0
1489238763.295384884 -0 -0.750778 0 0 0 0 0
1489238763.326390743 -0.0484534 -0.532569 0 0 0 0 0
1489238763.363037586 -0 -0.450592 0 0 0 0 0
1489238763.424788237 -0.0486583 -0.632061 0 0 0 0 0
1489238763.459459543 -0.043331 -0.389672 0 0 0 0 0
1489238763.491832018 -0 -0.510087 0 0 0 0 0
1489238763.526483297 -0.043356 -0.389897 0 0 0 0 0
1489238763.563124657 -0.0410012 -0.655504 0 0 0 0 0
1489238763.590601444 -0 -0.491704 0 0 0 0 0
1489238763.623410225 -0.0457908 -0.320284 0 0 0 0 0
1489238763.657497168 -0 -0.660588 0 0 0 0 0
1489238763.701385975 -0.0342306 -0.444648 0 0 0 0 0
1489238763.725369692 -0 -0.375545 0 0 0 0 0
1489238763.761856079 -0.0411754 -0.41143 0 0 0 0 0
1489238763.791676760 -0.0503792 -0.755094 0 0 0 0 0
1489238763.824559450 -0 -0.365216 0 0 0 0 0
1489238763.859022617 -0.0435927 -0.26135 0 0 0 0 0
1489238763.890568495 -0 -0.761385 0 0 0 0 0
1489238763.925178766 -0.0434074 -0.346986 0 0 0 0 0
1489238763.961762667 -0 -0.2462 0 0 0 0 0
1489238763.992301702 -0.0491941 -0.54071 0 0 0 0 0
1489238764.025785685 -0.0448674 -0.582819 0 0 0 0 0
1489238764.058248281 -0.0462791 -0.323699 0 0 0 0 0
1489238764.096281290 -0.039501 -0.35523 0 0 0 0 0
1489238764.127151012 -0.0973343 -0.583547 0 0 0 0 0
1489238764.163609028 -0.0412074 -0.370575 0 0 0 0 0
1489238764.220705032 -0.0789376 -0.473254 0 0 0 0 0
1489238764.267678738 -0.0639652 -0.38349 0 0 0 0 0
1489238764.295588970 -0.0538276 -0.322712 0 0 0 0 0
1489238764.325193405 -0.101494 -0.507073 0 0 0 0 0
1489238764.362160444 -0.08128 -0.568513 0 0 0 0 0
1489238764.391891241 -0.0505315 -0.403934 0 0 0 0 0
1489238764.424769878 -0.0456935 -0.319603 0 0 0 0 0
1489238764.457667112 -0.0456677 -0.456318 0 0 0 0 0
1489238764.499701977 -0.0714807 -0.392835 0 0 0 0 0
1489238764.523704767 -0.125181 -0.437788 0 0 0 0 0
1489238764.569344759 -0.0658344 -0.361805 0 0 0 0 0
1489238764.593687534 -0.0617161 -0.493341 0 0 0 0 0
1489238764.625962257 -0.0930971 -0.139536 0 0 0 0 0
1489238764.660282135 -0.0875493 -0.743585 0 0 0 0 0
1489238764.691937923 -0.0949173 -0.474214 0 0 0 0 0
1489238764.724110126 -0.0933937 -0.0933204 0 0 0 0 0
1489238764.762125731 -0.0790381 -0.434368 0 0 0 0 0
1489238764.793220043 -0.0966312 -0.579332 0 0 0 0 0
1489238764.824486017 -0.144151 -0.240063 0 0 0 0 0
1489238764.865616083 -0.0730532 -0.291983 0 0 0 0 0
1489238764.900669575 -0.128576 -0.299774 0 0 0 0 0
1489238764.924697161 -0.187577 -0.687242 0 0 0 0 0
1489238764.960372925 -0.0842219 -0.420779 0 0 0 0 0
1489238765.025106907 -0.11604 -0.255087 0 0 0 0 0
1489238765.058990002 -0.0886779 -0.620258 0 0 0 0 0
1489238765.093730211 -0.129735 -0.259266 0 0 0 0 0
1489238765.125127316 -0.0956993 -0.334685 0 0 0 0 0
1489238765.159214497 -0.088147 -0.264233 0 0 0 0 0
1489238765.189763546 -0.147534 -0.589672 0 0 0 0 0
1489238765.224195719 -0.0872638 -0.348781 0 0 0 0 0
1489238765.262182236 -0.0790986 -0.158073 0 0 0 0 0
1489238765.293804169 -0.0950189 -0.474721 0 0 0 0 0
1489238765.324878693 -0.0966928 -0.531392 0 0 0 0 0
1489238765.361696243 -0.08161 -0.203865 0 0 0 0 0
1489238765.391515970 -0.100762 -0.352388 0 0 0 0 0
1489238765.424696922 -0.0905544 -0.361933 0 0 0 0 0
1489238765.459965467 -0.127792 -0.383074 0 0 0 0 0
1489238765.492552519 -0.0922048 -0.368529 0 0 0 0 0
1489238765.522579670 -0.100065 -0.0999869 0 0 0 0 0
1489238765.560463428 -0.0793132 -0.396254 0 0 0 0 0
1489238765.592975140 -0.0924184 -0.369383 0 0 0 0 0
1489238765.622485876 -0.101817 -0.203473 0 0 0 0 0
1489238765.658718348 -0.0829279 -0.248588 0 0 0 0 0
1489238765.718762636 -0.0250205 -0.225008 0 0 0 0 0
1489238765.742947578 -0.124238 -0.49656 0 0 0 0 0
1489238765.804799795 -0.0728676 -0.315512 0 0 0 0 0
1489238765.869168282 -0.0466794 -0.16325 0 0 0 0 0
1489238765.893651247 -0.184088 -0.919717 0 0 0 0 0
1489238765.925833702 -0.046682 -0.279872 0 0 0 0 0
1489238765.991420031 -0.0458126 -0.41199 0 0 0 0 0
1489238766.021143436 -0.050544 -0.35353 0 0 0 0 0
1489238766.058505535 -0.0402103 -0.32143 0 0 0 0 0
1489238766.093585968 -0 -0.513504 0 0 0 0 0
1489238766.160784483 -0.0447135 -0.469123 0 0 0 0 0
1489238766.191431284 -0.0490211 -0.440844 0 0 0 0 0
1489238766.223352432 -0.0470641 -0.517299 0 0 0 0 0
1489238766.264289141 -0.0733982 -0.220022 0 0 0 0 0
1489238766.324684620 -0.0497501 -0.49711 0 0 0 0 0
1489238766.358614922 -0.0442773 -0.35394 0 0 0 0 0
1489238766.391197443 -0 -0.460726 0 0 0 0 0
1489238766.421408176 -0.0994574 -0.397517 0 0 0 0 0
1489238766.489938021 -0.0438449 -0.460009 0 0 0 0 0
1489238766.524324656 -0.0873793 -0.436554 0 0 0 0 0
1489238766.559956074 -0.0421634 -0.631954 0 0 0 0 0
1489238766.592703819 -0.0917523 -0.275041 0 0 0 0 0
1489238766.661554098 -0.0654612 -0.479672 0 0 0 0 0
1489238766.690489054 -0.103843 -0.570686 0 0 0 0 0
1489238766.727038383 -0.0822089 -0.328577 0 0 0 0 0
1489238766.760568857 -0.0896105 -0.49247 0 0 0 0 0
1489238766.824434280 -0.0705706 -0.493606 0 0 0 0 0
1489238766.860673189 -0.0414566 -0.497088 0 0 0 0 0
1489238766.890921354 -0.0496672 -0.446653 0 0 0 0 0
1489238766.961154699 -0.0427814 -0.512974 0 0 0 0 0
1489238767.000494242 -0.0381891 -0.41975 0 0 0 0 0
1489238767.024715424 -0.0620259 -0.371863 0 0 0 0 0
1489238767.061924219 -0.040376 -0.726196 0 0 0 0 0
1489238767.091467619 -0 -0.508121 0 0 0 0 0
1489238767.122702122 -0.0480988 -0.192244 0 0 0 0 0
1489238767.159233332 -0.0822497 -0.616388 0 0 0 0 0
1489238767.192887306 -0.0446408 -0.802904 0 0 0 0 0
1489238767.223653555 -0 0.0975849 0 0 0 0 0
1489238767.260342598 -0.0818959 -0.327326 0 0 0 0 0
1489238767.292077303 -0.0473406 -1.22989 0 0 0 0 0
1489238767.324686050 -0.0460717 -0.092071 0 0 0 0 0
1489238767.358444691 -0 -0.35574 0 0 0 0 0
1489238767.390390158 -0.0470283 -0.422922 0 0 0 0 0
1489238767.422568798 -0.093375 -0.653112 0 0 0 0 0
1489238767.470668554 -0.0312339 -0.374512 0 0 0 0 0
1489238767.530091763 -0 -0.101049 0 0 0 0 0
1489238767.604216337 -0.0202678 -0.202519 0 0 0 0 0
1489238767.626301289 -0.204077 -1.97119 0 0 0 0 0
1489238767.761094093 -0.0445822 -0.478882 0 0 0 0 0
1489238767.790647268 -0.0508352 -0.558748 0 0 0 0 0
1489238767.823435545 -0.0458195 -0.732535 0 0 0 0 0
1489238767.858449697 -0.0429067 -0.257238 0 0 0 0 0
1489238767.923207283 -0.0463989 -0.533168 0 0 0 0 0
1489238767.961498499 -0.0392346 -0.392038 0 0 0 0 0
1489238767.990440130 -0.0519093 -0.518686 0 0 0 0 0
1489238768.021735907 -0 -0.527636 0 0 0 0 0
1489238768.057371140 -0.0421589 -0.421257 0 0 0 0 0
1489238768.089975595 -0.0460778 -0.552499 0 0 0 0 0
1489238768.122895956 -0 -0.455998 0 0 0 0 0
1489238768.160370827 -0.0400893 -0.320462 0 0 0 0 0
1489238768.189633131 -0.0513405 -0.666902 0 0 0 0 0
1489238768.222311497 -0.0459736 -0.551249 0 0 0 0 0
1489238768.258368731 -0 -0.333062 0 0 0 0 0
1489238768.293504238 -0 -0.427249 0 0 0 0 0
1489238768.324132442 -0 -0.588148 0 0 0 0 0
1489238768.361995697 -0 -0.475763 0 0 0 0 0
1489238768.391577244 -0 -0.202986 0 0 0 0 0
1489238768.424463272 -0 -0.730358 0 0 0 0 0
1489238768.460210800 -0 -0.419934 0 0 0 0 0
1489238768.492697954 -0 -0.462078 0 0 0 0 0
1489238768.522724867 -0 -0.349957 0 0 0 0 0
1489238768.560744524 -0.0395148 -0.394838 0 0 0 0 0
1489238768.591953278 -0 -0.76961 0 0 0 0 0
1489238768.629572868 -0 -0.159615 0 0 0 0 0
1489238768.660836220 -0 -0.384133 0 0 0 0 0
1489238768.694313049 -0 -0.717469 0 0 0 0 0
1489238768.724846363 -0 -0.442482 0 0 0 0 0
1489238768.791919947 -0 -0.313331 0 0 0 0 0
1489238768.825620174 -0.0445795 -0.534534 0 0 0 0 0
1489238768.860085249 -0 -0.43556 0 0 0 0 0
1489238768.892571688 -0 -0.138627 0 0 0 0 0
1489238768.924689531 -0 -0.280435 0 0 0 0 0
1489238768.963712931 -0 -0.615492 0 0 0 0 0
1489238768.990419388 -0 -0.337258 0 0 0 0 0
1489238769.028226376 -0 -0.0397059 0 0 0 0 0
1489238769.063642263 -0 -0.423866 0 0 0 0 0
1489238769.093682766 -0 -0.599655 0 0 0 0 0
1489238769.130180359 -0 -0.205652 0 0 0 0 0
1489238769.163403034 0.0452203 -0.225924 0 0 0 0 0
1489238769.190403700 -0 -0.555972 0 0 0 0 0
1489238769.221683264 -0 -0.575901 0 0 0 0 0
1489238769.257650137 -0 -0.166949 0 0 0 0 0
1489238769.290733099 -0 -0.181503 0 0 0 0 0
1489238769.322751522 -0 -0.562611 0 0 0 0 0
1489238769.360846758 -0 -0.354649 0 0 0 0 0
1489238769.390155315 -0 -0.153658 0 0 0 0 0
1489238769.426206589 -0 -0.333117 0 0 0 0 0
1489238769.467652559 -0 -0.434636 0 0 0 0 0
1489238769.497420311 0.0504687 -0.403433 0 0 0 0 0
1489238769.526560545 -0 -0 0 0 0 0 0
1489238769.561929941 -0 -0.509308 0 0 0 0 0
1489238769.592221498 -0 -0.396457 0 0 0 0 0
1489238769.625639915 -0 -0.13476 0 0 0 0 0
1489238769.662283659 -0 -0.368697 0 0 0 0 0
1489238769.694242954 -0 -0.422739 0 0 0 0 0
1489238769.725474119 -0 -0.192264 0 0 0 0 0
1489238769.761925697 -0 -0.164729 0 0 0 0 0
1489238769.791990280 -0 -0.449381 0 0 0 0 0
1489238769.824751616 -0 -0.274927 0 0 0 0 0
1489238769.868021965 -0 -0.208156 0 0 0 0 0
1489238769.896824837 -0 -0.208474 0 0 0 0 0
1489238769.926419258 -0 -0.355071 0 0 0 0 0
1489238769.991756916 -0 -0.229754 0 0 0 0 0
1489238770.023509741 -0 -0.189106 0 0 0 0 0
1489238770.059783936 -0 -0.289686 0 0 0 0 0
1489238770.091479540 -0 -0.0947236 0 0 0 0 0
1489238770.122085333 -0 -0.147145 0 0 0 0 0
1489238770.162737131 -0 -0.147709 0 0 0 0 0
1489238770.190732956 -0 -0.268104 0 0 0 0 0
1489238770.223450422 -0 -0.0917651 0 0 0 0 0
1489238770.260344028 -0 -0.0813778 0 0 0 0 0
1489238770.292386532 -0 -0.140547 0 0 0 0 0
1489238770.323866844 -0 -0.0953714 0 0 0 0 0
1489238770.363454580 -0 0.0379198 0 0 0 0 0
1489238770.392002821 -0 -0.105167 0 0 0 0 0
1489238770.425376654 -0 -0.179921 0 0 0 0 0
1489238770.464385748 -0 0.0769647 0 0 0 0 0
1489238770.493975401 -0 0.101465 0 0 0 0 0
1489238770.529237032 -0 -0.0851441 0 0 0 0 0
1489238770.565404892 -0 -0.0830108 0 0 0 0 0
1489238770.624290705 -0 0.152956 0 0 0 0 0
1489238770.659831047 -0 -0.126715 0 0 0 0 0
1489238770.694001198 -0 -0.0878639 0 0 0 0 0
1489238770.728238344 -0 0.175384 0 0 0 0 0
1489238770.763921261 -0 -0 0 0 0 0 0
1489238770.791697025 -0 -0.216183 0 0 0 0 0
1489238770.824516773 -0 -0 0 0 0 0 0
1489238770.861273766 -0 0.12252 0 0 0 0 0
1489238770.892107010 -0 -0 0 0 0 0 0
1489238770.929587364 -0 -0.0801039 0 0 0 0 0
1489238770.965632677 -0 0.0416465 0 0 0 0 0
1489238770.995581627 -0 0.100248 0 0 0 0 0
1489238771.027380943 -0 -0.0472073 0 0 0 0 0
1489238771.061241865 -0 -0.0886663 0 0 0 0 0
1489238771.094410896 -0 0.0452579 0 0 0 0 0
1489238771.126476526 -0 0.0468153 0 0 0 0 0
1489238771.160237551 -0 -0.0444643 0 0 0 0 0
1489238771.190686703 -0 -0 0 0 0 0 0
1489238771.223601341 -0 0.0456077 0 0 0 0 0
1489238771.259126902 -0 -0 0 0 0 0 0
1489238771.294013500 -0 -0.0430297 0 0 0 0 0
1489238771.324948072 -0 -0 0 0 0 0 0
1489238771.361159801 -0 0.0414551 0 0 0 0 0
1489238771.424302816 -0 -0 0 0 0 0 0
1489238771.459103107 -0 -0 0 0 0 0 0
1489238771.490823507 -0 -0 0 0 0 0 0
1489238771.526860714 -0 -0 0 0 0 0 0
1489238771.562356710 -0 -0 0 0 0 0 0
1489238771.591642618 -0 -0 0 0 0 0 0
1489238771.624519825 -0 -0 0 0 0 0 0
1489238771.658830643 -0 -0.0437518 0 0 0 0 0
1489238771.691071033 -0 -0 0 0 0 0 0
1489238771.722041368 -0 0.0484709 0 0 0 0 0
1489238771.758834839 -0 -0 0 0 0 0 0
1489238771.790326834 -0 -0 0 0 0 0 0
1489238771.824376583 -0 -0 0 0 0 0 0
1489238771.861271143 -0 -0 0 0 0 0 0
1489238771.896733761 -0 -0.0423308 0 0 0 0 0
1489238771.925120354 -0 -0 0 0 0 0 0
1489238771.962008715 -0 0.0406947 0 0 0 0 0
1489238771.991583347 -0 -0 0 0 0 0 0
1489238772.019073963 -0 -0 0 0 0 0 0
1489238772.059499025 -0 -0 0 0 0 0 0
1489238772.089940786 -0 -0 0 0 0 0 0
1489238772.120051146 -0 -0 0 0 0 0 0
1489238772.160655260 -0 -0.0369707 0 0 0 0 0
1489238772.191294909 -0 -0 0 0 0 0 0
1489238772.224689484 -0 0.0449522 0 0 0 0 0
1489238772.268248081 -0 -0 0 0 0 0 0
1489238772.296004772 -0 -0 0 0 0 0 0
1489238772.326385975 -0 -0 0 0 0 0 0
1489238772.366272449 -0 -0 0 0 0 0 0
1489238772.393962622 -0 -0 0 0 0 0 0
1489238772.428552151 -0 -0 0 0 0 0 0
1489238772.461556673 -0 -0 0 0 0 0 0
1489238772.493980885 -0 -0 0 0 0 0 0
1489238772.526933670 -0 -0.0455549 0 0 0 0 0
1489238772.591924667 -0 -0 0 0 0 0 0
1489238772.624114275 -0 -0 0 0 0 0 0
1489238772.658997774 -0 -0.0430335 0 0 0 0 0
1489238772.691757441 -0 -0 0 0 0 0 0
1489238772.724825144 -0 0.0453966 0 0 0 0 0
1489238772.759293556 -0 -0 0 0 0 0 0
1489238772.790309668 -0 -0 0 0 0 0 0
