# text file for ../bag/pxtime_2017-03-11-21-25-28.bag
# format: time stamp x y z qx qy qz qw
1489238729.205106258 -0.001049259 0.054820664 0 0 0 0 0
1489238729.205262661 0.011199667 0.019824632 0 0 0 0 0
1489238729.205277443 0.020240974 0.000840600 0 0 0 0 0
1489238729.205289125 0.031874396 0.044923060 0 0 0 0 0
1489238729.208236694 0.025612956 0.061733615 0 0 0 0 0
1489238729.208282709 0.025754457 -0.089166135 0 0 0 0 0
1489238729.215291023 0.009271375 -0.008169433 0 0 0 0 0
1489238729.215301991 0.001789479 0.079144716 0 0 0 0 0
1489238729.258553743 0.009905273 0.011619648 0 0 0 0 0
1489238729.258563995 0.037998147 0.025134649 0 0 0 0 0
1489238729.258647203 -0.000515302 0.006521812 0 0 0 0 0
1489238729.263208628 0.002523411 -0.026099760 0 0 0 0 0
1489238729.263399601 0.033357244 0.073972479 0 0 0 0 0
1489238729.263514042 -0.001382236 0.012775099 0 0 0 0 0
1489238729.263578415 -0.007790044 0.019255102 0 0 0 0 0
1489238729.267887354 0.001766402 -0.010970406 0 0 0 0 0
1489238729.268229723 0.003036127 0.039083913 0 0 0 0 0
1489238729.268300295 0.031486806 0.020922586 0 0 0 0 0
1489238729.268488884 0.007177593 -0.028755929 0 0 0 0 0
1489238729.303118229 0.055421799 0.080530643 0 0 0 0 0
1489238729.338459730 -0.013083644 -0.015936809 0 0 0 0 0
1489238729.379631519 -0.001806948 0.001901133 0 0 0 0 0
1489238729.420363188 0.044752918 0.037937656 0 0 0 0 0
1489238729.465621948 0.038092721 0.044694308 0 0 0 0 0
1489238729.502445698 0.016643394 -0.041770883 0 0 0 0 0
1489238729.543670654 0.023270966 0.009865241 0 0 0 0 0
1489238729.586830616 0.036132943 0.030481160 0 0 0 0 0
1489238729.632120848 0.060730200 0.025880253 0 0 0 0 0
1489238729.666296959 0.001757471 0.028940344 0 0 0 0 0
1489238729.707458019 0.034563057 0.025819669 0 0 0 0 0
1489238729.748389959 0.030264119 0.009980943 0 0 0 0 0
1489238729.789520264 0.001458144 0.009644794 0 0 0 0 0
1489238729.830310345 0.011771576 0.015441261 0 0 0 0 0
1489238729.830410719 0.032071210 0.017305780 0 0 0 0 0
1489238729.871454239 0.024270689 0.018602813 0 0 0 0 0
1489238729.957841158 0.015562934 -0.011311457 0 0 0 0 0
1489238729.957888126 0.032006789 -0.013380175 0 0 0 0 0
1489238729.994571924 0.031561822 0.022043103 0 0 0 0 0
1489238730.035584450 0.017565966 0.005249829 0 0 0 0 0
1489238730.076380491 0.040754057 -0.068930581 0 0 0 0 0
1489238730.117681742 0.011311241 -0.012176236 0 0 0 0 0
1489238730.158576727 0.036472265 -0.082200378 0 0 0 0 0
1489238730.199418306 0.039841346 -0.030364782 0 0 0 0 0
1489238730.241028786 0.002109336 0.027513836 0 0 0 0 0
1489238730.281426430 0.022781122 -0.079133429 0 0 0 0 0
1489238730.322620869 0.010894137 -0.065828398 0 0 0 0 0
1489238730.363415241 0.007486218 -0.127969295 0 0 0 0 0
1489238730.404543161 0.001180550 -0.099288389 0 0 0 0 0
1489238730.445481300 -0.028048616 -0.123836324 0 0 0 0 0
1489238730.445519447 -0.021350613 -0.137295410 0 0 0 0 0
1489238730.486568213 -0.017957401 -0.095002249 0 0 0 0 0
1489238730.527847052 -0.009143167 -0.113506772 0 0 0 0 0
1489238730.568522692 0.021974530 -0.135151684 0 0 0 0 0
1489238730.609493494 -0.013357019 -0.061893336 0 0 0 0 0
1489238730.654795647 -0.026692260 -0.018006956 0 0 0 0 0
1489238730.691455841 -0.026692262 -0.136753112 0 0 0 0 0
1489238730.734054327 -0.035232842 0.080098167 0 0 0 0 0
1489238730.773561239 -0.001994586 0.022623025 0 0 0 0 0
1489238730.856953859 -0.013606292 -0.021079311 0 0 0 0 0
1489238730.856976986 -0.019269567 -0.049306858 0 0 0 0 0
1489238730.896647692 -0.011365285 -0.179104447 0 0 0 0 0
1489238730.937603951 0.007449836 -0.194941565 0 0 0 0 0
1489238730.978536844 -0.014525305 -0.271395206 0 0 0 0 0
1489238731.019636393 -0.012640563 -0.171659648 0 0 0 0 0
1489238731.060342073 0.032722399 -0.047389399 0 0 0 0 0
1489238731.101435661 0.001175600 -0.230114698 0 0 0 0 0
1489238731.142506599 -0.003214071 -0.100500144 0 0 0 0 0
1489238731.183619499 0.008551050 -0.000901271 0 0 0 0 0
1489238731.224479198 0.003526355 -0.162024632 0 0 0 0 0
1489238731.265660524 0.007674637 -0.078971416 0 0 0 0 0
1489238731.269767284 0.033932630 -0.146365032 0 0 0 0 0
1489238731.347246408 0.036446936 -0.152783036 0 0 0 0 0
1489238731.388783455 0.006581367 -0.269561112 0 0 0 0 0
1489238731.429541349 0.021632228 -0.222599596 0 0 0 0 0
1489238731.470551014 0.002770894 -0.172357827 0 0 0 0 0
1489238731.511283398 0.014351089 -0.345200092 0 0 0 0 0
1489238731.552594185 0.040735103 -0.266293824 0 0 0 0 0
1489238731.593286991 0.037808727 -0.200462550 0 0 0 0 0
1489238731.634590387 0.036567941 -0.211782813 0 0 0 0 0
1489238731.675401926 0.008114131 -0.411387831 0 0 0 0 0
1489238731.675424576 0.039051618 -0.206593186 0 0 0 0 0
1489238731.720749378 0.012850684 -0.268553793 0 0 0 0 0
1489238731.757381439 -0.009792988 -0.373631656 0 0 0 0 0
1489238731.798731804 -0.009398246 -0.385805577 0 0 0 0 0
1489238731.840207577 -0.004006756 -0.139784485 0 0 0 0 0
1489238731.883747339 0.000000000 -0.517866731 0 0 0 0 0
1489238731.921447754 0.011713961 -0.287622690 0 0 0 0 0
1489238731.962534428 -0.012726401 -0.228039339 0 0 0 0 0
1489238732.007768393 0.008153203 -0.483982891 0 0 0 0 0
1489238732.085461378 0.007123218 -0.259559214 0 0 0 0 0
1489238732.126535416 -0.019598763 -0.338612229 0 0 0 0 0
1489238732.167536020 0.032876801 -0.379932582 0 0 0 0 0
1489238732.208454609 -0.011661038 -0.241754919 0 0 0 0 0
1489238732.249344349 -0.009161317 -0.284874052 0 0 0 0 0
1489238732.290390968 -0.001758313 -0.511768103 0 0 0 0 0
1489238732.331608772 0.000580271 -0.309712350 0 0 0 0 0
1489238732.372654915 -0.010303483 -0.371114552 0 0 0 0 0
1489238732.413415909 0.025754631 -0.357750624 0 0 0 0 0
1489238732.458738565 0.003173510 -0.343804300 0 0 0 0 0
1489238732.495527506 -0.001116757 -0.424669266 0 0 0 0 0
1489238732.536511183 -0.009335457 -0.321771890 0 0 0 0 0
1489238732.577522039 -0.017962767 -0.378628671 0 0 0 0 0
1489238732.659548521 0.000581551 -0.524418712 0 0 0 0 0
1489238732.700418949 -0.006318626 -0.203106359 0 0 0 0 0
1489238732.741399527 0.000980963 -0.382815778 0 0 0 0 0
1489238732.782467365 0.004905523 -0.446836710 0 0 0 0 0
1489238732.823505402 0.000000000 -0.274514675 0 0 0 0 0
1489238732.864336729 0.000544959 -0.535901487 0 0 0 0 0
1489238732.946267843 0.000000000 -0.324144751 0 0 0 0 0
1489238732.987649441 0.000000000 -0.334864318 0 0 0 0 0
1489238733.028491259 0.000000000 -0.552203119 0 0 0 0 0
1489238733.073709011 0.000000000 -0.221498221 0 0 0 0 0
1489238733.110350609 -0.000522107 -0.447128356 0 0 0 0 0
1489238733.192871809 0.000000000 -0.525235236 0 0 0 0 0
1489238733.233613968 0.000000000 -0.214159876 0 0 0 0 0
1489238733.274560452 0.000000000 -0.535832047 0 0 0 0 0
1489238733.315557957 0.000000000 -0.319086969 0 0 0 0 0
1489238733.360693693 0.000000000 -0.311820447 0 0 0 0 0
1489238733.438455343 0.000000000 -0.471837193 0 0 0 0 0
1489238733.479246855 0.000000000 -0.096436836 0 0 0 0 0
1489238733.524773598 0.000000000 -0.524701834 0 0 0 0 0
1489238733.561413527 0.021914477 -0.267325878 0 0 0 0 0
1489238733.643517256 0.005130614 -0.293082178 0 0 0 0 0
1489238733.684447765 0.019773725 -0.418924630 0 0 0 0 0
1489238733.725575209 0.026317876 -0.145712927 0 0 0 0 0
1489238733.766434669 0.000525221 -0.510352135 0 0 0 0 0
1489238733.849625111 0.003154639 -0.334393919 0 0 0 0 0
1489238733.889368773 0.004403957 -0.301382840 0 0 0 0 0
1489238733.930455685 -0.015435214 -0.554468036 0 0 0 0 0
1489238733.975870132 0.000536877 -0.222808450 0 0 0 0 0
1489238734.012468815 0.001124369 -0.593990684 0 0 0 0 0
1489238734.094604254 0.002021909 -0.315431625 0 0 0 0 0
1489238734.135581970 0.000494723 -0.452307612 0 0 0 0 0
1489238734.176698208 0.002528472 -0.480594635 0 0 0 0 0
1489238734.258618116 0.001480081 -0.295506567 0 0 0 0 0
1489238734.299503326 0.000063580 -0.664153039 0 0 0 0 0
1489238734.340748072 -0.000561717 -0.194663450 0 0 0 0 0
1489238734.381418467 -0.000513509 -0.763247252 0 0 0 0 0
1489238734.465567112 0.000000000 -0.154676765 0 0 0 0 0
1489238734.504517555 -0.001007230 -0.630580306 0 0 0 0 0
1489238734.545300007 0.000000000 -0.414633095 0 0 0 0 0
1489238734.586563110 0.003938218 -0.383736163 0 0 0 0 0
1489238734.668167114 0.000000000 -0.649725735 0 0 0 0 0
1489238734.713739395 0.001480656 -0.158339381 0 0 0 0 0
1489238734.750399113 0.000000000 -0.659651935 0 0 0 0 0
1489238734.832576513 0.005411633 -0.287978500 0 0 0 0 0
1489238734.916915655 0.006083105 -0.467530012 0 0 0 0 0
1489238734.916940689 -0.004810915 -0.457463413 0 0 0 0 0
1489238734.996372938 0.000000000 -0.477253199 0 0 0 0 0
1489238735.037596226 0.006120228 -0.420933068 0 0 0 0 0
1489238735.078413486 0.008081840 -0.442217529 0 0 0 0 0
1489238735.160470247 -0.003135636 -0.405449063 0 0 0 0 0
1489238735.202557087 0.018090958 -0.433170795 0 0 0 0 0
1489238735.242589712 0.002020750 -0.413890690 0 0 0 0 0
1489238735.328560352 0.011967749 -0.342789352 0 0 0 0 0
1489238735.365598202 0.002284424 -0.354419798 0 0 0 0 0
1489238735.447338104 0.008770411 -0.468320936 0 0 0 0 0
1489238735.488576174 -0.005371050 -0.291653126 0 0 0 0 0
1489238735.570549011 0.006204907 -0.448971421 0 0 0 0 0
1489238735.615685225 -0.005023530 -0.182466865 0 0 0 0 0
1489238735.693494320 0.004499261 -0.530243993 0 0 0 0 0
1489238735.734920740 0.002107214 -0.155339241 0 0 0 0 0
1489238735.779760838 0.004396313 -0.486709654 0 0 0 0 0
1489238735.857403278 0.013916494 -0.305793136 0 0 0 0 0
1489238735.898468971 -0.010739915 -0.202381566 0 0 0 0 0
1489238735.942948103 0.007067881 -0.460280180 0 0 0 0 0
1489238736.021433592 -0.002884521 -0.134636790 0 0 0 0 0
1489238736.066653013 0.019109037 -0.315225750 0 0 0 0 0
1489238736.144528866 -0.020366337 -0.208174616 0 0 0 0 0
1489238736.185440302 0.011126635 -0.342547327 0 0 0 0 0
1489238736.267308235 0.002244269 -0.132336587 0 0 0 0 0
1489238736.308354855 -0.000536757 -0.358098447 0 0 0 0 0
1489238736.390500069 0.028258523 -0.110498883 0 0 0 0 0
1489238736.431458473 0.013114756 -0.354185402 0 0 0 0 0
1489238736.472526789 0.019388070 -0.129294485 0 0 0 0 0
1489238736.554621935 0.003889674 -0.251407325 0 0 0 0 0
1489238736.595384836 0.015891135 -0.185486570 0 0 0 0 0
1489238736.677437305 -0.000838194 -0.237586111 0 0 0 0 0
1489238736.718441486 -0.004317977 -0.231542274 0 0 0 0 0
1489238736.800663710 -0.004654001 -0.206408069 0 0 0 0 0
1489238736.841641426 -0.011782323 -0.230837315 0 0 0 0 0
1489238736.923377275 0.012780955 -0.153125003 0 0 0 0 0
1489238736.969526768 0.006392787 -0.285945058 0 0 0 0 0
1489238737.046362400 0.008047929 -0.149859756 0 0 0 0 0
1489238737.087733984 0.009667234 -0.277595222 0 0 0 0 0
1489238737.169460535 0.015750883 -0.147835255 0 0 0 0 0
1489238737.210323811 0.032163870 -0.183951944 0 0 0 0 0
1489238737.292436838 0.087749198 -0.142448947 0 0 0 0 0
1489238737.333521843 0.142223760 -0.085319124 0 0 0 0 0
1489238737.419703722 0.158704862 -0.200368166 0 0 0 0 0
1489238737.497533798 0.177093104 -0.140267804 0 0 0 0 0
1489238737.538403034 0.191049188 -0.125299901 0 0 0 0 0
1489238737.620512247 0.193013519 -0.117737271 0 0 0 0 0
1489238737.661767006 0.172280818 -0.012767712 0 0 0 0 0
1489238737.743583679 0.178177029 -0.032729845 0 0 0 0 0
1489238737.826277018 0.183292568 -0.021672953 0 0 0 0 0
1489238737.907910585 0.218367547 0.055123765 0 0 0 0 0
1489238737.948452711 0.209462911 -0.033893030 0 0 0 0 0
1489238737.989449263 0.274080485 0.111570537 0 0 0 0 0
1489238738.071501017 0.273223966 -0.079327330 0 0 0 0 0
1489238738.112379313 0.292767763 0.091721311 0 0 0 0 0
1489238738.157642126 0.277217507 -0.098950759 0 0 0 0 0
1489238738.235671043 0.272974372 0.102128148 0 0 0 0 0
1489238738.276493311 0.251562029 -0.014044981 0 0 0 0 0
1489238738.358571291 0.270974100 0.106465697 0 0 0 0 0
1489238738.399309874 0.277340472 0.029846091 0 0 0 0 0
1489238738.481388807 0.248208433 0.092259221 0 0 0 0 0
1489238738.522533894 0.255369633 0.043148227 0 0 0 0 0
1489238738.604576111 0.235874027 0.073243484 0 0 0 0 0
1489238738.645311832 0.247009784 0.024272753 0 0 0 0 0
1489238738.727440119 0.203978255 0.063499220 0 0 0 0 0
1489238738.772797585 0.238686398 0.038041223 0 0 0 0 0
1489238738.850484133 0.266546905 0.107079729 0 0 0 0 0
1489238738.891436815 0.278273672 0.010534642 0 0 0 0 0
1489238738.973490477 0.267296076 0.054369777 0 0 0 0 0
1489238739.014344692 0.281068832 0.088106066 0 0 0 0 0
1489238739.096386433 0.265989125 -0.025940921 0 0 0 0 0
1489238739.137408733 0.269238293 0.179307908 0 0 0 0 0
1489238739.178496361 0.247640923 -0.168095112 0 0 0 0 0
1489238739.260910034 0.256999761 0.294674844 0 0 0 0 0
1489238739.301513433 0.252227843 -0.240212351 0 0 0 0 0
1489238739.342584848 0.264428645 0.322677642 0 0 0 0 0
1489238739.424440145 0.247550040 -0.220584512 0 0 0 0 0
1489238739.465513945 0.263779402 0.199048907 0 0 0 0 0
1489238739.510709763 0.262008131 -0.011951962 0 0 0 0 0
1489238739.588506937 0.270565450 0.042266656 0 0 0 0 0
1489238739.629366398 0.333717436 0.030545214 0 0 0 0 0
1489238739.675028086 0.343177021 -0.082642511 0 0 0 0 0
1489238739.752426386 0.343104899 0.179365247 0 0 0 0 0
1489238739.793911457 0.296282947 -0.157978758 0 0 0 0 0
1489238739.834656715 0.338365525 0.258911788 0 0 0 0 0
1489238739.875318766 0.316728413 -0.131442353 0 0 0 0 0
1489238740.000645638 0.295782387 -0.006380160 0 0 0 0 0
1489238740.039547443 0.288709432 0.084164552 0 0 0 0 0
1489238740.080428123 0.274215788 0.056403697 0 0 0 0 0
1489238740.125598431 0.282337129 -0.009226964 0 0 0 0 0
1489238740.203324318 0.323488772 0.104843795 0 0 0 0 0
1489238740.244465590 0.272122473 0.034695227 0 0 0 0 0
1489238740.285384417 0.308115125 0.027624780 0 0 0 0 0
1489238740.326564550 0.311378390 0.138538390 0 0 0 0 0
1489238740.408631563 0.316017985 -0.025260812 0 0 0 0 0
1489238740.449298382 0.363528907 0.151613861 0 0 0 0 0
1489238740.490361691 0.360055745 -0.002099988 0 0 0 0 0
1489238740.531662703 0.347066224 0.094550453 0 0 0 0 0
1489238740.613327265 0.370118439 0.082067721 0 0 0 0 0
1489238740.654567242 0.333067566 0.047481760 0 0 0 0 0
1489238740.695331812 0.340399504 0.120800957 0 0 0 0 0
1489238740.736531973 0.292450726 0.078544334 0 0 0 0 0
1489238740.777367353 0.304523885 -0.036025722 0 0 0 0 0
1489238740.818315268 0.336020410 0.381435066 0 0 0 0 0
1489238740.863726616 0.304523051 -0.180904672 0 0 0 0 0
1489238740.941541195 0.304484069 0.288439900 0 0 0 0 0
1489238740.982336283 0.321521819 0.072302446 0 0 0 0 0
1489238741.068077087 0.307258427 -0.024848353 0 0 0 0 0
1489238741.068411827 0.341739267 0.209225267 0 0 0 0 0
1489238741.105505466 0.280984104 0.016746061 0 0 0 0 0
1489238741.146351814 0.331353426 -0.092550300 0 0 0 0 0
1489238741.187509298 0.358919114 0.327949107 0 0 0 0 0
1489238741.228253603 0.342648596 -0.195103735 0 0 0 0 0
1489238741.269364834 0.335649699 0.125476509 0 0 0 0 0
1489238741.351402044 0.362538904 0.005751303 0 0 0 0 0
1489238741.392478704 0.341706216 0.123816431 0 0 0 0 0
1489238741.433631182 0.336848915 -0.065146714 0 0 0 0 0
1489238741.476468086 0.323072731 0.138584003 0 0 0 0 0
1489238741.515540600 0.287232518 0.049969256 0 0 0 0 0
1489238741.556327105 0.338355690 -0.008097397 0 0 0 0 0
1489238741.597474098 0.287763953 0.022455795 0 0 0 0 0
1489238741.638326645 0.286174506 0.109306738 0 0 0 0 0
1489238741.679405689 0.299627602 0.028074404 0 0 0 0 0
1489238741.720357895 0.277444065 -0.006751484 0 0 0 0 0
1489238741.761487961 0.317902654 0.032566078 0 0 0 0 0
1489238741.802367687 0.307203233 0.099094413 0 0 0 0 0
1489238741.843121529 0.296573848 -0.098213732 0 0 0 0 0
1489238741.884384871 0.288983464 0.119407609 0 0 0 0 0
1489238741.967608690 0.303421050 0.025860036 0 0 0 0 0
1489238741.967636347 0.306327432 0.016135108 0 0 0 0 0
1489238742.007724285 0.303212672 -0.011537164 0 0 0 0 0
1489238742.048412323 0.314220518 0.046376307 0 0 0 0 0
1489238742.089396954 0.313474476 0.028211618 0 0 0 0 0
1489238742.130430222 0.322415709 0.032416347 0 0 0 0 0
1489238742.171312332 0.300553530 0.006853572 0 0 0 0 0
1489238742.216707230 0.303701103 0.137087703 0 0 0 0 0
1489238742.253411531 0.279386848 -0.129998535 0 0 0 0 0
1489238742.294373751 0.297426879 -0.020223711 0 0 0 0 0
1489238742.335376978 0.278298140 0.198871166 0 0 0 0 0
1489238742.380575180 0.298188269 -0.243913740 0 0 0 0 0
1489238742.417556524 0.354845077 0.033099879 0 0 0 0 0
1489238742.458396435 0.297907054 0.122733258 0 0 0 0 0
1489238742.499469042 0.294636905 -0.132029101 0 0 0 0 0
1489238742.540526390 0.330273271 0.014647970 0 0 0 0 0
1489238742.581323147 0.312781990 -0.029637730 0 0 0 0 0
1489238742.622416973 0.295443475 0.085602321 0 0 0 0 0
1489238742.663382053 0.317288518 -0.072080724 0 0 0 0 0
1489238742.704471111 0.335115612 0.023850448 0 0 0 0 0
1489238742.745409012 0.354066253 0.054291673 0 0 0 0 0
1489238742.786445618 0.365863383 -0.072581694 0 0 0 0 0
1489238742.827385426 0.305549115 0.059893232 0 0 0 0 0
1489238742.827396870 0.286825091 -0.007970472 0 0 0 0 0
1489238742.868397236 0.315883070 -0.072405502 0 0 0 0 0
1489238742.909501553 0.332603872 0.056304760 0 0 0 0 0
1489238742.993668556 0.285794705 -0.006619085 0 0 0 0 0
1489238742.993678331 0.277715296 -0.005784628 0 0 0 0 0
1489238743.032516479 0.339559108 0.027927136 0 0 0 0 0
1489238743.073538065 0.303914994 0.189692080 0 0 0 0 0
1489238743.118742704 0.333716094 -0.060879689 0 0 0 0 0
1489238743.155321836 0.313760221 0.062469345 0 0 0 0 0
1489238743.196246386 0.349409193 0.167814702 0 0 0 0 0
1489238743.237351418 0.355875611 -0.125053287 0 0 0 0 0
1489238743.278390646 0.333385527 0.191572100 0 0 0 0 0
1489238743.319348335 0.371300310 0.182384253 0 0 0 0 0
1489238743.360338211 0.358177483 -0.158368543 0 0 0 0 0
1489238743.401312590 0.398376018 0.177975744 0 0 0 0 0
1489238743.442460060 0.345912158 0.106252469 0 0 0 0 0
1489238743.483314037 0.301955670 -0.112160385 0 0 0 0 0
1489238743.524431705 0.241145462 0.160741478 0 0 0 0 0
1489238743.565530062 0.316950232 0.017893994 0 0 0 0 0
1489238743.606668472 0.240703657 0.050762899 0 0 0 0 0
1489238743.647397995 0.299495131 0.092502780 0 0 0 0 0
1489238743.647418261 0.299809545 -0.098947540 0 0 0 0 0
1489238743.688395739 0.267480612 0.281793177 0 0 0 0 0
1489238743.729360104 0.240799040 -0.266434491 0 0 0 0 0
1489238743.770549059 0.283911407 0.220124960 0 0 0 0 0
1489238743.811519861 0.334750235 0.017882610 0 0 0 0 0
1489238743.852576971 0.338483036 -0.043553941 0 0 0 0 0
1489238743.893609285 0.359083831 0.094054453 0 0 0 0 0
1489238743.934456825 0.306946576 -0.035898350 0 0 0 0 0
1489238743.975455046 0.318222493 -0.024248386 0 0 0 0 0
1489238744.062495947 0.373911470 -0.059837461 0 0 0 0 0
1489238744.062520504 0.340816796 0.000497008 0 0 0 0 0
1489238744.098262072 0.339127481 0.028411875 0 0 0 0 0
1489238744.139467239 0.235954672 0.124082327 0 0 0 0 0
1489238744.180261135 0.323447168 -0.166104361 0 0 0 0 0
1489238744.221412182 0.309133112 -0.072944559 0 0 0 0 0
1489238744.262295008 0.320877492 0.142961681 0 0 0 0 0
1489238744.303530931 0.267701805 -0.094917819 0 0 0 0 0
1489238744.344559908 0.298916399 0.002360035 0 0 0 0 0
1489238744.385433674 0.203497261 0.030515814 0 0 0 0 0
1489238744.426523924 0.259518236 0.043769754 0 0 0 0 0
1489238744.467368603 0.357266486 0.002051476 0 0 0 0 0
1489238744.471690655 0.209680155 0.063192710 0 0 0 0 0
1489238744.508519411 0.292836666 -0.092252195 0 0 0 0 0
1489238744.549461603 0.388403445 0.022032162 0 0 0 0 0
1489238744.590417624 0.349030554 -0.044160347 0 0 0 0 0
1489238744.631748438 0.380246967 -0.024578132 0 0 0 0 0
1489238744.672639608 0.288589090 0.044750251 0 0 0 0 0
1489238744.713366508 0.353557438 -0.052672219 0 0 0 0 0
1489238744.754584312 0.355073392 0.006057271 0 0 0 0 0
1489238744.795398474 0.322004020 -0.098674700 0 0 0 0 0
1489238744.836555004 0.184551865 -0.009087776 0 0 0 0 0
1489238744.877384186 0.235637546 0.117454328 0 0 0 0 0
1489238744.877410650 0.281459183 -0.087222442 0 0 0 0 0
1489238744.961047888 0.227701470 0.026594510 0 0 0 0 0
1489238744.961071730 0.253470510 0.155584648 0 0 0 0 0
1489238745.000575542 0.242398262 0.074642070 0 0 0 0 0
1489238745.041589499 0.298682451 -0.269679874 0 0 0 0 0
1489238745.082318783 0.268823802 0.181531474 0 0 0 0 0
1489238745.123554945 0.294018567 0.023202483 0 0 0 0 0
1489238745.164448261 0.274801910 -0.091066644 0 0 0 0 0
1489238745.205645561 0.311338574 0.061535805 0 0 0 0 0
1489238745.246258259 0.220759466 0.072919950 0 0 0 0 0
1489238745.287368774 0.282618284 -0.175878182 0 0 0 0 0
1489238745.287393093 0.276208997 0.103275731 0 0 0 0 0
1489238745.328423500 0.309985548 0.109474637 0 0 0 0 0
1489238745.373635292 0.297622889 -0.196759298 0 0 0 0 0
1489238745.410250902 0.254529655 -0.029524222 0 0 0 0 0
1489238745.451378584 0.207787514 0.125753328 0 0 0 0 0
1489238745.492511988 0.310696542 -0.039336950 0 0 0 0 0
1489238745.533298492 0.332821101 -0.113997005 0 0 0 0 0
1489238745.574413776 0.292335570 0.023415146 0 0 0 0 0
1489238745.615510941 0.277499676 0.096593067 0 0 0 0 0
1489238745.656564474 0.215043932 -0.141881675 0 0 0 0 0
1489238745.697626114 0.295285195 0.091379508 0 0 0 0 0
1489238745.697661161 0.257855356 0.078011490 0 0 0 0 0
1489238745.738530159 0.168842494 -0.038072418 0 0 0 0 0
1489238745.779396296 0.218361944 -0.202868700 0 0 0 0 0
1489238745.825040102 0.282254994 0.200422078 0 0 0 0 0
1489238745.861375332 0.226392895 0.064332791 0 0 0 0 0
1489238745.902571917 0.193800405 -0.162056535 0 0 0 0 0
1489238745.943137884 0.281922370 -0.048212841 0 0 0 0 0
1489238745.988094091 0.251410723 0.266907215 0 0 0 0 0
1489238746.025292635 0.283654124 -0.195470124 0 0 0 0 0
1489238746.066324234 0.236839682 -0.028849507 0 0 0 0 0
1489238746.066340446 0.311164200 0.137605071 0 0 0 0 0
1489238746.111552477 0.310605735 0.026779765 0 0 0 0 0
1489238746.148208857 0.257663131 -0.114557780 0 0 0 0 0
1489238746.189366102 0.240473434 0.018082080 0 0 0 0 0
1489238746.230761290 0.211364910 0.141806990 0 0 0 0 0
1489238746.275645494 0.297451794 -0.116118431 0 0 0 0 0
1489238746.312424183 0.261515826 0.101997457 0 0 0 0 0
1489238746.353380203 0.246999174 0.164645195 0 0 0 0 0
1489238746.394667387 0.244115308 -0.160140499 0 0 0 0 0
1489238746.435488701 0.268204838 0.284820676 0 0 0 0 0
1489238746.476496935 0.274563372 0.128047422 0 0 0 0 0
1489238746.476522923 0.225874856 -0.217541099 0 0 0 0 0
1489238746.517476559 0.270784348 0.308749318 0 0 0 0 0
1489238746.562877655 0.192703426 0.049066979 0 0 0 0 0
1489238746.599375963 0.282217503 -0.002346122 0 0 0 0 0
1489238746.640509367 0.275292337 0.105231002 0 0 0 0 0
1489238746.681310892 0.303901494 0.214275837 0 0 0 0 0
1489238746.726745129 0.242283732 0.097593680 0 0 0 0 0
1489238746.763561964 0.207506329 -0.028402090 0 0 0 0 0
1489238746.804508448 0.277547628 0.301582158 0 0 0 0 0
1489238746.845276594 0.246586248 0.161001921 0 0 0 0 0
1489238746.887425184 0.192749292 0.029823804 0 0 0 0 0
1489238746.887449980 0.175434798 0.036043782 0 0 0 0 0
1489238746.927469492 0.202174753 0.289877594 0 0 0 0 0
1489238746.968463182 0.187450334 0.018387031 0 0 0 0 0
1489238747.013466597 0.218170375 -0.027112400 0 0 0 0 0
1489238747.050313473 0.171380773 0.445375264 0 0 0 0 0
1489238747.091452122 0.208023190 -0.012415275 0 0 0 0 0
1489238747.132479429 0.174048334 -0.020015305 0 0 0 0 0
1489238747.177571297 0.164173514 0.315235674 0 0 0 0 0
1489238747.214279175 0.186214551 0.055032887 0 0 0 0 0
1489238747.255415678 0.165413469 0.028557975 0 0 0 0 0
1489238747.296683073 0.168704361 0.246494681 0 0 0 0 0
1489238747.300754547 0.171091557 0.178831577 0 0 0 0 0
1489238747.337429285 0.176650554 0.032572083 0 0 0 0 0
1489238747.378309011 0.172494739 0.105988838 0 0 0 0 0
1489238747.419364691 0.154283985 0.224745795 0 0 0 0 0
1489238747.464806318 0.195234209 0.237616584 0 0 0 0 0
1489238747.501586437 0.198057979 -0.105311379 0 0 0 0 0
1489238747.542388439 0.182152539 0.289396971 0 0 0 0 0
1489238747.583289862 0.201533034 0.174435809 0 0 0 0 0
1489238747.628647566 0.236148760 0.012462927 0 0 0 0 0
1489238747.665342093 0.234617904 0.128544211 0 0 0 0 0
1489238747.706357956 0.240565062 0.330003470 0 0 0 0 0
1489238747.706386089 0.263410926 -0.050607465 0 0 0 0 0
1489238747.751643658 0.266644269 0.126048803 0 0 0 0 0
1489238747.788266420 0.299099833 0.058333136 0 0 0 0 0
1489238747.829266310 0.274879277 0.186028749 0 0 0 0 0
1489238747.870281935 0.299410850 0.075549699 0 0 0 0 0
1489238747.955432892 0.259898990 -0.016740704 0 0 0 0 0
1489238747.955451965 0.310261905 0.121865451 0 0 0 0 0
1489238747.993277550 0.293235779 0.097424485 0 0 0 0 0
1489238748.034610510 0.293723792 -0.060298264 0 0 0 0 0
1489238748.079558134 0.299456328 0.087224528 0 0 0 0 0
1489238748.079582453 0.290922225 0.152079865 0 0 0 0 0
1489238748.116319895 0.291161954 -0.101560697 0 0 0 0 0
1489238748.157325745 0.273702115 0.302407324 0 0 0 0 0
1489238748.202516317 0.313955486 0.116100535 0 0 0 0 0
1489238748.239511013 0.247471452 -0.068221942 0 0 0 0 0
1489238748.280343771 0.271599829 0.091408357 0 0 0 0 0
1489238748.321535826 0.273303211 0.024830149 0 0 0 0 0
1489238748.366610289 0.282095492 0.173686028 0 0 0 0 0
1489238748.403591156 0.249758810 -0.071392819 0 0 0 0 0
1489238748.444348812 0.251670599 0.122741953 0 0 0 0 0
1489238748.485533953 0.224072978 0.064691588 0 0 0 0 0
1489238748.485558987 0.199195161 -0.102817200 0 0 0 0 0
1489238748.530383825 0.194616988 0.154398680 0 0 0 0 0
1489238748.567634821 0.181567475 0.136505798 0 0 0 0 0
1489238748.608491182 0.171748206 -0.068540826 0 0 0 0 0
1489238748.649325609 0.120529726 0.109434225 0 0 0 0 0
1489238748.690325260 0.166191235 -0.022857675 0 0 0 0 0
1489238748.731592178 0.138939321 0.085808262 0 0 0 0 0
1489238748.772559404 0.154801250 -0.122342095 0 0 0 0 0
1489238748.813371658 0.042885743 0.214198783 0 0 0 0 0
1489238748.854860306 0.029569739 0.019871550 0 0 0 0 0
1489238748.895986319 0.013849032 -0.063662842 0 0 0 0 0
1489238748.896014929 0.015248562 0.186700106 0 0 0 0 0
1489238748.936505556 -0.004177825 0.128957763 0 0 0 0 0
1489238748.979358912 -0.015172588 0.037909277 0 0 0 0 0
1489238749.018277645 -0.040749568 0.178826332 0 0 0 0 0
1489238749.059339285 0.034952722 0.173866242 0 0 0 0 0
1489238749.100359201 -0.011178139 0.089155033 0 0 0 0 0
1489238749.141381025 0.014079094 0.019911861 0 0 0 0 0
1489238749.182285070 0.041231636 0.236436367 0 0 0 0 0
1489238749.223560095 0.002108623 0.000706111 0 0 0 0 0
1489238749.264364719 0.035301190 0.070392177 0 0 0 0 0
1489238749.305515289 0.027320346 0.227492884 0 0 0 0 0
1489238749.305562019 0.038331836 0.234423071 0 0 0 0 0
1489238749.346183777 0.015333816 0.191244617 0 0 0 0 0
1489238749.387415886 0.000746859 0.205294177 0 0 0 0 0
1489238749.428472757 0.007727330 0.415085614 0 0 0 0 0
1489238749.469495058 -0.007124083 0.297406673 0 0 0 0 0
1489238749.510258198 0.033089370 0.035113677 0 0 0 0 0
1489238749.551505327 0.010321971 0.561409295 0 0 0 0 0
1489238749.594465017 0.024769038 0.284152150 0 0 0 0 0
1489238749.633467913 0.005514813 0.080652848 0 0 0 0 0
1489238749.674342871 0.016562920 0.383893132 0 0 0 0 0
1489238749.715525150 -0.032399528 0.431389987 0 0 0 0 0
1489238749.719833136 0.021973386 0.186242998 0 0 0 0 0
1489238749.756463051 -0.014097871 0.211602852 0 0 0 0 0
1489238749.797353029 -0.010442751 0.441882849 0 0 0 0 0
1489238749.838412762 -0.026570756 0.399330020 0 0 0 0 0
1489238749.881922722 -0.038571607 0.105273306 0 0 0 0 0
1489238749.920487642 -0.023099348 0.466958463 0 0 0 0 0
1489238749.961586237 -0.010296760 0.492417514 0 0 0 0 0
1489238750.002548695 -0.001315380 0.214400649 0 0 0 0 0
1489238750.043465137 -0.002895982 0.321613699 0 0 0 0 0
1489238750.084428310 0.016188471 0.480785757 0 0 0 0 0
1489238750.125464916 0.002069796 0.070080504 0 0 0 0 0
1489238750.125479460 0.026431218 0.355470002 0 0 0 0 0
1489238750.170571089 0.017861601 0.454672337 0 0 0 0 0
1489238750.207421780 -0.005469458 0.268634826 0 0 0 0 0
1489238750.248170376 -0.045884095 0.274401128 0 0 0 0 0
1489238750.289498806 -0.032242887 0.555607796 0 0 0 0 0
1489238750.330469608 -0.043504398 0.222498104 0 0 0 0 0
1489238750.371459484 -0.031631790 0.340688765 0 0 0 0 0
1489238750.412374258 -0.009623025 0.322836220 0 0 0 0 0
1489238750.453479767 0.014500849 0.476356685 0 0 0 0 0
1489238750.494415760 -0.014454739 0.224220902 0 0 0 0 0
1489238750.535414219 -0.020606754 0.355667681 0 0 0 0 0
1489238750.535457373 -0.016417587 0.603500068 0 0 0 0 0
1489238750.576542854 0.013040510 0.184087738 0 0 0 0 0
1489238750.621715784 0.005284712 0.342421651 0 0 0 0 0
1489238750.658379078 -0.014956159 0.474619448 0 0 0 0 0
1489238750.699554443 0.001468609 0.416497141 0 0 0 0 0
1489238750.740528822 -0.044832934 0.312937975 0 0 0 0 0
1489238750.781252146 0.040230501 0.356023967 0 0 0 0 0
1489238750.822585344 0.002862878 0.419465125 0 0 0 0 0
1489238750.863520622 -0.015885033 0.277400583 0 0 0 0 0
1489238750.904369593 -0.017210003 0.412216961 0 0 0 0 0
1489238750.908725500 0.029568568 0.522525191 0 0 0 0 0
1489238750.945403099 0.011390555 0.350533664 0 0 0 0 0
1489238750.986371517 -0.001002528 0.287418306 0 0 0 0 0
1489238751.027262688 -0.005363065 0.461432397 0 0 0 0 0
1489238751.109370470 -0.004006981 0.421048790 0 0 0 0 0
1489238751.150293589 -0.007530191 0.376021147 0 0 0 0 0
1489238751.191929579 -0.050294328 0.655353844 0 0 0 0 0
1489238751.232803583 -0.009570494 0.177146137 0 0 0 0 0
1489238751.232837915 0.003160104 0.499239981 0 0 0 0 0
1489238751.273520708 0.005040152 0.440971613 0 0 0 0 0
1489238751.314410210 -0.034761630 0.470830381 0 0 0 0 0
1489238751.359715223 -0.028987009 0.129755944 0 0 0 0 0
1489238751.396250963 -0.041521341 0.638352036 0 0 0 0 0
1489238751.523604393 -0.070999347 0.448943675 0 0 0 0 0
1489238751.560424089 -0.021990897 0.444716305 0 0 0 0 0
1489238751.601402760 -0.070565350 0.470000684 0 0 0 0 0
1489238751.642320395 0.024850393 0.342843831 0 0 0 0 0
1489238751.646632671 0.002513033 0.572533667 0 0 0 0 0
1489238751.683502913 -0.035381656 0.499404103 0 0 0 0 0
1489238751.724427462 -0.010843750 0.383029848 0 0 0 0 0
1489238751.765361309 -0.028721014 0.605978906 0 0 0 0 0
1489238751.849126101 -0.006216218 0.417079687 0 0 0 0 0
1489238751.849152327 -0.032383118 0.584937453 0 0 0 0 0
1489238751.888477087 0.002699540 0.477956355 0 0 0 0 0
1489238751.929584980 -0.004231648 0.274515182 0 0 0 0 0
1489238751.974565268 -0.027642444 0.517238736 0 0 0 0 0
1489238752.011229753 -0.008810094 0.554070950 0 0 0 0 0
1489238752.052336693 0.010358727 0.492746651 0 0 0 0 0
1489238752.052362442 0.009815681 0.377545834 0 0 0 0 0
1489238752.097625732 -0.016155791 0.458014637 0 0 0 0 0
1489238752.134225368 -0.004379938 0.546136379 0 0 0 0 0
1489238752.175411224 -0.020751670 0.375193208 0 0 0 0 0
1489238752.216303825 -0.016294695 0.593161762 0 0 0 0 0
1489238752.257606983 -0.017239602 0.520336568 0 0 0 0 0
1489238752.298317671 -0.009024915 0.215045452 0 0 0 0 0
1489238752.339405775 -0.026431734 0.625524938 0 0 0 0 0
1489238752.380304575 -0.005227157 0.630185843 0 0 0 0 0
1489238752.421304464 -0.005551879 0.282744914 0 0 0 0 0
1489238752.462407112 0.025496338 0.452639878 0 0 0 0 0
1489238752.462428331 -0.017007794 0.801112294 0 0 0 0 0
1489238752.503562212 -0.019465134 0.287788808 0 0 0 0 0
1489238752.544426680 -0.012351451 0.344362974 0 0 0 0 0
1489238752.585268736 -0.047833350 0.595034897 0 0 0 0 0
1489238752.626343012 -0.000623261 0.386122614 0 0 0 0 0
1489238752.667292833 -0.032884955 0.377068460 0 0 0 0 0
1489238752.708451271 0.012284095 0.404005051 0 0 0 0 0
1489238752.749294758 0.009429662 0.571917593 0 0 0 0 0
1489238752.790209055 -0.026147190 0.303399354 0 0 0 0 0
1489238752.831220627 -0.028226087 0.377321661 0 0 0 0 0
1489238752.831341743 -0.034923267 0.650144279 0 0 0 0 0
1489238752.917391539 0.006892751 0.397619247 0 0 0 0 0
1489238752.917424679 0.024676409 0.285123289 0 0 0 0 0
1489238752.954349756 0.007612428 0.576295853 0 0 0 0 0
1489238752.995321035 -0.020707965 0.268347681 0 0 0 0 0
1489238753.036474943 -0.013096903 0.320391148 0 0 0 0 0
1489238753.077268600 0.003992595 0.621769786 0 0 0 0 0
1489238753.118234634 -0.009649763 0.300105244 0 0 0 0 0
1489238753.159296274 -0.026210805 0.191016763 0 0 0 0 0
1489238753.200312376 -0.018537600 0.571859956 0 0 0 0 0
1489238753.241367340 -0.001814242 0.606015861 0 0 0 0 0
1489238753.241482735 -0.040722944 0.016567117 0 0 0 0 0
1489238753.282288313 -0.029536486 0.530836046 0 0 0 0 0
1489238753.327859402 0.004060783 0.704036713 0 0 0 0 0
1489238753.364424944 -0.011689874 0.187881917 0 0 0 0 0
1489238753.405447483 -0.031312078 0.159343451 0 0 0 0 0
1489238753.446206808 0.018630765 0.719637215 0 0 0 0 0
1489238753.487467051 -0.003973946 0.255466372 0 0 0 0 0
1489238753.528250933 0.013848270 0.069810368 0 0 0 0 0
1489238753.570644855 -0.013836036 0.631500900 0 0 0 0 0
1489238753.610438347 0.020777941 0.458259344 0 0 0 0 0
1489238753.651363850 0.064520612 0.057315905 0 0 0 0 0
1489238753.651389122 -0.016250774 0.510703921 0 0 0 0 0
1489238753.692322731 -0.023367342 0.384960085 0 0 0 0 0
1489238753.733344316 -0.002761727 0.189660057 0 0 0 0 0
1489238753.816711187 0.008660420 0.356622636 0 0 0 0 0
1489238753.816729784 0.042037159 0.523172617 0 0 0 0 0
1489238753.856214285 0.013181788 0.101652339 0 0 0 0 0
1489238753.897243023 -0.012325098 0.268595308 0 0 0 0 0
1489238753.938525677 -0.009750335 0.496623099 0 0 0 0 0
1489238753.979214907 -0.003599457 0.502076030 0 0 0 0 0
1489238754.020257235 -0.014570447 0.116056204 0 0 0 0 0
1489238754.061835289 -0.013259994 0.399259657 0 0 0 0 0
1489238754.065541744 0.046199437 0.411673486 0 0 0 0 0
1489238754.102636099 -0.002082613 0.065021120 0 0 0 0 0
1489238754.143265009 -0.026686335 0.353308856 0 0 0 0 0
1489238754.184322596 -0.029968450 0.378544420 0 0 0 0 0
1489238754.229747057 -0.015221876 0.308538675 0 0 0 0 0
1489238754.266388416 -0.011796840 0.185994312 0 0 0 0 0
1489238754.307460546 -0.020140555 0.362943381 0 0 0 0 0
1489238754.348205090 -0.038733982 0.496800005 0 0 0 0 0
1489238754.389511824 -0.022162329 0.035297561 0 0 0 0 0
1489238754.430380583 0.000688861 0.337806284 0 0 0 0 0
1489238754.471331835 0.002099051 0.462004185 0 0 0 0 0
1489238754.471363783 -0.001443482 0.032709312 0 0 0 0 0
1489238754.516677856 -0.036183696 0.361847103 0 0 0 0 0
1489238754.553349972 0.001381668 0.371524572 0 0 0 0 0
1489238754.594370842 -0.011740485 0.196730420 0 0 0 0 0
1489238754.635472298 0.011310631 0.519560933 0 0 0 0 0
1489238754.680554152 -0.048474133 0.081715390 0 0 0 0 0
1489238754.717312336 -0.053383272 0.227988243 0 0 0 0 0
1489238754.758287668 -0.061864924 0.446778119 0 0 0 0 0
1489238754.799292326 -0.020755438 0.090199575 0 0 0 0 0
1489238754.843711615 -0.056101073 0.213201553 0 0 0 0 0
1489238754.843724012 -0.060867321 0.481621832 0 0 0 0 0
1489238754.881268740 -0.136102140 0.123712502 0 0 0 0 0
1489238754.922455549 -0.104229532 0.170225292 0 0 0 0 0
1489238754.967473984 -0.131972387 0.465598106 0 0 0 0 0
1489238755.004419804 -0.135937452 0.101280287 0 0 0 0 0
1489238755.045264721 -0.114706591 0.022936616 0 0 0 0 0
1489238755.086363077 -0.169105962 0.416826874 0 0 0 0 0
1489238755.127259970 -0.208007261 0.059354164 0 0 0 0 0
1489238755.168186903 -0.193545312 -0.025419470 0 0 0 0 0
1489238755.209329128 -0.226486877 0.246645495 0 0 0 0 0
1489238755.250380278 -0.195076793 0.047399569 0 0 0 0 0
1489238755.254856110 -0.274121940 -0.153061956 0 0 0 0 0
1489238755.291362047 -0.252037048 0.113547169 0 0 0 0 0
1489238755.332455397 -0.269534498 0.096022710 0 0 0 0 0
1489238755.373442411 -0.276674420 -0.070270464 0 0 0 0 0
1489238755.418567419 -0.284140557 0.156815052 0 0 0 0 0
1489238755.455243587 -0.263428092 0.118824601 0 0 0 0 0
1489238755.496791124 -0.298210323 0.021581914 0 0 0 0 0
1489238755.537256002 -0.360508859 0.128913000 0 0 0 0 0
1489238755.578202724 -0.354045808 0.071861148 0 0 0 0 0
1489238755.619229317 -0.334147573 0.105850562 0 0 0 0 0
1489238755.660469294 -0.423278481 0.174587250 0 0 0 0 0
1489238755.660479546 -0.425168276 0.070627622 0 0 0 0 0
1489238755.743147612 -0.372807056 0.067972764 0 0 0 0 0
1489238755.743255377 -0.461288691 -0.016773358 0 0 0 0 0
1489238755.783298969 -0.459929943 0.008314505 0 0 0 0 0
1489238755.869445801 -0.354713738 0.005641972 0 0 0 0 0
1489238755.906558752 -0.365666270 0.051007837 0 0 0 0 0
1489238755.947382450 -0.374222547 -0.031981438 0 0 0 0 0
1489238755.988286257 -0.444317520 -0.026313016 0 0 0 0 0
1489238756.029792070 -0.384328306 0.197045296 0 0 0 0 0
1489238756.070357084 -0.310853064 -0.010576261 0 0 0 0 0
1489238756.070555925 -0.386490315 0.081041746 0 0 0 0 0
1489238756.111258507 -0.338149965 0.205447316 0 0 0 0 0
1489238756.156657219 -0.400535822 -0.121837854 0 0 0 0 0
1489238756.193207741 -0.399036646 0.065107629 0 0 0 0 0
1489238756.234358072 -0.412331492 -0.085951485 0 0 0 0 0
1489238756.275422335 -0.438731015 -0.018015910 0 0 0 0 0
1489238756.320545912 -0.507430196 0.049456935 0 0 0 0 0
1489238756.357231855 -0.470073700 -0.146300256 0 0 0 0 0
1489238756.398467302 -0.406891257 0.201727837 0 0 0 0 0
1489238756.439304352 -0.435963392 0.028488580 0 0 0 0 0
1489238756.480311394 -0.396724612 -0.074649379 0 0 0 0 0
1489238756.480335951 -0.427407831 0.121021509 0 0 0 0 0
1489238756.521328926 -0.398208290 0.003301413 0 0 0 0 0
1489238756.562555552 -0.354077876 -0.024312545 0 0 0 0 0
1489238756.607586384 -0.350064874 0.015473677 0 0 0 0 0
1489238756.644261599 -0.369362891 0.281659514 0 0 0 0 0
1489238756.685315132 -0.292650580 -0.071841776 0 0 0 0 0
1489238756.726271152 -0.191734299 0.007341309 0 0 0 0 0
1489238756.810963154 -0.324446410 0.147748917 0 0 0 0 0
1489238756.810986757 -0.444740057 -0.087837324 0 0 0 0 0
1489238756.849168062 -0.408820212 -0.047041647 0 0 0 0 0
1489238756.890281439 -0.327596515 0.135692328 0 0 0 0 0
1489238756.894661427 -0.357378662 0.013006702 0 0 0 0 0
1489238756.931280375 -0.465839773 -0.101310730 0 0 0 0 0
1489238756.972332478 -0.382448345 -0.003249628 0 0 0 0 0
1489238757.013368130 -0.312477976 0.139731318 0 0 0 0 0
1489238757.054459095 -0.279140860 -0.021019926 0 0 0 0 0
1489238757.096806526 -0.417521298 0.025104309 0 0 0 0 0
1489238757.136460781 -0.393414915 0.204400584 0 0 0 0 0
1489238757.177181721 -0.349826157 -0.174442828 0 0 0 0 0
1489238757.218252182 -0.410427183 0.043890834 0 0 0 0 0
1489238757.259630919 -0.481860727 0.061466217 0 0 0 0 0
1489238757.259660482 -0.412079871 0.030319119 0 0 0 0 0
1489238757.300379038 -0.436894029 0.124166511 0 0 0 0 0
1489238757.341518164 -0.426812947 -0.136698335 0 0 0 0 0
1489238757.382279634 -0.489202410 0.284492314 0 0 0 0 0
1489238757.423307657 -0.428889364 0.062479436 0 0 0 0 0
1489238757.464473009 -0.378266603 -0.196270838 0 0 0 0 0
1489238757.505472422 -0.439167410 0.181425691 0 0 0 0 0
1489238757.546234608 -0.348459423 0.184799224 0 0 0 0 0
1489238757.587326050 -0.409868419 -0.171083689 0 0 0 0 0
1489238757.628422976 -0.414616168 -0.025963316 0 0 0 0 0
1489238757.669512987 -0.426998049 0.260885388 0 0 0 0 0
1489238757.710435629 -0.498065770 -0.113761023 0 0 0 0 0
1489238757.710463524 -0.458347380 -0.040714588 0 0 0 0 0
1489238757.751305819 -0.483556569 0.142963529 0 0 0 0 0
1489238757.792325020 -0.409669966 0.075656831 0 0 0 0 0
1489238757.835732937 -0.405755848 -0.210908920 0 0 0 0 0
1489238757.874409676 -0.457468033 0.305601716 0 0 0 0 0
1489238757.915319443 -0.525339484 0.237226963 0 0 0 0 0
1489238757.956463099 -0.423246533 -0.275338680 0 0 0 0 0
1489238757.997271776 -0.437949896 0.118556380 0 0 0 0 0
1489238758.038385868 -0.492313206 0.228307277 0 0 0 0 0
1489238758.079247952 -0.478124917 -0.064404704 0 0 0 0 0
1489238758.079265118 -0.475150436 -0.105323151 0 0 0 0 0
1489238758.124638081 -0.480781496 0.433766693 0 0 0 0 0
1489238758.161307812 -0.517705202 -0.004096532 0 0 0 0 0
1489238758.202306509 -0.505376160 -0.262690246 0 0 0 0 0
1489238758.243122816 -0.527454257 0.481572926 0 0 0 0 0
1489238758.284506559 -0.541858017 0.115463875 0 0 0 0 0
1489238758.325293779 -0.521855831 -0.454052985 0 0 0 0 0
1489238758.366686344 -0.456407636 0.448056310 0 0 0 0 0
1489238758.407590389 -0.468162060 0.164301425 0 0 0 0 0
1489238758.448273420 -0.420649588 -0.343804210 0 0 0 0 0
1489238758.489341736 -0.441983312 0.385929734 0 0 0 0 0
1489238758.489377975 -0.492930651 0.275832236 0 0 0 0 0
1489238758.530153751 -0.471144140 -0.326078504 0 0 0 0 0
1489238758.575577021 -0.422891468 0.053193748 0 0 0 0 0
1489238758.612268448 -0.432803541 0.188142195 0 0 0 0 0
1489238758.737553358 -0.448708385 0.130060449 0 0 0 0 0
1489238758.776426554 -0.447594166 0.125112787 0 0 0 0 0
1489238758.817302942 -0.435665309 -0.150490448 0 0 0 0 0
1489238758.858314276 -0.467801809 0.129139408 0 0 0 0 0
1489238758.899187565 -0.441294670 0.113925181 0 0 0 0 0
1489238758.899203062 -0.402738422 -0.020477172 0 0 0 0 0
1489238758.940192938 -0.522608280 0.102089070 0 0 0 0 0
1489238758.981175900 -0.425392956 -0.097325839 0 0 0 0 0
1489238759.026200056 -0.482818037 0.144864097 0 0 0 0 0
1489238759.063350439 -0.446091950 0.195068270 0 0 0 0 0
1489238759.104861975 -0.495997608 -0.275597602 0 0 0 0 0
1489238759.145256281 -0.491636604 0.249919802 0 0 0 0 0
1489238759.186414242 -0.491263479 0.127927303 0 0 0 0 0
1489238759.227163315 -0.492406279 -0.257377446 0 0 0 0 0
1489238759.268726587 -0.425778151 0.139766604 0 0 0 0 0
1489238759.309253931 -0.481685162 0.091347381 0 0 0 0 0
1489238759.313371658 -0.478852123 0.063843742 0 0 0 0 0
1489238759.350272894 -0.471648544 -0.100782298 0 0 0 0 0
1489238759.391459703 -0.393891931 0.213384598 0 0 0 0 0
1489238759.432271719 -0.393026590 0.190214947 0 0 0 0 0
1489238759.477269888 -0.435034901 -0.230375201 0 0 0 0 0
1489238759.514187813 -0.412400961 0.205418631 0 0 0 0 0
1489238759.555294991 -0.448962033 0.168153286 0 0 0 0 0
1489238759.596535683 -0.434708178 -0.184498802 0 0 0 0 0
1489238759.637073517 -0.392838657 0.163822889 0 0 0 0 0
1489238759.678352833 -0.412857592 0.095333949 0 0 0 0 0
1489238759.719152689 -0.505964518 -0.002996911 0 0 0 0 0
1489238759.719187260 -0.411689430 -0.054603387 0 0 0 0 0
1489238759.764341354 -0.401356161 -0.059213847 0 0 0 0 0
1489238759.801244974 -0.454698980 0.184914514 0 0 0 0 0
1489238759.842244387 -0.425129026 0.049180292 0 0 0 0 0
1489238759.883262634 -0.464266300 -0.196744591 0 0 0 0 0
1489238759.928526402 -0.399971604 0.513494849 0 0 0 0 0
1489238759.965197802 -0.456501186 -0.076491557 0 0 0 0 0
1489238760.006260633 -0.484458059 -0.435957342 0 0 0 0 0
1489238760.047385454 -0.405448526 0.532255709 0 0 0 0 0
1489238760.088205814 -0.448817313 -0.099139139 0 0 0 0 0
1489238760.129228115 -0.463909775 -0.183545619 0 0 0 0 0
1489238760.129251242 -0.450922906 0.173989654 0 0 0 0 0
1489238760.170254946 -0.492294610 0.134570286 0 0 0 0 0
1489238760.215515852 -0.463314116 -0.238457680 0 0 0 0 0
1489238760.252081871 -0.418840408 -0.006763297 0 0 0 0 0
1489238760.293104410 -0.478906304 0.193287268 0 0 0 0 0
1489238760.334035635 -0.432528734 -0.248941138 0 0 0 0 0
1489238760.379259109 -0.461168468 0.358808339 0 0 0 0 0
1489238760.416312933 -0.428271592 -0.225647762 0 0 0 0 0
1489238760.457188845 -0.426885366 -0.011413425 0 0 0 0 0
1489238760.498454571 -0.439724296 0.150520280 0 0 0 0 0
1489238760.539267063 -0.429075897 -0.141607180 0 0 0 0 0
1489238760.580264568 -0.425059974 0.067280009 0 0 0 0 0
1489238760.580294847 -0.428322464 0.033644058 0 0 0 0 0
1489238760.621218204 -0.382676721 -0.138619021 0 0 0 0 0
1489238760.705101013 -0.389227688 -0.090730622 0 0 0 0 0
1489238760.705133200 -0.280962646 -0.037856132 0 0 0 0 0
1489238760.744304419 -0.377703607 0.108056232 0 0 0 0 0
1489238760.785404444 -0.402662218 -0.046616841 0 0 0 0 0
1489238760.826225281 -0.424128592 -0.108997881 0 0 0 0 0
1489238760.867394924 -0.429368556 0.149800226 0 0 0 0 0
1489238760.908390284 -0.422782600 -0.059937615 0 0 0 0 0
1489238760.949231625 -0.401878983 -0.128453285 0 0 0 0 0
1489238760.990375996 -0.361066163 0.203864738 0 0 0 0 0
1489238760.990407228 -0.446826935 -0.068103552 0 0 0 0 0
1489238761.031284571 -0.394115597 -0.196336046 0 0 0 0 0
1489238761.072131157 -0.432370603 0.332343012 0 0 0 0 0
1489238761.117538929 -0.401719391 -0.113650560 0 0 0 0 0
1489238761.154255390 -0.404824644 -0.134794623 0 0 0 0 0
1489238761.195168734 -0.361829489 0.127787381 0 0 0 0 0
1489238761.236416101 -0.305302739 0.015603040 0 0 0 0 0
1489238761.277196646 -0.411295027 0.048710428 0 0 0 0 0
1489238761.318236351 -0.463361204 -0.004028558 0 0 0 0 0
1489238761.359189749 -0.371584475 -0.005501802 0 0 0 0 0
1489238761.400629997 -0.431906044 0.154808000 0 0 0 0 0
1489238761.441432953 -0.400442272 -0.143823832 0 0 0 0 0
1489238761.441467524 -0.396588117 -0.010837270 0 0 0 0 0
1489238761.482314825 -0.335549742 0.292817086 0 0 0 0 0
1489238761.523496628 -0.303836048 -0.277603686 0 0 0 0 0
1489238761.568579912 -0.345005155 -0.100526288 0 0 0 0 0
1489238761.605218410 -0.248431846 0.223368049 0 0 0 0 0
1489238761.646187067 -0.266212404 -0.103733435 0 0 0 0 0
1489238761.687509775 -0.264661312 -0.052042954 0 0 0 0 0
1489238761.731912851 -0.258866459 -0.043392073 0 0 0 0 0
1489238761.769331694 -0.224365920 0.238646001 0 0 0 0 0
1489238761.810275555 -0.209129289 -0.226861745 0 0 0 0 0
1489238761.851371527 -0.226096034 -0.094950259 0 0 0 0 0
1489238761.892270803 -0.258390844 0.335866213 0 0 0 0 0
1489238761.892286777 -0.189872473 -0.152902573 0 0 0 0 0
1489238761.933457613 -0.266695976 -0.147185922 0 0 0 0 0
1489238761.974338293 -0.128852174 0.243558452 0 0 0 0 0
1489238762.019638300 -0.178365991 -0.102511272 0 0 0 0 0
1489238762.056206226 -0.196806774 -0.100986265 0 0 0 0 0
1489238762.097066402 -0.141795859 -0.016605919 0 0 0 0 0
1489238762.138307095 -0.175041258 0.102380022 0 0 0 0 0
1489238762.179097414 -0.112574950 -0.176264644 0 0 0 0 0
1489238762.220217466 -0.120334864 -0.139338166 0 0 0 0 0
1489238762.261207104 -0.085043088 0.143462792 0 0 0 0 0
1489238762.302369595 -0.093614824 -0.184245035 0 0 0 0 0
1489238762.306548357 -0.047989745 -0.249176234 0 0 0 0 0
1489238762.343245983 -0.075478375 0.069240801 0 0 0 0 0
1489238762.384449005 -0.015197513 -0.114366844 0 0 0 0 0
1489238762.425279379 -0.056166947 -0.240066096 0 0 0 0 0
1489238762.470409870 -0.034014251 -0.001928094 0 0 0 0 0
1489238762.507349730 -0.034697033 -0.040957272 0 0 0 0 0
1489238762.548227310 -0.030111575 -0.369126320 0 0 0 0 0
1489238762.589464188 -0.052609462 -0.020381194 0 0 0 0 0
1489238762.631356955 -0.033049680 -0.125097647 0 0 0 0 0
1489238762.671281099 -0.063844115 -0.266283721 0 0 0 0 0
1489238762.712211370 -0.033337552 -0.262008429 0 0 0 0 0
1489238762.753375530 -0.047451861 -0.078882135 0 0 0 0 0
1489238762.757622004 0.010933956 -0.409308374 0 0 0 0 0
1489238762.794283867 -0.034977254 -0.298653454 0 0 0 0 0
1489238762.835354090 -0.070715442 -0.144058183 0 0 0 0 0
1489238762.876310825 -0.026566315 -0.357199967 0 0 0 0 0
1489238762.921596289 -0.045942176 -0.401554018 0 0 0 0 0
1489238762.958245993 -0.009886864 -0.219215274 0 0 0 0 0
1489238762.999423027 0.005252764 -0.272280127 0 0 0 0 0
1489238763.040594339 -0.009851937 -0.268550009 0 0 0 0 0
1489238763.081321955 -0.017116716 -0.392233431 0 0 0 0 0
1489238763.122368336 0.025374761 -0.196792036 0 0 0 0 0
1489238763.163270235 -0.030520672 -0.502278149 0 0 0 0 0
1489238763.163288593 0.004135531 -0.572763503 0 0 0 0 0
1489238763.208748817 -0.053693037 -0.314398736 0 0 0 0 0
1489238763.245239258 0.018796356 -0.349079520 0 0 0 0 0
1489238763.286417961 -0.018630605 -0.553669274 0 0 0 0 0
1489238763.327315331 -0.061349690 -0.393043518 0 0 0 0 0
1489238763.372560978 0.001897982 -0.328433335 0 0 0 0 0
1489238763.409214258 -0.025000319 -0.575481415 0 0 0 0 0
1489238763.450172663 -0.011769423 -0.358948678 0 0 0 0 0
1489238763.491159678 0.010555131 -0.422391176 0 0 0 0 0
1489238763.532272577 0.010704291 -0.297469914 0 0 0 0 0
1489238763.573127985 -0.067065611 -0.532292247 0 0 0 0 0
1489238763.573217392 0.008287488 -0.305060446 0 0 0 0 0
1489238763.614406586 -0.017740207 -0.319114745 0 0 0 0 0
1489238763.701473236 -0.007757152 -0.540047228 0 0 0 0 0
1489238763.701526880 -0.000356943 -0.356128722 0 0 0 0 0
1489238763.737326384 -0.014157730 -0.310335547 0 0 0 0 0
1489238763.778325558 -0.021620160 -0.425680935 0 0 0 0 0
1489238763.823652983 0.007937921 -0.374332607 0 0 0 0 0
1489238763.860170364 -0.001498181 -0.286213815 0 0 0 0 0
1489238763.901394606 -0.009185323 -0.550173044 0 0 0 0 0
1489238763.942330360 -0.044212017 -0.216297582 0 0 0 0 0
1489238763.983416796 -0.003103776 -0.306423485 0 0 0 0 0
1489238764.024423599 -0.027369995 -0.481729686 0 0 0 0 0
1489238764.065454483 0.008528447 -0.278488904 0 0 0 0 0
1489238764.106276989 -0.028137678 -0.370430797 0 0 0 0 0
1489238764.147149086 -0.011805712 -0.411790997 0 0 0 0 0
1489238764.147164822 -0.004187279 -0.255916297 0 0 0 0 0
1489238764.188194752 -0.004041024 -0.349392831 0 0 0 0 0
1489238764.229531765 -0.087790191 -0.482908398 0 0 0 0 0
1489238764.274678946 -0.031428516 -0.319497228 0 0 0 0 0
1489238764.311332226 -0.009022512 -0.495831102 0 0 0 0 0
1489238764.352365017 -0.049100373 -0.372771323 0 0 0 0 0
1489238764.397495270 -0.012663228 -0.302388728 0 0 0 0 0
1489238764.434296370 -0.007084234 -0.449454397 0 0 0 0 0
1489238764.475161791 -0.045740649 -0.385018319 0 0 0 0 0
1489238764.516294718 -0.102129042 -0.303913534 0 0 0 0 0
1489238764.598418713 -0.051097024 -0.464719146 0 0 0 0 0
1489238764.598592758 -0.043514092 -0.113925554 0 0 0 0 0
1489238764.639297962 -0.075891569 -0.553521752 0 0 0 0 0
1489238764.680079937 -0.102868274 -0.325453460 0 0 0 0 0
1489238764.725533485 -0.047600307 -0.258061498 0 0 0 0 0
1489238764.762710810 -0.055093370 -0.504177272 0 0 0 0 0
1489238764.803271770 -0.095896646 -0.221945167 0 0 0 0 0
1489238764.848530531 -0.059483957 -0.367596060 0 0 0 0 0
1489238764.885402679 -0.081249222 -0.325722516 0 0 0 0 0
1489238764.926210403 -0.101667978 -0.535891414 0 0 0 0 0
1489238764.967609644 -0.099153996 -0.155659184 0 0 0 0 0
1489238765.012454748 -0.068219706 -0.406610727 0 0 0 0 0
1489238765.049153328 -0.096310467 -0.477627903 0 0 0 0 0
1489238765.131399393 -0.113709927 -0.290683955 0 0 0 0 0
1489238765.172671080 -0.115339197 -0.306596041 0 0 0 0 0
1489238765.213196039 -0.103576839 -0.463044405 0 0 0 0 0
1489238765.254357815 -0.089316763 -0.223835111 0 0 0 0 0
1489238765.295279264 -0.110686719 -0.417246521 0 0 0 0 0
1489238765.336338043 -0.118514396 -0.368422091 0 0 0 0 0
1489238765.377169609 -0.081800565 -0.284120589 0 0 0 0 0
1489238765.418206930 -0.091981933 -0.293715805 0 0 0 0 0
1489238765.463432074 -0.054045677 -0.345178664 0 0 0 0 0
1489238765.666305065 -0.044025026 -0.213715076 0 0 0 0 0
1489238765.666321278 -0.025902141 -0.283094347 0 0 0 0 0
1489238765.750381470 -0.057450671 -0.253833920 0 0 0 0 0
1489238765.828125000 -0.033549096 -0.354288280 0 0 0 0 0
1489238765.869247437 -0.055355418 -0.361996591 0 0 0 0 0
1489238765.914470196 -0.030151347 -0.238369867 0 0 0 0 0
1489238765.951295853 -0.017758656 -0.297835737 0 0 0 0 0
1489238765.992348671 0.003219287 -0.504120946 0 0 0 0 0
1489238766.074304581 -0.004360716 -0.338461459 0 0 0 0 0
1489238766.115230322 -0.004691788 -0.390120924 0 0 0 0 0
1489238766.156407595 -0.014112013 -0.530545115 0 0 0 0 0
1489238766.197254419 -0.011543904 -0.445366770 0 0 0 0 0
1489238766.238313198 -0.058094811 -0.310808748 0 0 0 0 0
1489238766.320261002 -0.004709387 -0.494146168 0 0 0 0 0
1489238766.361126184 -0.005324629 -0.331538886 0 0 0 0 0
1489238766.402297974 -0.038502812 -0.360846758 0 0 0 0 0
1489238766.443231106 -0.008809516 -0.649263024 0 0 0 0 0
1489238766.525218964 -0.021403611 -0.209217995 0 0 0 0 0
1489238766.566298008 -0.013023215 -0.619084179 0 0 0 0 0
1489238766.607197762 -0.020567494 -0.334281921 0 0 0 0 0
1489238766.692937851 -0.015824242 -0.514284968 0 0 0 0 0
1489238766.692951202 -0.025713224 -0.424353659 0 0 0 0 0
1489238766.771135092 -0.042613246 -0.475065649 0 0 0 0 0
1489238766.816547632 -0.025044262 -0.443195254 0 0 0 0 0
1489238766.853301764 -0.010230407 -0.490088940 0 0 0 0 0
1489238766.935506821 -0.008539516 -0.496078879 0 0 0 0 0
1489238766.976270437 -0.006513520 -0.527339160 0 0 0 0 0
1489238767.017347813 -0.009081441 -0.332991064 0 0 0 0 0
1489238767.058335781 -0.002911922 -0.694480658 0 0 0 0 0
1489238767.140335083 -0.004851073 -0.272700608 0 0 0 0 0
1489238767.181332350 -0.024890598 -0.712344289 0 0 0 0 0
1489238767.222148895 -0.014070240 -0.050492030 0 0 0 0 0
1489238767.304341316 -0.020013425 -0.902101696 0 0 0 0 0
1489238767.345216513 -0.026682958 -0.163517863 0 0 0 0 0
1489238767.386149168 -0.006764809 -0.454831034 0 0 0 0 0
1489238767.468436718 -0.003983304 -0.588771701 0 0 0 0 0
1489238767.509444237 -0.001471861 -0.277664602 0 0 0 0 0
1489238767.554411650 -0.011827257 -0.613694191 0 0 0 0 0
1489238767.632234573 -0.022260766 -0.246154472 0 0 0 0 0
1489238767.673308611 -0.030508503 -0.499097168 0 0 0 0 0
1489238767.759448528 -0.013459178 -0.472181976 0 0 0 0 0
1489238767.796226501 -0.035708878 -0.366308063 0 0 0 0 0
1489238767.837339640 -0.024220720 -0.433265448 0 0 0 0 0
1489238767.919150352 -0.021857481 -0.419680655 0 0 0 0 0
1489238767.961221933 -0.010973143 -0.410458952 0 0 0 0 0
1489238768.042238235 0.049814411 -0.368292183 0 0 0 0 0
1489238768.083213329 0.002241586 -0.356749117 0 0 0 0 0
1489238768.165112257 0.007939171 -0.334033221 0 0 0 0 0
1489238768.206273556 -0.027044117 -0.447086424 0 0 0 0 0
1489238768.288336754 -0.015036707 -0.305829138 0 0 0 0 0
1489238768.329411507 -0.031335663 -0.442287534 0 0 0 0 0
1489238768.411186457 -0.014691355 -0.323863894 0 0 0 0 0
1489238768.493338585 -0.021666477 -0.378557146 0 0 0 0 0
1489238768.534489870 0.002407389 -0.336185515 0 0 0 0 0
1489238768.616211414 0.019571736 -0.496091753 0 0 0 0 0
1489238768.657592535 0.018536769 -0.367489755 0 0 0 0 0
1489238768.739490271 -0.023055894 -0.313571990 0 0 0 0 0
1489238768.821199417 0.015422598 -0.395710438 0 0 0 0 0
1489238768.862191677 -0.013104906 -0.356133103 0 0 0 0 0
1489238768.944252729 0.020144118 -0.244929835 0 0 0 0 0
1489238768.985405445 0.028346762 -0.350405246 0 0 0 0 0
1489238769.072942734 0.017674197 -0.318456709 0 0 0 0 0
1489238769.108336687 0.016586358 -0.218041062 0 0 0 0 0
1489238769.190576553 0.006794459 -0.297263235 0 0 0 0 0
1489238769.272235870 0.005123382 -0.298928291 0 0 0 0 0
1489238769.313128710 0.016048148 -0.394768238 0 0 0 0 0
1489238769.395068884 0.048803128 -0.241448998 0 0 0 0 0
1489238769.436339140 -0.000693236 -0.386327803 0 0 0 0 0
1489238769.522358656 0.021394519 -0.184606671 0 0 0 0 0
1489238769.600449085 0.033178009 -0.319549918 0 0 0 0 0
1489238769.641365290 0.000152043 -0.185130596 0 0 0 0 0
1489238769.723312378 0.013150945 -0.253594071 0 0 0 0 0
1489238769.764096260 -0.010400465 -0.232378155 0 0 0 0 0
1489238769.846152544 0.000663114 -0.268555075 0 0 0 0 0
1489238769.928141832 -0.002766964 -0.187042296 0 0 0 0 0
1489238769.973460436 -0.029595697 -0.271388412 0 0 0 0 0
1489238770.051304817 0.006886299 -0.227756694 0 0 0 0 0
1489238770.092436552 -0.014333611 -0.102222897 0 0 0 0 0
1489238770.174407482 -0.031512458 -0.164418623 0 0 0 0 0
1489238770.297209740 -0.011931066 -0.106629446 0 0 0 0 0
1489238770.379201174 -0.011421176 -0.004734240 0 0 0 0 0
1489238770.425138235 -0.020498186 -0.094203547 0 0 0 0 0
1489238770.502397060 -0.002788424 0.073256686 0 0 0 0 0
1489238770.547463894 -0.029152548 -0.052413393 0 0 0 0 0
1489238770.626617432 -0.015768718 0.118263945 0 0 0 0 0
1489238770.707324743 -0.007499393 -0.091956832 0 0 0 0 0
1489238770.749892473 -0.020095812 0.082408361 0 0 0 0 0
1489238770.830138206 -0.015361331 -0.073263392 0 0 0 0 0
1489238770.875460148 -0.017759338 0.069037125 0 0 0 0 0
1489238770.953303099 -0.026811758 -0.005917437 0 0 0 0 0
1489238771.035393953 -0.014984814 0.026788631 0 0 0 0 0
1489238771.076254368 -0.020508591 -0.004753290 0 0 0 0 0
1489238771.158258438 -0.025626630 0.015005395 0 0 0 0 0
1489238771.199120045 -0.015377259 0.019714963 0 0 0 0 0
1489238771.281255007 -0.009070413 0.013417761 0 0 0 0 0
1489238771.363306522 -0.012216585 0.011410524 0 0 0 0 0
1489238771.404329062 -0.012599545 0.012991431 0 0 0 0 0
1489238771.486139536 -0.016580120 0.018544827 0 0 0 0 0
1489238771.527187586 -0.020114157 -0.005899471 0 0 0 0 0
1489238771.609059095 -0.016956294 0.019722020 0 0 0 0 0
1489238771.691132069 -0.018538356 -0.011439165 0 0 0 0 0
1489238771.732347727 -0.022483418 0.028400835 0 0 0 0 0
1489238771.816586018 -0.010260073 0.007096951 0 0 0 0 0
1489238771.855211735 -0.015780564 0.020920336 0 0 0 0 0
1489238771.937335253 -0.015380013 0.000775017 0 0 0 0 0
1489238772.021608353 -0.020494323 0.024042521 0 0 0 0 0
1489238772.064384937 -0.015786966 0.011036681 0 0 0 0 0
1489238772.142109394 -0.025235657 0.011448700 0 0 0 0 0
1489238772.183218718 -0.010633525 0.002373522 0 0 0 0 0
1489238772.265398026 -0.032311149 0.014193716 0 0 0 0 0
1489238772.306378126 -0.011835533 0.009849784 0 0 0 0 0
1489238772.388402939 -0.025613859 0.006692962 0 0 0 0 0
1489238772.470262766 -0.020115824 0.023674134 0 0 0 0 0
1489238772.515464306 -0.019716939 -0.001168501 0 0 0 0 0
1489238772.593250751 -0.008275459 0.016552124 0 0 0 0 0
1489238772.634306431 -0.020524589 -0.004749992 0 0 0 0 0
1489238772.716181517 -0.019337511 0.019325312 0 0 0 0 0
