# text file for ../bag/pxxytime_2017-03-11-21-32-25.bag
# format: time stamp x y z qx qy qz qw
1489239145.971649170 0.002368289 0.003974887 0 0 0 0 0
1489239145.971673727 -0.004754221 -0.020984421 0 0 0 0 0
1489239145.971716166 0.009054378 0.000370314 0 0 0 0 0
1489239145.971723795 -0.008322467 -0.015783634 0 0 0 0 0
1489239145.973146439 -0.003915000 0.010944611 0 0 0 0 0
1489239145.973180532 0.006709294 -0.015023835 0 0 0 0 0
1489239145.976942062 -0.010482495 0.005598752 0 0 0 0 0
1489239145.976992607 -0.014685166 0.000782698 0 0 0 0 0
1489239145.981878519 -0.014272029 0.002384992 0 0 0 0 0
1489239145.981899500 0.016658084 -0.014665961 0 0 0 0 0
1489239145.981905222 -0.002986957 0.002836096 0 0 0 0 0
1489239146.018634558 0.007119739 -0.003548387 0 0 0 0 0
1489239146.018649578 -0.019434037 -0.003160308 0 0 0 0 0
1489239146.060830116 -0.001981406 -0.004740964 0 0 0 0 0
1489239146.060908318 -0.002773974 0.030919064 0 0 0 0 0
1489239146.065339565 -0.004366412 -0.002778847 0 0 0 0 0
1489239146.065547228 -0.001867666 -0.010960091 0 0 0 0 0
1489239146.069961071 -0.003559047 0.009910157 0 0 0 0 0
1489239146.069981337 0.010276822 -0.017108714 0 0 0 0 0
1489239146.141711712 -0.004367744 0.015070280 0 0 0 0 0
1489239146.182732821 -0.001834595 -0.014358376 0 0 0 0 0
1489239146.264714956 -0.008326586 0.002379188 0 0 0 0 0
1489239146.309880972 -0.000238955 -0.022353422 0 0 0 0 0
1489239146.387587547 -0.005947468 0.014657040 0 0 0 0 0
1489239146.469554663 -0.002767558 -0.019420180 0 0 0 0 0
1489239146.510501623 -0.003163196 -0.028677067 0 0 0 0 0
1489239146.592590094 -0.013064598 0.023373075 0 0 0 0 0
1489239146.633589029 -0.010313086 -0.002386304 0 0 0 0 0
1489239146.715596676 0.006974748 -0.014568438 0 0 0 0 0
1489239146.799292326 -0.002333073 -0.002410445 0 0 0 0 0
1489239146.838710785 0.006334208 0.002480507 0 0 0 0 0
1489239146.920400858 0.015041307 -0.077352889 0 0 0 0 0
1489239146.961329937 0.011255896 0.117488861 0 0 0 0 0
1489239147.043908834 0.011905828 -0.106202282 0 0 0 0 0
1489239147.084590197 0.019027833 0.082068145 0 0 0 0 0
1489239147.168837070 0.018688068 -0.077769063 0 0 0 0 0
1489239147.212003469 -0.008326972 0.031722318 0 0 0 0 0
1489239147.289613485 0.007861461 -0.038478840 0 0 0 0 0
1489239147.371674538 -0.006868963 0.032237373 0 0 0 0 0
1489239147.412826538 0.014678861 -0.045708638 0 0 0 0 0
1489239147.494514704 0.016249662 0.074463531 0 0 0 0 0
1489239147.535596609 0.027316580 0.020401567 0 0 0 0 0
1489239147.617456675 0.025361914 0.104363084 0 0 0 0 0
1489239147.662672520 -0.013067648 0.104815885 0 0 0 0 0
1489239147.740757704 0.019630492 0.130590871 0 0 0 0 0
1489239147.825090885 0.074393965 0.149446771 0 0 0 0 0
1489239147.865552902 0.078818239 0.048590217 0 0 0 0 0
1489239147.945590734 0.100275233 0.116663039 0 0 0 0 0
1489239147.988119602 0.128228635 -0.102642477 0 0 0 0 0
1489239148.068437815 0.097445205 0.215515882 0 0 0 0 0
1489239148.113807440 0.107862011 0.048924901 0 0 0 0 0
1489239148.191504955 0.091413520 0.213930875 0 0 0 0 0
1489239148.232587814 0.096216284 0.174494103 0 0 0 0 0
1489239148.314514399 0.132073343 0.216297746 0 0 0 0 0
1489239148.355634928 0.127580404 0.149193153 0 0 0 0 0
1489239148.437726259 0.156971484 0.207620114 0 0 0 0 0
1489239148.478577137 0.139657527 0.258076727 0 0 0 0 0
1489239148.519614220 0.142047137 0.259217411 0 0 0 0 0
1489239148.601513624 0.148340523 0.284574896 0 0 0 0 0
1489239148.642516613 0.162320465 0.204393581 0 0 0 0 0
1489239148.724532604 0.168737799 0.309898078 0 0 0 0 0
1489239148.765491724 0.122979619 0.314878881 0 0 0 0 0
1489239148.847605467 0.145303026 0.256556332 0 0 0 0 0
1489239148.891847372 0.176938891 0.209450886 0 0 0 0 0
1489239148.970461369 0.161487907 0.298473269 0 0 0 0 0
1489239149.015890360 0.168309420 0.257633626 0 0 0 0 0
1489239149.093591213 0.197207749 0.273628891 0 0 0 0 0
1489239149.134873152 0.169665068 0.300543696 0 0 0 0 0
1489239149.175643921 0.165306509 0.199060977 0 0 0 0 0
1489239149.257515430 0.179197669 0.322207153 0 0 0 0 0
1489239149.302930355 0.180783525 0.296471238 0 0 0 0 0
1489239149.380735159 0.177399680 0.277804852 0 0 0 0 0
1489239149.421615601 0.147221804 0.303788543 0 0 0 0 0
1489239149.466740370 0.151913241 0.322836846 0 0 0 0 0
1489239149.544399261 0.181570977 0.169040963 0 0 0 0 0
1489239149.585422754 0.162403330 0.311567515 0 0 0 0 0
1489239149.667510271 0.156220049 0.248308942 0 0 0 0 0
1489239149.708584070 0.147981942 0.266078264 0 0 0 0 0
1489239149.753730536 0.135948211 0.211212248 0 0 0 0 0
1489239149.831743002 0.160304070 0.322490633 0 0 0 0 0
1489239149.872652531 0.189534262 0.179830670 0 0 0 0 0
1489239149.917703867 0.164626434 0.279172421 0 0 0 0 0
1489239149.995483160 0.177321076 0.313473612 0 0 0 0 0
1489239150.036533594 0.175167188 0.119336128 0 0 0 0 0
1489239150.077696085 0.150552005 0.308526248 0 0 0 0 0
1489239150.118570805 0.185020775 0.231916934 0 0 0 0 0
1489239150.200772762 0.215964198 0.177602440 0 0 0 0 0
1489239150.241704226 0.164173201 0.391520798 0 0 0 0 0
1489239150.406365395 0.177371383 0.322816521 0 0 0 0 0
1489239150.446915865 0.185622424 0.327398896 0 0 0 0 0
1489239150.488029242 0.235029027 0.268607795 0 0 0 0 0
1489239150.528676510 0.177150324 0.307931900 0 0 0 0 0
1489239150.569691658 0.180446118 0.357428521 0 0 0 0 0
1489239150.651431799 0.203716591 0.303038895 0 0 0 0 0
1489239150.692570686 0.211025640 0.304439455 0 0 0 0 0
1489239150.733542204 0.203934580 0.321581364 0 0 0 0 0
1489239150.774654627 0.185654670 0.380900860 0 0 0 0 0
1489239150.857527971 0.243369311 0.260028750 0 0 0 0 0
1489239150.857568264 0.220919967 0.322053641 0 0 0 0 0
1489239150.897712469 0.155975387 0.422264397 0 0 0 0 0
1489239150.979805470 0.236024141 0.249573141 0 0 0 0 0
1489239151.020369768 0.192279547 0.338430583 0 0 0 0 0
1489239151.061742544 0.185685366 0.313530028 0 0 0 0 0
1489239151.102614164 0.185508639 0.396224797 0 0 0 0 0
1489239151.143362045 0.225324079 0.283306539 0 0 0 0 0
1489239151.184633970 0.163809627 0.339456558 0 0 0 0 0
1489239151.225644350 0.205404788 0.284424961 0 0 0 0 0
1489239151.267107964 0.156107739 0.349466503 0 0 0 0 0
1489239151.307660818 0.188156307 0.226542711 0 0 0 0 0
1489239151.348512411 0.176226348 0.356095135 0 0 0 0 0
1489239151.393867970 0.147696406 0.288702786 0 0 0 0 0
1489239151.471773624 0.153690040 0.214971751 0 0 0 0 0
1489239151.512643099 0.142975718 0.298884451 0 0 0 0 0
1489239151.553523779 0.128367856 0.254853636 0 0 0 0 0
1489239151.594657898 0.142920390 0.315035641 0 0 0 0 0
1489239151.635624647 0.147724435 0.273422360 0 0 0 0 0
1489239151.676690102 0.132020250 0.294855446 0 0 0 0 0
1489239151.717591286 0.126929328 0.276928246 0 0 0 0 0
1489239151.758683443 0.151119009 0.225605339 0 0 0 0 0
1489239151.799553156 0.118877605 0.294673979 0 0 0 0 0
1489239151.840760231 0.114299156 0.361222029 0 0 0 0 0
1489239151.883901834 0.169763952 0.184118807 0 0 0 0 0
1489239151.922535658 0.127563089 0.375661373 0 0 0 0 0
1489239151.963351965 0.162430346 0.339290440 0 0 0 0 0
1489239152.008850813 0.160951272 0.151637942 0 0 0 0 0
1489239152.045443058 0.169424489 0.388581067 0 0 0 0 0
1489239152.086630344 0.103405081 0.223099068 0 0 0 0 0
1489239152.127713442 0.127218947 0.162396818 0 0 0 0 0
1489239152.168658972 0.088217951 0.183927864 0 0 0 0 0
1489239152.209697485 0.063953541 0.432534069 0 0 0 0 0
1489239152.250605106 0.165724799 0.081495881 0 0 0 0 0
1489239152.291837454 0.141485572 0.297542989 0 0 0 0 0
1489239152.295974016 0.120177008 0.346691102 0 0 0 0 0
1489239152.332573891 0.167194426 0.091084599 0 0 0 0 0
1489239152.373529196 0.105437078 0.283150226 0 0 0 0 0
1489239152.414748430 0.174595177 0.260289490 0 0 0 0 0
1489239152.459996700 0.135155156 0.299769700 0 0 0 0 0
1489239152.496547937 0.109852709 0.334397525 0 0 0 0 0
1489239152.537503958 0.113673113 0.136593550 0 0 0 0 0
1489239152.578710556 0.087290913 0.239725307 0 0 0 0 0
1489239152.619570017 0.148923934 0.392059565 0 0 0 0 0
1489239152.660516500 0.178897172 0.131890327 0 0 0 0 0
1489239152.701805830 0.080402285 0.369175166 0 0 0 0 0
1489239152.701822519 0.166725069 0.110709384 0 0 0 0 0
1489239152.746717691 0.184794337 0.304373920 0 0 0 0 0
1489239152.783650637 0.064583808 0.330386847 0 0 0 0 0
1489239152.824646711 0.122325502 0.256429851 0 0 0 0 0
1489239152.865506172 0.119205020 0.362367749 0 0 0 0 0
1489239152.910865784 0.178412914 0.238263890 0 0 0 0 0
1489239152.947448969 0.172075540 0.359118313 0 0 0 0 0
1489239152.988484621 0.202773809 0.306143790 0 0 0 0 0
1489239153.029549122 0.162725374 0.215313464 0 0 0 0 0
1489239153.070816994 0.175784737 0.339617252 0 0 0 0 0
1489239153.111851692 0.203289226 0.193544075 0 0 0 0 0
1489239153.111881256 0.147159562 0.327784777 0 0 0 0 0
1489239153.152426481 0.143314987 0.412842751 0 0 0 0 0
1489239153.197763681 0.142058611 0.291398108 0 0 0 0 0
1489239153.234782934 0.140948743 0.237480998 0 0 0 0 0
1489239153.275665522 0.083902024 0.405785233 0 0 0 0 0
1489239153.316695929 0.058124591 0.517205358 0 0 0 0 0
1489239153.361894846 0.222255588 0.015108859 0 0 0 0 0
1489239153.398628473 0.130997494 0.344810694 0 0 0 0 0
1489239153.439678907 0.218137503 0.433421612 0 0 0 0 0
1489239153.480643511 0.111222088 0.174506426 0 0 0 0 0
1489239153.521630287 0.198353201 0.283095658 0 0 0 0 0
1489239153.521650553 0.205441087 0.354296803 0 0 0 0 0
1489239153.562762022 0.196217135 0.268009424 0 0 0 0 0
1489239153.603840590 0.173776239 0.359616816 0 0 0 0 0
1489239153.648755312 0.151833504 0.283616602 0 0 0 0 0
1489239153.685422897 0.224097401 0.302901834 0 0 0 0 0
1489239153.726527929 0.180924416 0.284618527 0 0 0 0 0
1489239153.767693996 0.153379008 0.309592396 0 0 0 0 0
1489239153.851164103 0.186056137 0.399860561 0 0 0 0 0
1489239153.851286888 0.174222663 0.330290020 0 0 0 0 0
1489239153.890598297 0.151521981 0.248065993 0 0 0 0 0
1489239153.890615463 0.173198387 0.362426430 0 0 0 0 0
1489239153.935928106 0.134599864 0.168230936 0 0 0 0 0
1489239153.972504854 0.181128174 0.386430055 0 0 0 0 0
1489239154.013570070 0.128492802 0.229898661 0 0 0 0 0
1489239154.054661512 0.157207102 0.217133164 0 0 0 0 0
1489239154.099735498 0.120206654 0.254988641 0 0 0 0 0
1489239154.136758566 0.167340398 0.146099597 0 0 0 0 0
1489239154.177928448 0.155246511 0.395216584 0 0 0 0 0
1489239154.218469143 0.150352255 0.167195454 0 0 0 0 0
1489239154.259420633 0.125483602 0.391100705 0 0 0 0 0
1489239154.300665379 0.048325717 0.235956863 0 0 0 0 0
1489239154.300677299 0.189748868 0.220257521 0 0 0 0 0
1489239154.341656208 0.208073705 0.260871440 0 0 0 0 0
1489239154.382550478 0.164621264 0.466300398 0 0 0 0 0
1489239154.423646688 0.199276254 0.228167817 0 0 0 0 0
1489239154.464592934 0.209864333 0.129305556 0 0 0 0 0
1489239154.505874395 0.151469857 0.709716201 0 0 0 0 0
1489239154.546516180 0.189624995 0.190181851 0 0 0 0 0
1489239154.587455034 0.193820924 0.179126814 0 0 0 0 0
1489239154.628489971 0.104922950 0.435929209 0 0 0 0 0
1489239154.669576406 0.158043936 0.409013987 0 0 0 0 0
1489239154.710856199 0.178959161 0.148379862 0 0 0 0 0
1489239154.714869976 0.092392586 0.390673250 0 0 0 0 0
1489239154.751430511 0.116993263 0.530614495 0 0 0 0 0
1489239154.792637587 0.155385286 0.161488920 0 0 0 0 0
1489239154.833532333 0.171810433 0.129909903 0 0 0 0 0
1489239154.878355980 0.085608818 0.567924857 0 0 0 0 0
1489239154.915491343 0.228325769 0.239770442 0 0 0 0 0
1489239154.956708670 0.189986706 0.173995495 0 0 0 0 0
1489239154.997620821 0.189759225 0.576717734 0 0 0 0 0
1489239155.038414240 0.165828675 0.299488485 0 0 0 0 0
1489239155.079508305 0.246788740 0.095242791 0 0 0 0 0
1489239155.120430231 0.171700940 0.581264973 0 0 0 0 0
1489239155.120453596 0.173566550 0.327077687 0 0 0 0 0
1489239155.165726662 0.156590864 0.211040810 0 0 0 0 0
1489239155.202692986 0.123796567 0.288977891 0 0 0 0 0
1489239155.243535280 0.146541595 0.501049757 0 0 0 0 0
1489239155.284677982 0.224591970 0.158347219 0 0 0 0 0
1489239155.325581074 0.115472779 0.306043386 0 0 0 0 0
1489239155.366414547 0.117609397 0.340225846 0 0 0 0 0
1489239155.407518864 0.188037753 0.207484037 0 0 0 0 0
1489239155.489515066 0.179471433 0.328691721 0 0 0 0 0
1489239155.530513287 0.140701368 0.214988545 0 0 0 0 0
1489239155.530559063 0.158552468 0.232006148 0 0 0 0 0
1489239155.571533203 0.155020729 0.432079941 0 0 0 0 0
1489239155.616708279 0.130871207 0.302938640 0 0 0 0 0
1489239155.653543949 0.156761274 0.285522312 0 0 0 0 0
1489239155.694547176 0.148214787 0.185986847 0 0 0 0 0
1489239155.735545397 0.171502873 0.478941262 0 0 0 0 0
1489239155.777780294 0.196842700 0.275815785 0 0 0 0 0
1489239155.824959993 0.175482675 0.204771832 0 0 0 0 0
1489239155.858698606 0.225623012 0.232609108 0 0 0 0 0
1489239155.899681568 0.198544115 0.509434044 0 0 0 0 0
1489239155.940400124 0.203291968 0.136176825 0 0 0 0 0
1489239155.940563202 0.259383827 0.170832902 0 0 0 0 0
1489239155.981534243 0.172804549 0.568070710 0 0 0 0 0
1489239156.022563457 0.247551054 0.156829208 0 0 0 0 0
1489239156.067676544 0.272572011 0.072289728 0 0 0 0 0
1489239156.104509354 0.101202346 0.713550985 0 0 0 0 0
1489239156.145624638 0.225755021 0.235141158 0 0 0 0 0
1489239156.186464787 0.322781950 0.085531309 0 0 0 0 0
1489239156.227561951 0.202630162 0.516587198 0 0 0 0 0
1489239156.268635988 0.194943443 0.260065585 0 0 0 0 0
1489239156.354717731 0.134095699 0.470618308 0 0 0 0 0
1489239156.391492367 0.267801702 0.021752834 0 0 0 0 0
1489239156.432370186 0.198929384 0.581006885 0 0 0 0 0
1489239156.473573208 0.229758784 0.383333862 0 0 0 0 0
1489239156.516698837 0.298955053 0.234568149 0 0 0 0 0
1489239156.555695295 0.248926312 0.324396312 0 0 0 0 0
1489239156.596660376 0.252444983 0.235394433 0 0 0 0 0
1489239156.637374878 0.244241148 0.533203244 0 0 0 0 0
1489239156.678666592 0.217868283 0.218133241 0 0 0 0 0
1489239156.719414711 0.169175208 0.433174938 0 0 0 0 0
1489239156.719436884 0.209427148 0.347633392 0 0 0 0 0
1489239156.761067390 0.159798965 0.424364001 0 0 0 0 0
1489239156.845685244 0.182796657 0.487281173 0 0 0 0 0
1489239156.845713854 0.136226028 0.437938392 0 0 0 0 0
1489239156.883446455 0.171984941 0.173889920 0 0 0 0 0
1489239156.924579382 0.121607341 0.474465758 0 0 0 0 0
1489239156.965561628 0.196899489 0.443478882 0 0 0 0 0
1489239157.006616116 0.157055959 0.411240399 0 0 0 0 0
1489239157.047572613 0.087695375 0.393061399 0 0 0 0 0
1489239157.088372469 0.157983497 0.509966254 0 0 0 0 0
1489239157.129510641 0.189506799 0.330608130 0 0 0 0 0
1489239157.129538298 0.176472127 0.417778671 0 0 0 0 0
1489239157.170718908 0.125367567 0.357697338 0 0 0 0 0
1489239157.211758137 0.189316660 0.385930717 0 0 0 0 0
1489239157.256818056 0.198138267 0.350049913 0 0 0 0 0
1489239157.293379307 0.157341033 0.460741520 0 0 0 0 0
1489239157.334689617 0.161488518 0.324590862 0 0 0 0 0
1489239157.375699043 0.117771819 0.256623805 0 0 0 0 0
1489239157.416597843 0.158646151 0.492565811 0 0 0 0 0
1489239157.457603931 0.281560957 0.319444358 0 0 0 0 0
1489239157.498512745 0.219335526 0.382970899 0 0 0 0 0
1489239157.539728165 0.205792278 0.263504118 0 0 0 0 0
1489239157.543818474 0.234805897 0.560919881 0 0 0 0 0
1489239157.580570698 0.296279401 0.255602539 0 0 0 0 0
1489239157.621466637 0.248657539 0.517716467 0 0 0 0 0
1489239157.662842274 0.169031695 0.657420039 0 0 0 0 0
1489239157.745095015 0.199228927 -0.067778185 0 0 0 0 0
1489239157.745197773 0.185372412 0.669921458 0 0 0 0 0
1489239157.785453320 0.267700315 0.313594729 0 0 0 0 0
1489239157.826690912 0.227195904 0.248856753 0 0 0 0 0
1489239157.867358923 0.112869419 0.540688872 0 0 0 0 0
1489239157.908471584 0.236500859 0.313635916 0 0 0 0 0
1489239157.949383259 0.194550484 0.326884538 0 0 0 0 0
1489239157.949536085 0.201108053 0.358562171 0 0 0 0 0
1489239157.994830847 0.171033114 0.434739053 0 0 0 0 0
1489239158.031374216 0.238216877 0.117335156 0 0 0 0 0
1489239158.072530270 0.147926360 0.280397236 0 0 0 0 0
1489239158.113633394 0.175090626 0.466619015 0 0 0 0 0
1489239158.158776522 0.139574870 0.199996144 0 0 0 0 0
1489239158.195416927 0.173788935 0.196607083 0 0 0 0 0
1489239158.236474991 0.192320362 0.334872544 0 0 0 0 0
1489239158.277553320 0.171836406 0.354170054 0 0 0 0 0
1489239158.318509340 0.141558856 0.040007688 0 0 0 0 0
1489239158.318534136 0.124905393 0.280212283 0 0 0 0 0
1489239158.359673977 0.190766305 0.420622528 0 0 0 0 0
1489239158.400477648 0.165013805 0.268395245 0 0 0 0 0
1489239158.445647240 0.166308716 0.091606110 0 0 0 0 0
1489239158.482496023 0.086026892 0.352263600 0 0 0 0 0
1489239158.523600817 0.162744030 0.334071249 0 0 0 0 0
1489239158.564395666 0.179935724 0.094564155 0 0 0 0 0
1489239158.609773397 0.207804009 0.269749880 0 0 0 0 0
1489239158.646518707 0.131727830 0.333262771 0 0 0 0 0
1489239158.687426329 0.181285232 0.134515300 0 0 0 0 0
1489239158.729160070 0.159443453 0.189886972 0 0 0 0 0
1489239158.772682905 0.165556446 0.170820102 0 0 0 0 0
1489239158.772727966 0.142259568 0.188175589 0 0 0 0 0
1489239158.810792208 0.108958423 0.027919322 0 0 0 0 0
1489239158.851560354 0.119466290 0.283371955 0 0 0 0 0
1489239158.896786451 0.204786688 0.133930609 0 0 0 0 0
1489239158.933443546 0.192316622 0.044343956 0 0 0 0 0
1489239158.974704981 0.154253513 0.239335820 0 0 0 0 0
1489239159.015671730 0.170118615 0.061219759 0 0 0 0 0
1489239159.056586504 0.151899457 0.168348595 0 0 0 0 0
1489239159.097619534 0.190492824 0.037514083 0 0 0 0 0
1489239159.138755083 0.154285088 0.163525701 0 0 0 0 0
1489239159.138785124 0.156717375 0.163571432 0 0 0 0 0
1489239159.179490805 0.124105729 0.113979593 0 0 0 0 0
1489239159.220478058 0.145929068 0.109753311 0 0 0 0 0
1489239159.261319160 0.149420872 0.126412973 0 0 0 0 0
1489239159.302434444 0.182597622 0.165179819 0 0 0 0 0
1489239159.343462944 0.224537134 0.110880412 0 0 0 0 0
1489239159.384579420 0.155931652 0.168365687 0 0 0 0 0
1489239159.425583839 0.156282723 0.002623815 0 0 0 0 0
1489239159.466521263 0.122152194 0.197792619 0 0 0 0 0
1489239159.507979631 0.155965805 0.115889929 0 0 0 0 0
1489239159.548565626 0.117835857 0.014187229 0 0 0 0 0
1489239159.548587084 0.088868380 0.224351838 0 0 0 0 0
1489239159.589550972 0.131891042 0.073888287 0 0 0 0 0
1489239159.630821705 0.101700261 -0.025625888 0 0 0 0 0
1489239159.672067165 0.122555293 -0.019536853 0 0 0 0 0
1489239159.712699175 0.030029055 0.233842045 0 0 0 0 0
1489239159.753452539 0.051465023 -0.054330148 0 0 0 0 0
1489239159.794718027 0.068801783 0.031849261 0 0 0 0 0
1489239159.835559368 0.039035290 0.095281214 0 0 0 0 0
1489239159.876644850 0.021250147 -0.067749716 0 0 0 0 0
1489239159.917300701 0.031069275 0.029031795 0 0 0 0 0
1489239159.958405495 0.034598686 0.050261773 0 0 0 0 0
1489239159.962876081 0.030489529 -0.040311716 0 0 0 0 0
1489239159.999563217 -0.007103804 -0.174504504 0 0 0 0 0
1489239160.040560961 -0.016490312 0.110556580 0 0 0 0 0
1489239160.081568241 -0.028406661 -0.099099472 0 0 0 0 0
1489239160.122669697 -0.001210200 -0.135159865 0 0 0 0 0
1489239160.163500547 -0.019589748 0.034566592 0 0 0 0 0
1489239160.205147982 -0.001540474 -0.023184676 0 0 0 0 0
1489239160.245648623 0.028408730 -0.130916551 0 0 0 0 0
1489239160.286372423 0.007790575 0.007814091 0 0 0 0 0
1489239160.328107834 0.031358514 -0.035912178 0 0 0 0 0
1489239160.368454456 0.031372394 -0.137623638 0 0 0 0 0
1489239160.368477583 0.032563742 -0.057471760 0 0 0 0 0
1489239160.413788795 -0.000184828 0.030850660 0 0 0 0 0
1489239160.450262308 0.027289983 -0.225048304 0 0 0 0 0
1489239160.491462946 -0.010720903 0.010870022 0 0 0 0 0
1489239160.532919884 0.017567577 -0.111926749 0 0 0 0 0
1489239160.573586702 0.000092278 -0.046773624 0 0 0 0 0
1489239160.614772558 0.013778994 -0.253729671 0 0 0 0 0
1489239160.655582428 -0.017417938 0.056361217 0 0 0 0 0
1489239160.696474314 0.065971017 -0.322851002 0 0 0 0 0
1489239160.739555359 0.025924498 -0.109269276 0 0 0 0 0
1489239160.739572525 0.027844483 -0.095600985 0 0 0 0 0
1489239160.778653383 0.066584513 -0.285245597 0 0 0 0 0
1489239160.819386721 0.061354738 -0.202096075 0 0 0 0 0
1489239160.864829540 0.016504269 -0.156183422 0 0 0 0 0
1489239160.983572245 0.088260248 -0.221543863 0 0 0 0 0
1489239161.024440527 0.074462853 -0.246196985 0 0 0 0 0
1489239161.065493584 0.155701369 -0.513114333 0 0 0 0 0
1489239161.106652737 0.094337299 -0.125034466 0 0 0 0 0
1489239161.147428513 0.103051700 -0.348098516 0 0 0 0 0
1489239161.151759624 0.166032717 -0.530380666 0 0 0 0 0
1489239161.188289881 0.009890500 -0.075214759 0 0 0 0 0
1489239161.229526758 0.089806497 -0.318046480 0 0 0 0 0
1489239161.270651340 0.086494982 -0.360610157 0 0 0 0 0
1489239161.315839767 0.069148540 -0.342783958 0 0 0 0 0
1489239161.352382660 0.064979099 -0.290534288 0 0 0 0 0
1489239161.393578529 0.089024201 -0.282939821 0 0 0 0 0
1489239161.434504509 0.105858758 -0.280606836 0 0 0 0 0
1489239161.475509882 0.084162176 -0.408702523 0 0 0 0 0
1489239161.516306162 0.077915326 -0.236029461 0 0 0 0 0
1489239161.557556629 0.053686313 -0.339865148 0 0 0 0 0
1489239161.557585001 0.051749907 -0.275659800 0 0 0 0 0
1489239161.602759838 0.061520956 -0.256821007 0 0 0 0 0
1489239161.639398813 0.012840927 -0.318214118 0 0 0 0 0
1489239161.680576563 0.023588557 -0.471862972 0 0 0 0 0
1489239161.721302509 0.018668795 -0.205262542 0 0 0 0 0
1489239161.807761669 0.039481275 -0.328845412 0 0 0 0 0
1489239161.807807207 0.073208094 -0.578878403 0 0 0 0 0
1489239161.844393969 0.083132267 -0.118405059 0 0 0 0 0
1489239161.885477066 0.043168388 -0.394157588 0 0 0 0 0
1489239161.926459789 -0.031246290 -0.172667444 0 0 0 0 0
1489239161.967409849 0.079427905 -0.666748106 0 0 0 0 0
1489239161.967428684 0.068592153 -0.140326172 0 0 0 0 0
1489239162.008675098 -0.054022841 -0.297204077 0 0 0 0 0
1489239162.053633451 0.104755960 -0.284411311 0 0 0 0 0
1489239162.090435266 0.054748118 -0.376087099 0 0 0 0 0
1489239162.131319523 -0.006611094 -0.264022619 0 0 0 0 0
1489239162.172404051 0.038409062 -0.398268878 0 0 0 0 0
1489239162.217637777 -0.009630894 -0.363327444 0 0 0 0 0
1489239162.254473448 0.038684081 -0.312446505 0 0 0 0 0
1489239162.295598507 0.014529342 -0.507392228 0 0 0 0 0
1489239162.336569786 0.007148735 -0.299068213 0 0 0 0 0
1489239162.377523661 -0.012534675 -0.518775165 0 0 0 0 0
1489239162.377548933 0.054690503 -0.207778499 0 0 0 0 0
1489239162.418255806 0.041819911 -0.514093876 0 0 0 0 0
1489239162.459378004 0.092202641 -0.514531970 0 0 0 0 0
1489239162.504791021 0.043958176 -0.353330404 0 0 0 0 0
1489239162.541491985 0.003567700 -0.434489667 0 0 0 0 0
1489239162.582400084 0.019440934 -0.311587840 0 0 0 0 0
1489239162.623422384 0.016323153 -0.566676497 0 0 0 0 0
1489239162.707171202 0.068396874 -0.297754467 0 0 0 0 0
1489239162.707210779 0.036226902 -0.390980124 0 0 0 0 0
1489239162.746472120 0.052276004 -0.541207731 0 0 0 0 0
1489239162.746490479 -0.009310117 -0.249039024 0 0 0 0 0
1489239162.791771173 -0.045708600 -0.321954042 0 0 0 0 0
1489239162.828385592 0.070645735 -0.676997900 0 0 0 0 0
1489239162.869610786 -0.029173035 -0.200117394 0 0 0 0 0
1489239162.910509586 0.022482414 -0.517627478 0 0 0 0 0
1489239162.955769300 -0.003846296 -0.400090635 0 0 0 0 0
1489239162.992485762 0.002302467 -0.292781830 0 0 0 0 0
1489239163.033297539 0.081137635 -0.723342597 0 0 0 0 0
1489239163.074566841 -0.069536254 -0.014247927 0 0 0 0 0
1489239163.116336107 0.015261700 -0.739266813 0 0 0 0 0
1489239163.156580210 0.030503329 -0.320612103 0 0 0 0 0
1489239163.156645060 0.020216031 -0.291783184 0 0 0 0 0
1489239163.197526693 0.072124854 -0.453977644 0 0 0 0 0
1489239163.242481947 0.036888383 -0.572668552 0 0 0 0 0
1489239163.279351234 0.018037181 -0.216182470 0 0 0 0 0
1489239163.320225954 0.024190595 -0.595158279 0 0 0 0 0
1489239163.361219406 0.022044456 -0.383067459 0 0 0 0 0
1489239163.406729460 0.006778291 -0.287348568 0 0 0 0 0
1489239163.443500519 0.050055575 -0.667681932 0 0 0 0 0
1489239163.484527588 -0.011639682 -0.304717541 0 0 0 0 0
1489239163.525386810 0.043441229 -0.429651737 0 0 0 0 0
1489239163.566943645 0.011784943 -0.476794541 0 0 0 0 0
1489239163.566957235 -0.000221303 -0.435762793 0 0 0 0 0
1489239163.607498407 0.006119156 -0.373157024 0 0 0 0 0
1489239163.648354053 0.028890053 -0.521844745 0 0 0 0 0
1489239163.733899117 0.025875647 -0.415936857 0 0 0 0 0
1489239163.734033585 0.031810381 -0.419981956 0 0 0 0 0
1489239163.812551498 0.029946432 -0.426153004 0 0 0 0 0
1489239163.857722044 0.011638789 -0.345043927 0 0 0 0 0
1489239163.894576073 0.069254398 -0.594935715 0 0 0 0 0
1489239163.935530424 0.036307700 -0.480606735 0 0 0 0 0
1489239163.976731539 0.042596042 -0.460659176 0 0 0 0 0
1489239164.017205954 0.007248897 -0.467494309 0 0 0 0 0
1489239164.058426857 0.020957235 -0.373739481 0 0 0 0 0
1489239164.099743366 0.017611489 -0.516865551 0 0 0 0 0
1489239164.099770546 0.106047869 -0.498580933 0 0 0 0 0
1489239164.144712210 -0.010274366 -0.038121156 0 0 0 0 0
1489239164.181338310 0.105417371 -0.732724845 0 0 0 0 0
1489239164.222328901 0.013379777 -0.306575835 0 0 0 0 0
1489239164.263375282 -0.010940138 -0.379102528 0 0 0 0 0
1489239164.308627129 0.014414223 -0.499532402 0 0 0 0 0
1489239164.345372915 0.020114977 -0.363568485 0 0 0 0 0
1489239164.386497498 0.072240114 -0.461402804 0 0 0 0 0
1489239164.427549362 0.066715017 -0.445793808 0 0 0 0 0
1489239164.468284130 0.058942743 -0.310148835 0 0 0 0 0
1489239164.509786844 0.073906675 -0.508077979 0 0 0 0 0
1489239164.550347567 0.028839514 -0.328211606 0 0 0 0 0
1489239164.550369978 0.029808652 -0.532494485 0 0 0 0 0
1489239164.633121014 0.022224158 -0.379313141 0 0 0 0 0
1489239164.633186579 0.062083699 -0.457052767 0 0 0 0 0
1489239164.673527002 0.030260425 -0.315777242 0 0 0 0 0
1489239164.714676857 0.047715314 -0.397402525 0 0 0 0 0
1489239164.759715796 0.093105771 -0.518937647 0 0 0 0 0
1489239164.796381950 0.026299234 -0.334854633 0 0 0 0 0
1489239164.837527037 0.040587883 -0.409458488 0 0 0 0 0
1489239164.878451109 0.061982404 -0.493632942 0 0 0 0 0
1489239164.919293404 0.047967233 -0.320217192 0 0 0 0 0
1489239164.960485935 0.066084273 -0.348369360 0 0 0 0 0
1489239164.960511208 0.043114305 -0.489128828 0 0 0 0 0
1489239165.002494812 0.018572953 -0.367095679 0 0 0 0 0
1489239165.046603918 0.039965443 -0.364375651 0 0 0 0 0
1489239165.083639860 0.059184365 -0.502126515 0 0 0 0 0
1489239165.124488354 0.030141491 -0.328678489 0 0 0 0 0
1489239165.165368319 0.029747685 -0.399919331 0 0 0 0 0
1489239165.210801840 0.044951767 -0.441084296 0 0 0 0 0
1489239165.247396708 0.066460483 -0.432990968 0 0 0 0 0
1489239165.288512707 0.037261270 -0.264540374 0 0 0 0 0
1489239165.330253363 0.086098336 -0.543786883 0 0 0 0 0
1489239165.370358229 0.044049185 -0.466201931 0 0 0 0 0
1489239165.411643028 0.072106510 -0.310792625 0 0 0 0 0
1489239165.452329636 0.038238022 -0.352477759 0 0 0 0 0
1489239165.493577957 0.083857283 -0.505340159 0 0 0 0 0
1489239165.534668446 0.003825998 -0.299510211 0 0 0 0 0
1489239165.534689665 0.069359109 -0.513360023 0 0 0 0 0
1489239165.575579882 0.061718125 -0.363485128 0 0 0 0 0
1489239165.616496325 0.032183848 -0.327237189 0 0 0 0 0
1489239165.702148676 0.034772597 -0.411398411 0 0 0 0 0
1489239165.702171326 0.061663877 -0.498571336 0 0 0 0 0
1489239165.739434004 0.057967413 -0.385213673 0 0 0 0 0
1489239165.780551910 0.072685309 -0.377871186 0 0 0 0 0
1489239165.821279287 0.082878754 -0.386149466 0 0 0 0 0
1489239165.862396002 0.114094637 -0.314416736 0 0 0 0 0
1489239165.903538465 0.089707829 -0.520553887 0 0 0 0 0
1489239165.944560289 -0.012297062 -0.285638005 0 0 0 0 0
1489239165.948675394 0.137011304 -0.630143464 0 0 0 0 0
1489239165.985387325 0.083815113 -0.369609058 0 0 0 0 0
1489239166.026389599 0.144868165 -0.423425049 0 0 0 0 0
1489239166.067498207 0.096355475 -0.541226208 0 0 0 0 0
1489239166.112721920 0.090775758 -0.410106421 0 0 0 0 0
1489239166.149507523 0.118753508 -0.574968934 0 0 0 0 0
1489239166.190591574 0.105707504 -0.355405420 0 0 0 0 0
1489239166.231442690 0.149554357 -0.623269200 0 0 0 0 0
1489239166.272443056 0.059597529 -0.311701715 0 0 0 0 0
1489239166.313508272 0.067782387 -0.634639978 0 0 0 0 0
1489239166.354460955 0.078763887 -0.324869692 0 0 0 0 0
1489239166.354491234 0.081382424 -0.555140972 0 0 0 0 0
1489239166.399596214 0.082159042 -0.304517835 0 0 0 0 0
1489239166.436475515 0.105364680 -0.345914304 0 0 0 0 0
1489239166.477417469 0.134461507 -0.493106425 0 0 0 0 0
1489239166.518269300 0.077121928 -0.157500252 0 0 0 0 0
1489239166.601011276 0.082590416 -0.408181518 0 0 0 0 0
1489239166.601040125 0.148305967 -0.617021263 0 0 0 0 0
1489239166.641505957 0.070476867 -0.189671427 0 0 0 0 0
1489239166.682430744 0.167023629 -0.629759192 0 0 0 0 0
1489239166.723563910 0.118429109 -0.449131310 0 0 0 0 0
1489239166.764710903 0.082312182 -0.416488588 0 0 0 0 0
1489239166.764746666 0.095133677 -0.444426924 0 0 0 0 0
1489239166.805449486 0.140066832 -0.290723652 0 0 0 0 0
1489239166.850466013 0.082728595 -0.448539793 0 0 0 0 0
1489239166.887305021 0.117307886 -0.202814102 0 0 0 0 0
1489239166.928362370 0.123663031 -0.527173817 0 0 0 0 0
1489239166.969329119 0.095923282 -0.317190558 0 0 0 0 0
1489239167.014590979 0.077673674 -0.265230507 0 0 0 0 0
1489239167.051414967 0.113678969 -0.345686257 0 0 0 0 0
1489239167.092361450 0.097069830 -0.371189177 0 0 0 0 0
1489239167.134360552 0.132160693 -0.502155483 0 0 0 0 0
1489239167.174480677 0.137432903 -0.306929648 0 0 0 0 0
1489239167.174503088 0.101524130 -0.322361499 0 0 0 0 0
1489239167.215539455 0.153127536 -0.444746494 0 0 0 0 0
1489239167.256545305 0.082938716 -0.294374883 0 0 0 0 0
1489239167.301835299 0.109022856 -0.288340420 0 0 0 0 0
1489239167.338338137 0.069569103 -0.335609794 0 0 0 0 0
1489239167.379448175 0.105747320 -0.234338716 0 0 0 0 0
1489239167.420344353 0.129119650 -0.348934978 0 0 0 0 0
1489239167.465643883 0.068979323 -0.335318148 0 0 0 0 0
1489239167.502362013 0.032463722 -0.257884324 0 0 0 0 0
1489239167.543279886 0.040404439 -0.318110138 0 0 0 0 0
1489239167.584283352 0.089474753 -0.372453958 0 0 0 0 0
1489239167.627796650 -0.016483113 -0.250311315 0 0 0 0 0
1489239167.666714430 0.023109185 -0.331852943 0 0 0 0 0
1489239167.707421064 0.093666837 -0.240321904 0 0 0 0 0
1489239167.752687693 0.045589935 -0.202985913 0 0 0 0 0
1489239167.789368868 0.041679587 -0.194927618 0 0 0 0 0
1489239167.830293179 0.017163925 -0.233600587 0 0 0 0 0
1489239167.871310949 -0.031154493 -0.082274884 0 0 0 0 0
1489239167.916691303 0.056356877 -0.335082740 0 0 0 0 0
1489239167.953309536 0.049834255 -0.146640599 0 0 0 0 0
1489239167.953334808 0.029288968 -0.013746093 0 0 0 0 0
1489239167.994462013 0.027665898 -0.250986993 0 0 0 0 0
1489239168.035411358 0.013215373 -0.129278928 0 0 0 0 0
1489239168.076564789 -0.008384608 -0.079310387 0 0 0 0 0
1489239168.117339611 -0.010495585 -0.144469589 0 0 0 0 0
1489239168.158382893 -0.036181509 -0.082040451 0 0 0 0 0
1489239168.200269461 0.002083185 -0.016524661 0 0 0 0 0
1489239168.240476608 -0.004836646 -0.058893912 0 0 0 0 0
1489239168.281481743 -0.003697982 -0.144992456 0 0 0 0 0
1489239168.322387457 -0.053559504 0.060010660 0 0 0 0 0
1489239168.363518953 -0.049182646 0.006063224 0 0 0 0 0
1489239168.367848158 -0.051026601 -0.013882330 0 0 0 0 0
1489239168.404592514 -0.016380081 0.088353321 0 0 0 0 0
1489239168.445546389 -0.033191625 0.127844915 0 0 0 0 0
1489239168.486428738 -0.031005034 0.010219214 0 0 0 0 0
1489239168.527439833 -0.086151220 -0.029597145 0 0 0 0 0
1489239168.568422794 -0.100498378 0.038304675 0 0 0 0 0
1489239168.609460592 -0.080175802 0.009723176 0 0 0 0 0
1489239168.650389910 -0.118350886 -0.017094834 0 0 0 0 0
1489239168.691605091 -0.096109554 0.053036999 0 0 0 0 0
1489239168.733949900 -0.089643970 -0.007854125 0 0 0 0 0
1489239168.734972000 -0.093276672 0.020598140 0 0 0 0 0
1489239168.773612738 -0.133847684 0.223823041 0 0 0 0 0
1489239168.817454100 -0.141747877 -0.009111520 0 0 0 0 0
1489239168.855364799 -0.106188990 0.032299183 0 0 0 0 0
1489239168.896384001 -0.133912161 0.090908982 0 0 0 0 0
1489239168.937516212 -0.202469900 0.196212307 0 0 0 0 0
1489239168.978332996 -0.182371140 0.031912945 0 0 0 0 0
1489239169.019226551 -0.141494274 0.088533416 0 0 0 0 0
1489239169.060343027 -0.203452796 0.270251900 0 0 0 0 0
1489239169.101449490 -0.172290400 -0.098194271 0 0 0 0 0
1489239169.142342567 -0.144192725 0.116070390 0 0 0 0 0
1489239169.142365932 -0.193080038 0.266454488 0 0 0 0 0
1489239169.183362484 -0.203793719 -0.040217776 0 0 0 0 0
1489239169.224416971 -0.203548953 0.074312672 0 0 0 0 0
1489239169.266002893 -0.179868937 0.294724673 0 0 0 0 0
1489239169.306581497 -0.168261021 0.198308051 0 0 0 0 0
1489239169.347471714 -0.161043435 -0.055015624 0 0 0 0 0
1489239169.388547421 -0.143196225 0.210719302 0 0 0 0 0
1489239169.429270744 -0.189153701 0.245915443 0 0 0 0 0
1489239169.470627069 -0.194532126 0.066725828 0 0 0 0 0
1489239169.511520147 -0.168476671 0.133493870 0 0 0 0 0
1489239169.552536249 -0.241597459 0.360108078 0 0 0 0 0
1489239169.595070362 -0.253390819 0.051574122 0 0 0 0 0
1489239169.634369850 -0.256748527 0.176564425 0 0 0 0 0
1489239169.675413609 -0.185625881 0.249375507 0 0 0 0 0
1489239169.718940258 -0.169251114 0.141033426 0 0 0 0 0
1489239169.718961954 -0.261864007 0.192065775 0 0 0 0 0
1489239169.757532597 -0.222287446 0.232710570 0 0 0 0 0
1489239169.798863649 -0.176267833 0.214720204 0 0 0 0 0
1489239169.843542814 -0.236061573 0.070188977 0 0 0 0 0
1489239169.880378008 -0.226223156 0.108744361 0 0 0 0 0
1489239169.921261549 -0.266433895 0.253831387 0 0 0 0 0
1489239169.962399006 -0.191536799 0.201009035 0 0 0 0 0
1489239170.007696390 -0.192057669 0.031685513 0 0 0 0 0
1489239170.044681311 -0.193117529 0.287608832 0 0 0 0 0
1489239170.085274935 -0.222699612 0.338538349 0 0 0 0 0
1489239170.126456976 -0.220441654 0.036076244 0 0 0 0 0
1489239170.126481295 -0.302859724 0.342562854 0 0 0 0 0
1489239170.167259216 -0.240512282 0.078720868 0 0 0 0 0
1489239170.208516359 -0.246760041 0.215866476 0 0 0 0 0
1489239170.249334097 -0.337524533 0.339746088 0 0 0 0 0
1489239170.290548801 -0.204573393 0.126656622 0 0 0 0 0
1489239170.331520796 -0.242774442 0.243984848 0 0 0 0 0
1489239170.372467279 -0.247224972 0.259710521 0 0 0 0 0
1489239170.413530111 -0.271952808 0.245389938 0 0 0 0 0
1489239170.454573393 -0.277567565 0.346210241 0 0 0 0 0
1489239170.495436668 -0.324724525 0.148670346 0 0 0 0 0
1489239170.536427498 -0.299005508 0.268645853 0 0 0 0 0
1489239170.536444187 -0.307485402 0.342866212 0 0 0 0 0
1489239170.577641249 -0.351621151 0.198227987 0 0 0 0 0
1489239170.622179270 -0.353057683 0.200613737 0 0 0 0 0
1489239170.700361729 -0.384614944 0.179235116 0 0 0 0 0
1489239170.741447210 -0.443217844 0.556974411 0 0 0 0 0
1489239170.782380581 -0.257921964 0.109804608 0 0 0 0 0
1489239170.823519230 -0.278056592 0.319232732 0 0 0 0 0
1489239170.864332676 -0.249702290 0.240809113 0 0 0 0 0
1489239170.905729055 -0.385965198 0.246476620 0 0 0 0 0
1489239170.946532965 -0.426167786 0.269695759 0 0 0 0 0
1489239170.946583748 -0.384948164 0.317159981 0 0 0 0 0
1489239170.987365484 -0.456866413 0.338229597 0 0 0 0 0
1489239171.028486490 -0.410154402 0.403096348 0 0 0 0 0
1489239171.069677353 -0.455714375 0.252181530 0 0 0 0 0
1489239171.110588789 -0.543634295 0.636785448 0 0 0 0 0
1489239171.151355743 -0.457696199 0.156233013 0 0 0 0 0
1489239171.196687460 -0.465661287 0.687633216 0 0 0 0 0
1489239171.233433008 -0.380721658 0.285512596 0 0 0 0 0
1489239171.274358988 -0.411409229 0.269991815 0 0 0 0 0
1489239171.315528870 -0.516224027 0.617484570 0 0 0 0 0
1489239171.360952139 -0.414485276 0.191391245 0 0 0 0 0
1489239171.397353411 -0.418206930 0.372133374 0 0 0 0 0
1489239171.438597202 -0.380311579 0.312682480 0 0 0 0 0
1489239171.479393721 -0.384702742 0.174680024 0 0 0 0 0
1489239171.521241665 -0.356402725 0.446650118 0 0 0 0 0
1489239171.561749458 -0.448246002 0.447070450 0 0 0 0 0
1489239171.602336884 -0.419941515 0.118433133 0 0 0 0 0
1489239171.643467426 -0.391126335 0.424038023 0 0 0 0 0
1489239171.684452534 -0.481264740 0.504003406 0 0 0 0 0
1489239171.725490332 -0.395884603 -0.042265669 0 0 0 0 0
1489239171.766422510 -0.479827553 0.733127713 0 0 0 0 0
1489239171.807494402 -0.460187346 0.298626363 0 0 0 0 0
1489239171.811714888 -0.419160992 0.028680602 0 0 0 0 0
1489239171.848260880 -0.445951849 0.528218389 0 0 0 0 0
1489239171.889384747 -0.453315794 0.494348586 0 0 0 0 0
1489239171.930466890 -0.440722078 0.008748457 0 0 0 0 0
1489239171.971400976 -0.527402878 0.657293022 0 0 0 0 0
1489239172.012778997 -0.474194616 0.208920091 0 0 0 0 0
1489239172.053515673 -0.429419219 0.120720133 0 0 0 0 0
1489239172.094649076 -0.382096440 0.396630824 0 0 0 0 0
1489239172.135445595 -0.440738738 0.243055984 0 0 0 0 0
1489239172.176539421 -0.418479204 0.101570249 0 0 0 0 0
1489239172.217198849 -0.368729591 0.555873752 0 0 0 0 0
1489239172.258412600 -0.447129726 0.112729147 0 0 0 0 0
1489239172.299688816 -0.478161961 0.534019887 0 0 0 0 0
1489239172.299702883 -0.447496980 0.262302399 0 0 0 0 0
1489239172.340450287 -0.465759426 0.343004286 0 0 0 0 0
1489239172.381489515 -0.511053681 0.501632750 0 0 0 0 0
1489239172.422410250 -0.398296982 -0.064760953 0 0 0 0 0
1489239172.463253260 -0.410069317 0.395554364 0 0 0 0 0
1489239172.504624128 -0.491571575 0.624849021 0 0 0 0 0
1489239172.545558691 -0.393710434 -0.224211544 0 0 0 0 0
1489239172.589316845 -0.398911953 0.543357253 0 0 0 0 0
1489239172.627481222 -0.398039997 0.429040909 0 0 0 0 0
1489239172.668442965 -0.288436234 0.114431106 0 0 0 0 0
1489239172.709575653 -0.361348093 0.213770002 0 0 0 0 0
1489239172.713705301 -0.427693218 0.522204995 0 0 0 0 0
1489239172.750238419 -0.341635406 0.149983972 0 0 0 0 0
1489239172.791460752 -0.363993317 0.112792984 0 0 0 0 0
1489239172.832249641 -0.261664212 0.297753274 0 0 0 0 0
1489239172.873477459 -0.381913841 0.437976688 0 0 0 0 0
1489239172.914409876 -0.433305800 0.178866670 0 0 0 0 0
1489239172.955540419 -0.339578599 0.263239980 0 0 0 0 0
1489239172.996372938 -0.252407968 0.363159657 0 0 0 0 0
1489239173.037351847 -0.292852521 0.272919476 0 0 0 0 0
1489239173.078299284 -0.290705621 0.170624852 0 0 0 0 0
1489239173.119449615 -0.272418320 0.279136777 0 0 0 0 0
1489239173.119473696 -0.429014981 0.402373552 0 0 0 0 0
1489239173.165139675 -0.389860809 0.089708142 0 0 0 0 0
1489239173.202032328 -0.464296430 0.405062199 0 0 0 0 0
1489239173.242261887 -0.470166117 0.368053854 0 0 0 0 0
1489239173.283350945 -0.361209989 0.071679875 0 0 0 0 0
1489239173.324979305 -0.464948088 0.633215070 0 0 0 0 0
1489239173.365224600 -0.480531782 0.130670965 0 0 0 0 0
1489239173.406518698 -0.412256628 0.190141112 0 0 0 0 0
1489239173.447379351 -0.397288173 0.628704727 0 0 0 0 0
1489239173.488708735 -0.315598637 0.290978283 0 0 0 0 0
1489239173.529306650 -0.414465249 0.194817185 0 0 0 0 0
1489239173.529340506 -0.465024710 0.383142859 0 0 0 0 0
1489239173.570315838 -0.457636207 0.650009334 0 0 0 0 0
1489239173.615627050 -0.275526226 -0.140472576 0 0 0 0 0
1489239173.652298689 -0.351409376 0.286870956 0 0 0 0 0
1489239173.693478823 -0.338072389 0.640245080 0 0 0 0 0
1489239173.734361887 -0.364974439 0.104677878 0 0 0 0 0
1489239173.775542498 -0.358738869 0.141672030 0 0 0 0 0
1489239173.816499949 -0.330747068 0.586262822 0 0 0 0 0
1489239173.857282639 -0.315009445 0.268619835 0 0 0 0 0
1489239173.898488760 -0.401336908 -0.003466853 0 0 0 0 0
1489239173.939624310 -0.412459046 0.526635051 0 0 0 0 0
1489239173.939662457 -0.336100519 0.280467361 0 0 0 0 0
1489239173.980469942 -0.386305243 0.163943559 0 0 0 0 0
1489239174.021408558 -0.387796700 0.326734066 0 0 0 0 0
1489239174.067587376 -0.402560174 0.367062360 0 0 0 0 0
1489239174.103493452 -0.404916614 0.182483107 0 0 0 0 0
1489239174.144348860 -0.373977810 0.290299177 0 0 0 0 0
1489239174.185619831 -0.383875102 0.308185637 0 0 0 0 0
1489239174.226596832 -0.390898883 0.234589294 0 0 0 0 0
1489239174.267425299 -0.370402932 0.122880317 0 0 0 0 0
1489239174.308644772 -0.364838719 0.368947178 0 0 0 0 0
1489239174.349390984 -0.309531152 0.202504277 0 0 0 0 0
1489239174.390400171 -0.364731252 0.210787445 0 0 0 0 0
1489239174.431954622 -0.418150842 0.446209669 0 0 0 0 0
1489239174.472337961 -0.379221022 0.257971793 0 0 0 0 0
1489239174.513750553 -0.358109713 0.124892354 0 0 0 0 0
1489239174.556738377 -0.399584740 0.463834673 0 0 0 0 0
1489239174.556757450 -0.307963967 0.214550301 0 0 0 0 0
1489239174.595341206 -0.278456300 -0.010069646 0 0 0 0 0
1489239174.640594721 -0.431628287 0.547559261 0 0 0 0 0
1489239174.677309036 -0.378483355 0.094382659 0 0 0 0 0
1489239174.718231440 -0.432174146 0.205578476 0 0 0 0 0
1489239174.759380341 -0.346255481 0.326119721 0 0 0 0 0
1489239174.804749727 -0.328960329 0.320885360 0 0 0 0 0
1489239174.841485500 -0.297555029 -0.064380102 0 0 0 0 0
1489239174.882363558 -0.377534449 0.592518210 0 0 0 0 0
1489239174.923427582 -0.397295386 0.227626294 0 0 0 0 0
1489239174.965256929 -0.290447503 -0.002225313 0 0 0 0 0
1489239175.005581617 -0.370959222 0.533772886 0 0 0 0 0
1489239175.046365738 -0.332164347 0.085508451 0 0 0 0 0
1489239175.087397337 -0.213915780 0.075277351 0 0 0 0 0
1489239175.128394842 -0.358086288 0.396024853 0 0 0 0 0
1489239175.169381142 -0.279605538 0.189818129 0 0 0 0 0
1489239175.210533381 -0.322078288 0.268172055 0 0 0 0 0
1489239175.255710840 -0.359235317 0.275025904 0 0 0 0 0
1489239175.292344093 -0.326022565 0.242439061 0 0 0 0 0
1489239175.333510399 -0.321637213 0.180021197 0 0 0 0 0
1489239175.374423742 -0.325116962 0.281076372 0 0 0 0 0
1489239175.415565729 -0.314536631 0.272204012 0 0 0 0 0
1489239175.456564903 -0.314128697 0.146670789 0 0 0 0 0
1489239175.497843504 -0.276058763 0.173102826 0 0 0 0 0
1489239175.538333893 -0.402196825 0.412531048 0 0 0 0 0
1489239175.583415270 -0.284495831 0.005318659 0 0 0 0 0
1489239175.620218992 -0.308787346 0.371608794 0 0 0 0 0
1489239175.620386600 -0.376200467 0.382593900 0 0 0 0 0
1489239175.661532402 -0.303346992 -0.008642992 0 0 0 0 0
1489239175.706793308 -0.361696064 0.337623686 0 0 0 0 0
1489239175.743321896 -0.319672376 0.284074396 0 0 0 0 0
1489239175.784321070 -0.268853754 0.154269412 0 0 0 0 0
1489239175.825499058 -0.299179673 0.199120611 0 0 0 0 0
1489239175.870528221 -0.316586107 0.487492740 0 0 0 0 0
1489239175.907311201 -0.245831966 -0.136673138 0 0 0 0 0
1489239175.948290110 -0.287535995 0.282265127 0 0 0 0 0
1489239175.993734360 -0.277175069 0.390167415 0 0 0 0 0
1489239176.030505657 -0.234048516 -0.043687478 0 0 0 0 0
1489239176.071379423 -0.231290013 0.061543506 0 0 0 0 0
1489239176.112549067 -0.173003033 0.250531256 0 0 0 0 0
1489239176.157620192 -0.257417053 0.208923534 0 0 0 0 0
1489239176.194291592 -0.175829738 -0.071392179 0 0 0 0 0
1489239176.235417128 -0.164124802 0.176119700 0 0 0 0 0
1489239176.276707649 -0.088188447 0.177948266 0 0 0 0 0
1489239176.317402363 -0.221748322 -0.058128525 0 0 0 0 0
1489239176.358541250 -0.102497593 0.003327465 0 0 0 0 0
1489239176.399423599 -0.099942222 0.126836538 0 0 0 0 0
1489239176.440460682 -0.049521498 -0.015104657 0 0 0 0 0
1489239176.482725620 -0.084774449 0.035630208 0 0 0 0 0
1489239176.522500038 -0.019881649 0.005383335 0 0 0 0 0
1489239176.563411236 -0.013237456 -0.035087191 0 0 0 0 0
1489239176.604559660 0.050453268 -0.120272502 0 0 0 0 0
1489239176.645303965 0.056113891 -0.010948072 0 0 0 0 0
1489239176.686259985 0.013284067 -0.067045152 0 0 0 0 0
1489239176.727466822 0.048413943 0.045845754 0 0 0 0 0
1489239176.731563330 -0.013295966 0.011145260 0 0 0 0 0
1489239176.768480301 0.003375933 -0.087833062 0 0 0 0 0
1489239176.809714794 0.038153343 -0.009874022 0 0 0 0 0
1489239176.850260496 -0.030178940 0.014693176 0 0 0 0 0
1489239176.895581722 -0.042078424 -0.117547512 0 0 0 0 0
1489239176.932419777 -0.011600928 -0.027259644 0 0 0 0 0
1489239176.973246098 0.008904964 -0.213570163 0 0 0 0 0
1489239177.014577150 -0.017105557 -0.031437926 0 0 0 0 0
1489239177.059652328 0.001280670 -0.193746850 0 0 0 0 0
1489239177.096347332 -0.032123953 -0.022192633 0 0 0 0 0
1489239177.137908220 -0.007323992 -0.187430501 0 0 0 0 0
1489239177.178304672 -0.050662559 -0.072977677 0 0 0 0 0
1489239177.219386816 -0.054307938 -0.091239102 0 0 0 0 0
1489239177.260629654 -0.050088525 -0.150121212 0 0 0 0 0
1489239177.301357269 -0.090023205 -0.083113231 0 0 0 0 0
1489239177.346588850 -0.025642419 -0.258896410 0 0 0 0 0
1489239177.424499989 -0.041306220 -0.193799570 0 0 0 0 0
1489239177.465372086 -0.018575629 -0.344677895 0 0 0 0 0
1489239177.550268888 -0.008783002 -0.294204295 0 0 0 0 0
1489239177.550424099 -0.001181447 -0.354556262 0 0 0 0 0
1489239177.588322401 -0.036494289 -0.254432648 0 0 0 0 0
1489239177.629445076 0.033681057 -0.386771262 0 0 0 0 0
1489239177.670578003 -0.014917232 -0.217811868 0 0 0 0 0
1489239177.711492062 0.010312166 -0.516665578 0 0 0 0 0
1489239177.752249002 0.002008426 -0.385844678 0 0 0 0 0
1489239177.798064232 0.020734418 -0.381409645 0 0 0 0 0
1489239177.834297657 0.021441653 -0.337772757 0 0 0 0 0
1489239177.875469208 0.022386391 -0.429975450 0 0 0 0 0
1489239177.916349411 -0.006433729 -0.348380029 0 0 0 0 0
1489239177.961619139 0.003440629 -0.398059666 0 0 0 0 0
1489239177.998443365 -0.011131179 -0.363451183 0 0 0 0 0
1489239178.039620876 -0.008338904 -0.249839351 0 0 0 0 0
1489239178.080621958 -0.008563610 -0.460962355 0 0 0 0 0
1489239178.121282578 -0.027768027 -0.293025136 0 0 0 0 0
1489239178.162546873 -0.014672142 -0.547404051 0 0 0 0 0
1489239178.203727007 -0.006860419 -0.274581432 0 0 0 0 0
1489239178.203747988 0.006485787 -0.472978979 0 0 0 0 0
1489239178.248425961 -0.010004709 -0.417813540 0 0 0 0 0
1489239178.285464525 -0.031104038 -0.248509601 0 0 0 0 0
1489239178.326377869 -0.019981761 -0.481234372 0 0 0 0 0
1489239178.367393732 0.006660587 -0.535827041 0 0 0 0 0
1489239178.449519873 0.011298430 -0.310515195 0 0 0 0 0
1489239178.449652910 0.010001490 -0.499891520 0 0 0 0 0
1489239178.490505934 -0.002092614 -0.449126631 0 0 0 0 0
1489239178.531803846 -0.002989673 -0.394623578 0 0 0 0 0
1489239178.572409153 -0.005995941 -0.332228780 0 0 0 0 0
1489239178.613603115 0.019426826 -0.594969094 0 0 0 0 0
1489239178.654396296 -0.033464350 -0.237108350 0 0 0 0 0
1489239178.699650526 -0.049855642 -0.550790370 0 0 0 0 0
1489239178.736328363 -0.062454570 -0.312877297 0 0 0 0 0
1489239178.777456999 -0.011239724 -0.480780214 0 0 0 0 0
1489239178.818206787 -0.055953611 -0.143874794 0 0 0 0 0
1489239178.863707542 0.000831567 -0.654006124 0 0 0 0 0
1489239178.900357008 -0.041545641 -0.290231049 0 0 0 0 0
1489239178.941452265 -0.019690393 -0.382174611 0 0 0 0 0
1489239178.982317686 -0.002979792 -0.546828866 0 0 0 0 0
1489239179.025001764 -0.007692265 -0.537609637 0 0 0 0 0
1489239179.064309835 -0.028142784 -0.288579583 0 0 0 0 0
1489239179.105549574 -0.018503258 -0.638470769 0 0 0 0 0
1489239179.146228790 0.021321315 -0.443571270 0 0 0 0 0
1489239179.187391520 -0.021967620 -0.394322336 0 0 0 0 0
1489239179.228423834 -0.005909387 -0.674751639 0 0 0 0 0
1489239179.269268036 0.005652527 -0.298061430 0 0 0 0 0
1489239179.314409733 0.020669265 -0.552975059 0 0 0 0 0
1489239179.351316452 0.048239917 -0.474403530 0 0 0 0 0
1489239179.392644644 0.006732729 -0.361125350 0 0 0 0 0
1489239179.434184551 0.010679085 -0.380801290 0 0 0 0 0
1489239179.476235867 0.002455445 -0.506670117 0 0 0 0 0
1489239179.515321732 -0.032708030 -0.368885279 0 0 0 0 0
1489239179.556454659 -0.025932377 -0.470050007 0 0 0 0 0
1489239179.601579666 -0.028333569 -0.372195601 0 0 0 0 0
1489239179.679153919 -0.009938499 -0.504707992 0 0 0 0 0
1489239179.720241070 -0.000595045 -0.482803404 0 0 0 0 0
1489239179.765411854 -0.004391919 -0.368577510 0 0 0 0 0
1489239179.802333117 -0.005479010 -0.432220876 0 0 0 0 0
1489239179.843068600 0.014007865 -0.464163452 0 0 0 0 0
1489239179.884311676 -0.019756177 -0.262850851 0 0 0 0 0
1489239179.925193548 0.016258147 -0.580137134 0 0 0 0 0
1489239179.966353655 -0.018419847 -0.251298100 0 0 0 0 0
1489239180.007481098 0.034174178 -0.563417912 0 0 0 0 0
1489239180.089400053 0.006172470 -0.369814306 0 0 0 0 0
1489239180.130175829 -0.000000347 -0.488846123 0 0 0 0 0
1489239180.171385527 0.007250411 -0.552629709 0 0 0 0 0
1489239180.216421843 0.019282881 -0.470557630 0 0 0 0 0
1489239180.253384352 0.029948771 -0.504110396 0 0 0 0 0
1489239180.294405460 0.020611858 -0.415951818 0 0 0 0 0
1489239180.339571714 0.033936746 -0.661156952 0 0 0 0 0
1489239180.417193890 0.011632860 -0.514405370 0 0 0 0 0
1489239180.458536386 0.002788039 -0.483927727 0 0 0 0 0
1489239180.499567032 0.007236886 -0.478130758 0 0 0 0 0
1489239180.543794394 0.026584893 -0.610765576 0 0 0 0 0
1489239180.581484079 0.014839532 -0.401539981 0 0 0 0 0
1489239180.622276545 0.031894188 -0.582641423 0 0 0 0 0
1489239180.667616606 0.035419796 -0.505752265 0 0 0 0 0
1489239180.745379686 0.051798113 -0.622572005 0 0 0 0 0
1489239180.786317348 -0.024999056 -0.344249785 0 0 0 0 0
1489239180.827392101 0.060992368 -0.664460540 0 0 0 0 0
1489239180.868359327 -0.004069305 -0.350087225 0 0 0 0 0
1489239180.909467936 0.152744114 -0.944428265 0 0 0 0 0
1489239180.954609632 -0.085848778 0.172962397 0 0 0 0 0
1489239181.032890797 0.070046142 -0.659039319 0 0 0 0 0
1489239181.073350191 -0.024583543 -0.002119085 0 0 0 0 0
1489239181.114301205 0.104752168 -0.926325679 0 0 0 0 0
1489239181.155345917 0.000000000 -0.359215260 0 0 0 0 0
1489239181.196452141 0.024523217 -0.550715685 0 0 0 0 0
1489239181.278450727 0.002678761 -0.595132709 0 0 0 0 0
1489239181.319301367 0.048848428 -0.603216410 0 0 0 0 0
1489239181.360238791 0.036595035 -0.483745664 0 0 0 0 0
1489239181.442593336 0.012198902 -0.514500737 0 0 0 0 0
1489239181.483381510 0.050120033 -0.568885386 0 0 0 0 0
1489239181.524467230 0.035699178 -0.511902809 0 0 0 0 0
1489239181.567493677 0.006490757 -0.493145078 0 0 0 0 0
1489239181.606453657 0.024207320 -0.608076394 0 0 0 0 0
1489239181.688251257 0.014077151 -0.544842780 0 0 0 0 0
1489239181.729391336 0.022472600 -0.437803984 0 0 0 0 0
1489239181.770568848 0.050234623 -0.668740869 0 0 0 0 0
1489239181.811579227 -0.004219496 -0.408908755 0 0 0 0 0
1489239181.893300056 0.023819884 -0.467152894 0 0 0 0 0
1489239181.934288263 0.025094371 -0.503760874 0 0 0 0 0
1489239181.975647688 0.030574853 -0.547789872 0 0 0 0 0
1489239182.016853094 0.001135138 -0.319778085 0 0 0 0 0
1489239182.098251581 0.017128300 -0.528545797 0 0 0 0 0
1489239182.139460325 -0.007076944 -0.400107861 0 0 0 0 0
1489239182.180260658 0.013748842 -0.490091264 0 0 0 0 0
1489239182.262341976 0.000000000 -0.391036481 0 0 0 0 0
1489239182.307579041 0.004128455 -0.467960984 0 0 0 0 0
1489239182.344174385 0.009808245 -0.384326369 0 0 0 0 0
1489239182.426508904 -0.004963231 -0.296587795 0 0 0 0 0
1489239182.468464375 0.014349399 -0.423575729 0 0 0 0 0
1489239182.549218893 0.005194312 -0.325283200 0 0 0 0 0
1489239182.590456724 -0.010066850 -0.281492501 0 0 0 0 0
1489239182.631413460 0.005260371 -0.288418204 0 0 0 0 0
1489239182.713452816 -0.000907715 -0.271760285 0 0 0 0 0
1489239182.758610249 -0.016177181 -0.179719299 0 0 0 0 0
1489239182.795243502 0.009330003 -0.199688822 0 0 0 0 0
1489239182.877330065 0.015841547 -0.200676709 0 0 0 0 0
1489239182.921263456 -0.005383207 -0.197141498 0 0 0 0 0
1489239183.000522614 0.006392427 -0.196152419 0 0 0 0 0
1489239183.041415930 0.013218606 -0.083123028 0 0 0 0 0
1489239183.123248816 0.009376888 -0.166714042 0 0 0 0 0
1489239183.164311647 -0.007460925 -0.092767037 0 0 0 0 0
1489239183.246260166 0.005222133 -0.085869558 0 0 0 0 0
1489239183.287192822 -0.004307165 -0.069057740 0 0 0 0 0
1489239183.369529486 -0.011278537 -0.026439399 0 0 0 0 0
1489239183.410459280 -0.020751636 0.004345443 0 0 0 0 0
1489239183.492678642 -0.032110706 0.001007072 0 0 0 0 0
1489239183.535379887 -0.009471873 0.084003672 0 0 0 0 0
1489239183.615427971 -0.002329004 -0.052459419 0 0 0 0 0
1489239183.660577774 -0.000690412 -0.004432851 0 0 0 0 0
1489239183.738445759 0.003061183 0.001267808 0 0 0 0 0
1489239183.820284843 0.009506403 -0.003979296 0 0 0 0 0
1489239183.861245155 -0.010028089 0.025939882 0 0 0 0 0
1489239183.943179607 0.013342148 0.012618062 0 0 0 0 0
1489239183.984228611 -0.005399319 0.008629237 0 0 0 0 0
1489239184.066257238 0.002899010 0.003062784 0 0 0 0 0
1489239184.111431360 0.005957445 0.009976013 0 0 0 0 0
1489239184.189311504 0.006479590 0.007753749 0 0 0 0 0
1489239184.271247864 0.006962062 0.011319814 0 0 0 0 0
1489239184.312400579 0.011704359 0.004617119 0 0 0 0 0
1489239184.394331455 0.004268897 0.004556650 0 0 0 0 0
1489239184.435520887 0.000793385 0.011504084 0 0 0 0 0
1489239184.517198324 -0.002919682 0.001349046 0 0 0 0 0
1489239184.602020979 0.018019972 0.023430128 0 0 0 0 0
1489239184.640348196 -0.009106618 0.000185315 0 0 0 0 0
1489239184.722422600 -0.004154268 -0.001264729 0 0 0 0 0
1489239184.763213873 0.013533865 0.009185235 0 0 0 0 0
1489239184.845368624 0.009970853 0.010383883 0 0 0 0 0
1489239184.886367798 0.013328405 0.002417745 0 0 0 0 0
1489239184.968253613 0.008167841 0.001882829 0 0 0 0 0
1489239185.050173044 0.004151168 0.003465881 0 0 0 0 0
1489239185.091252565 0.010311232 0.007162959 0 0 0 0 0
