# text file for ../bag/pxtime3_2017-03-11-21-41-01.bag
# format: time stamp x y z qx qy qz qw
1489239662.331548929 -0.019774467 -0.013808437 0 0 0 0 0
1489239662.331937551 -0.004559626 0.022702180 0 0 0 0 0
1489239662.331951141 0.005640941 -0.003105241 0 0 0 0 0
1489239662.331980705 -0.002594892 0.014441256 0 0 0 0 0
1489239662.332034349 -0.005500220 0.032683771 0 0 0 0 0
1489239662.370187521 -0.002703277 0.019549306 0 0 0 0 0
1489239662.370242119 0.001221600 -0.033611458 0 0 0 0 0
1489239662.370255470 0.003921773 0.022204798 0 0 0 0 0
1489239662.374947548 -0.000225200 0.019055696 0 0 0 0 0
1489239662.375049829 0.002518153 0.000630862 0 0 0 0 0
1489239662.375091314 -0.000796663 0.014777094 0 0 0 0 0
1489239662.375108004 0.007912940 0.036610633 0 0 0 0 0
1489239662.379737616 0.006580983 0.055799313 0 0 0 0 0
1489239662.379844904 0.004379232 0.015640117 0 0 0 0 0
1489239662.379889011 -0.024897750 0.016752576 0 0 0 0 0
1489239662.384332180 0.008591188 0.020598192 0 0 0 0 0
1489239662.384398222 0.006254002 0.127759904 0 0 0 0 0
1489239662.384567499 0.003467230 -0.042750157 0 0 0 0 0
1489239662.384780169 0.019988896 -0.039156716 0 0 0 0 0
1489239662.389251471 -0.000626194 0.066128351 0 0 0 0 0
1489239662.389269590 0.007041318 0.054778088 0 0 0 0 0
1489239662.389351606 0.000013399 -0.074728012 0 0 0 0 0
1489239662.389420748 -0.002293231 0.061585180 0 0 0 0 0
1489239662.393936396 -0.007515171 0.011272755 0 0 0 0 0
1489239662.394119501 -0.002832229 0.036230478 0 0 0 0 0
1489239662.394237995 -0.005270658 0.015864160 0 0 0 0 0
1489239662.398741722 0.009500771 0.013724689 0 0 0 0 0
1489239662.398969650 -0.019340983 0.029336248 0 0 0 0 0
1489239662.399001122 0.007505231 -0.010633042 0 0 0 0 0
1489239662.409942627 0.004807163 -0.002506426 0 0 0 0 0
1489239662.495068789 -0.001252151 0.031413928 0 0 0 0 0
1489239662.495111465 0.005963100 0.010347968 0 0 0 0 0
1489239662.533150673 -0.003391168 0.002375643 0 0 0 0 0
1489239662.578213215 0.001614700 0.057247490 0 0 0 0 0
1489239662.615052223 0.004808168 0.024067143 0 0 0 0 0
1489239662.655909300 -0.003710237 0.008796825 0 0 0 0 0
1489239662.696807146 -0.014966545 0.048766498 0 0 0 0 0
1489239662.742036819 -0.013787439 0.011861566 0 0 0 0 0
1489239662.778905869 -0.010030204 0.000583885 0 0 0 0 0
1489239662.819840670 -0.007797608 -0.006307955 0 0 0 0 0
1489239662.861006021 0.010648122 0.001252720 0 0 0 0 0
1489239662.906155825 -0.027839655 -0.014676424 0 0 0 0 0
1489239662.942914724 -0.028153891 0.003098247 0 0 0 0 0
1489239662.983982801 0.003004630 0.008367706 0 0 0 0 0
1489239663.029163599 -0.021280674 -0.019391317 0 0 0 0 0
1489239663.065874577 -0.025867820 0.036994364 0 0 0 0 0
1489239663.107039928 0.003123149 -0.004365139 0 0 0 0 0
1489239663.188910723 0.006908968 0.010950243 0 0 0 0 0
1489239663.229876995 0.020001933 0.024489675 0 0 0 0 0
1489239663.271039724 0.006883934 -0.015655231 0 0 0 0 0
1489239663.312050104 0.020397754 0.068156645 0 0 0 0 0
1489239663.354542494 0.039938740 0.005427333 0 0 0 0 0
1489239663.393994570 0.048191492 0.020024326 0 0 0 0 0
1489239663.434929132 0.081876650 -0.028701577 0 0 0 0 0
1489239663.475986958 0.090070434 -0.020235863 0 0 0 0 0
1489239663.516973495 0.111078084 0.028068602 0 0 0 0 0
1489239663.557809830 0.104028188 0.033740189 0 0 0 0 0
1489239663.598805428 0.046751849 0.049337197 0 0 0 0 0
1489239663.639764071 0.125736147 0.066526070 0 0 0 0 0
1489239663.680943727 0.111670829 0.038305484 0 0 0 0 0
1489239663.722179174 0.143900350 -0.034499675 0 0 0 0 0
1489239663.762941122 0.162548184 0.026269430 0 0 0 0 0
1489239663.803804398 0.079198971 0.132529601 0 0 0 0 0
1489239663.808443308 0.125783056 -0.002725052 0 0 0 0 0
1489239663.845012903 0.135242969 0.051398713 0 0 0 0 0
1489239663.886052847 0.167144999 0.043530218 0 0 0 0 0
1489239663.931222677 0.132046610 0.045616962 0 0 0 0 0
1489239663.967885494 0.203863695 0.017524436 0 0 0 0 0
1489239664.008970737 0.184390992 0.149228767 0 0 0 0 0
1489239664.050030231 0.129352897 0.015958223 0 0 0 0 0
1489239664.095226526 0.210819915 -0.073216990 0 0 0 0 0
1489239664.131964684 0.169805676 0.198671207 0 0 0 0 0
1489239664.173130989 0.187792480 0.000677180 0 0 0 0 0
1489239664.213823557 0.210490897 0.007675737 0 0 0 0 0
1489239664.259727478 0.197840527 0.156134501 0 0 0 0 0
1489239664.295921803 0.171157986 -0.007876995 0 0 0 0 0
1489239664.337127686 0.223971054 -0.053817481 0 0 0 0 0
1489239664.377914190 0.234886289 0.143179208 0 0 0 0 0
1489239664.420787573 0.228412151 0.056892596 0 0 0 0 0
1489239664.459861040 0.258289009 -0.059142530 0 0 0 0 0
1489239664.501179457 0.254553348 -0.022863219 0 0 0 0 0
1489239664.542193651 0.155394360 0.122813985 0 0 0 0 0
1489239664.582914352 0.249496147 -0.087005422 0 0 0 0 0
1489239664.623806000 0.268464506 0.061125934 0 0 0 0 0
1489239664.665108442 0.247898012 0.128208742 0 0 0 0 0
1489239664.706127644 0.281537831 -0.031735510 0 0 0 0 0
1489239664.706156969 0.269441545 0.049803179 0 0 0 0 0
1489239664.747120857 0.237670898 0.107728958 0 0 0 0 0
1489239664.787817001 0.230289549 -0.022260215 0 0 0 0 0
1489239664.833281279 0.317519873 -0.188126907 0 0 0 0 0
1489239664.869866133 0.260762781 0.344092190 0 0 0 0 0
1489239664.911019564 0.289747894 -0.287256598 0 0 0 0 0
1489239664.952157974 0.268816113 0.237269253 0 0 0 0 0
1489239664.997234821 0.236447334 0.030521363 0 0 0 0 0
1489239665.033776999 0.282392442 -0.005586313 0 0 0 0 0
1489239665.074975252 0.289222330 -0.084649697 0 0 0 0 0
1489239665.115939140 0.285611928 0.202352762 0 0 0 0 0
1489239665.157010078 0.234262869 -0.158196777 0 0 0 0 0
1489239665.197955847 0.242577314 0.106312275 0 0 0 0 0
1489239665.239588976 0.243355080 0.023701813 0 0 0 0 0
1489239665.279998779 0.238878295 -0.045360006 0 0 0 0 0
1489239665.320909023 0.246467859 0.042390287 0 0 0 0 0
1489239665.361902714 0.165243655 0.116137423 0 0 0 0 0
1489239665.403484583 0.262505680 0.039969653 0 0 0 0 0
1489239665.488595009 0.270065218 -0.080382474 0 0 0 0 0
1489239665.488697767 0.264784902 0.121862926 0 0 0 0 0
1489239665.525825739 0.296245635 -0.041999396 0 0 0 0 0
1489239665.566890717 0.316742122 -0.090707473 0 0 0 0 0
1489239665.608319998 0.338367045 0.075549528 0 0 0 0 0
1489239665.648915529 0.255263805 -0.055613060 0 0 0 0 0
1489239665.689828157 0.284340024 -0.158221990 0 0 0 0 0
1489239665.731053352 0.150801808 0.254892439 0 0 0 0 0
1489239665.735426903 0.243620917 -0.152996242 0 0 0 0 0
1489239665.771986485 0.313461959 -0.096192613 0 0 0 0 0
1489239665.812887192 0.297621727 0.237441614 0 0 0 0 0
1489239665.853999376 0.291998208 -0.285580873 0 0 0 0 0
1489239665.899152994 0.262532264 -0.049896382 0 0 0 0 0
1489239665.936300278 0.270034909 0.123565301 0 0 0 0 0
1489239665.977117062 0.313113511 -0.024323817 0 0 0 0 0
1489239666.017987490 0.273686677 0.034990922 0 0 0 0 0
1489239666.059037209 0.239639521 0.034002081 0 0 0 0 0
1489239666.099897623 0.277432323 0.052047454 0 0 0 0 0
1489239666.140964746 0.311279655 -0.060672909 0 0 0 0 0
1489239666.182143211 0.282833457 0.037444152 0 0 0 0 0
1489239666.223149061 0.232271910 -0.037359335 0 0 0 0 0
1489239666.263925791 0.277635276 -0.109030232 0 0 0 0 0
1489239666.305540085 0.293740094 0.131756082 0 0 0 0 0
1489239666.346257925 0.225797772 0.047139786 0 0 0 0 0
1489239666.387821198 0.256000251 -0.034364205 0 0 0 0 0
1489239666.427983284 0.306642592 0.163428843 0 0 0 0 0
1489239666.428006411 0.278847992 -0.015684515 0 0 0 0 0
1489239666.474094152 0.296380281 -0.072099447 0 0 0 0 0
1489239666.509914637 0.213277653 0.156477943 0 0 0 0 0
1489239666.550868034 0.282199323 -0.105274364 0 0 0 0 0
1489239666.591770172 0.262867421 0.026946802 0 0 0 0 0
1489239666.637170315 0.282286823 0.038588457 0 0 0 0 0
1489239666.673990250 0.284073442 0.100592136 0 0 0 0 0
1489239666.714673758 0.271918297 -0.079771958 0 0 0 0 0
1489239666.755754232 0.260620415 0.151040941 0 0 0 0 0
1489239666.801234245 0.271487057 -0.145045713 0 0 0 0 0
1489239666.837883949 0.289346665 0.118422985 0 0 0 0 0
1489239666.879084826 0.226481870 0.029399592 0 0 0 0 0
1489239666.919960022 0.238112837 -0.016024379 0 0 0 0 0
1489239666.960844278 0.246429369 0.046710171 0 0 0 0 0
1489239667.001919270 0.290698498 0.072631106 0 0 0 0 0
1489239667.043061256 0.220168516 -0.054548137 0 0 0 0 0
1489239667.088101149 0.232319266 0.079217270 0 0 0 0 0
1489239667.125028372 0.251672655 0.081205837 0 0 0 0 0
1489239667.166187525 0.254513323 0.011102250 0 0 0 0 0
1489239667.206812620 0.308175504 0.002444692 0 0 0 0 0
1489239667.252203941 0.279762805 0.143596873 0 0 0 0 0
1489239667.288736582 0.304524899 -0.053563714 0 0 0 0 0
1489239667.329998255 0.284576833 -0.007938528 0 0 0 0 0
1489239667.372479439 0.248642176 0.221069366 0 0 0 0 0
1489239667.414621830 0.318991095 -0.143335178 0 0 0 0 0
1489239667.453066349 0.334717423 0.002404182 0 0 0 0 0
1489239667.494053364 0.254699498 0.167114362 0 0 0 0 0
1489239667.535081148 0.289937168 0.000740342 0 0 0 0 0
1489239667.575989485 0.313515723 -0.141784117 0 0 0 0 0
1489239667.617069960 0.261711091 0.140958861 0 0 0 0 0
1489239667.657994270 0.253160775 -0.070060655 0 0 0 0 0
1489239667.698953390 0.325631082 0.054814983 0 0 0 0 0
1489239667.741094351 0.277513981 0.047658503 0 0 0 0 0
1489239667.741114378 0.281855047 0.052481532 0 0 0 0 0
1489239667.781053782 0.271040976 0.028252536 0 0 0 0 0
1489239667.826088667 0.271094859 0.001985797 0 0 0 0 0
1489239667.862927914 0.176635608 0.090825275 0 0 0 0 0
1489239667.904038906 0.229152754 -0.000296812 0 0 0 0 0
1489239667.945185423 0.311052173 0.122159563 0 0 0 0 0
1489239667.993195772 0.258966357 -0.134825006 0 0 0 0 0
1489239668.026845455 0.283956647 0.157270283 0 0 0 0 0
1489239668.068026304 0.273364961 0.043461461 0 0 0 0 0
1489239668.108881235 0.310513645 -0.094195053 0 0 0 0 0
1489239668.154109240 0.291343987 0.184918553 0 0 0 0 0
1489239668.190732002 0.326879799 -0.012751723 0 0 0 0 0
1489239668.232040644 0.291216284 0.053890716 0 0 0 0 0
1489239668.272947073 0.358572543 0.001333642 0 0 0 0 0
1489239668.313895941 0.299347788 0.127744094 0 0 0 0 0
1489239668.354920387 0.397632748 -0.203328416 0 0 0 0 0
1489239668.395980835 0.316213161 0.285030872 0 0 0 0 0
1489239668.437114477 0.409100145 -0.165189117 0 0 0 0 0
1489239668.478113890 0.388308853 0.086099699 0 0 0 0 0
1489239668.518969774 0.374918371 -0.061884068 0 0 0 0 0
1489239668.559967279 0.361232102 0.145396739 0 0 0 0 0
1489239668.601005554 0.372018635 -0.059771739 0 0 0 0 0
1489239668.605266809 0.341988862 0.026079964 0 0 0 0 0
1489239668.642083406 0.337151915 -0.018472668 0 0 0 0 0
1489239668.682939291 0.290238887 0.220676661 0 0 0 0 0
1489239668.728275537 0.319665134 -0.152397782 0 0 0 0 0
1489239668.764971972 0.346831173 0.076920934 0 0 0 0 0
1489239668.806473017 0.354824156 0.159341037 0 0 0 0 0
1489239668.847249508 0.358367026 0.004933877 0 0 0 0 0
1489239668.887896299 0.300765842 0.012391007 0 0 0 0 0
1489239668.929021120 0.332893848 0.093280882 0 0 0 0 0
1489239668.969964743 0.300109565 0.081794083 0 0 0 0 0
1489239669.011179209 0.280401707 0.034051199 0 0 0 0 0
1489239669.052043676 0.361517727 -0.065024637 0 0 0 0 0
1489239669.056185246 0.360683262 0.131310552 0 0 0 0 0
1489239669.092895269 0.319981962 0.073570095 0 0 0 0 0
1489239669.133993626 0.310290903 -0.206416205 0 0 0 0 0
1489239669.174902678 0.321075737 0.414381176 0 0 0 0 0
1489239669.215999842 0.373013854 -0.040239688 0 0 0 0 0
1489239669.257043600 0.362354487 -0.289706916 0 0 0 0 0
1489239669.297947407 0.350922048 0.433992058 0 0 0 0 0
1489239669.339206934 0.411396086 -0.014626697 0 0 0 0 0
1489239669.381887197 0.344954401 -0.078562818 0 0 0 0 0
1489239669.421098709 0.269843787 0.196568474 0 0 0 0 0
1489239669.462034702 0.375166357 0.010480764 0 0 0 0 0
1489239669.462062120 0.330978632 -0.047770228 0 0 0 0 0
1489239669.507139444 0.365785211 -0.038083583 0 0 0 0 0
1489239669.544154167 0.324238122 0.256502956 0 0 0 0 0
1489239669.585017920 0.394989312 -0.272069633 0 0 0 0 0
1489239669.625835896 0.377146304 0.162004799 0 0 0 0 0
1489239669.666843653 0.325231224 0.160171077 0 0 0 0 0
1489239669.707743406 0.350300491 -0.150242180 0 0 0 0 0
1489239669.748861313 0.349333048 0.129572183 0 0 0 0 0
1489239669.789815426 0.377789199 0.218080804 0 0 0 0 0
1489239669.830876350 0.339036137 -0.101724051 0 0 0 0 0
1489239669.830900908 0.344912708 0.010682466 0 0 0 0 0
1489239669.871959686 0.256862074 0.026604053 0 0 0 0 0
1489239669.913143873 0.277450889 0.079220936 0 0 0 0 0
1489239669.957846880 0.395796478 0.036465693 0 0 0 0 0
1489239669.994892120 0.222145110 0.015363989 0 0 0 0 0
1489239670.035880327 0.282135665 0.164682329 0 0 0 0 0
1489239670.077108383 0.156701058 0.012186499 0 0 0 0 0
1489239670.118030310 0.275268793 0.116573729 0 0 0 0 0
1489239670.158834934 0.317982823 -0.015924687 0 0 0 0 0
1489239670.199841499 0.249343351 -0.079710826 0 0 0 0 0
1489239670.241935015 0.302010298 0.125866145 0 0 0 0 0
1489239670.245361805 0.369284600 -0.091562510 0 0 0 0 0
1489239670.282017469 0.348397940 0.286141425 0 0 0 0 0
1489239670.322921753 0.299441189 -0.208671570 0 0 0 0 0
1489239670.363631248 0.249821782 0.326955378 0 0 0 0 0
1489239670.409023762 0.326504230 -0.241080046 0 0 0 0 0
1489239670.446118116 0.350737244 0.292476982 0 0 0 0 0
1489239670.486928701 0.374255061 -0.060352415 0 0 0 0 0
1489239670.528033257 0.242933080 0.104155675 0 0 0 0 0
1489239670.568935633 0.405414045 -0.086014524 0 0 0 0 0
1489239670.609996319 0.330462039 0.429120630 0 0 0 0 0
1489239670.651183128 0.387490034 -0.171136960 0 0 0 0 0
1489239670.651250839 0.218468398 0.085312203 0 0 0 0 0
1489239670.696197271 0.330816269 0.160112381 0 0 0 0 0
1489239670.732887268 0.246038765 -0.183178201 0 0 0 0 0
1489239670.774051666 0.277717054 -0.092077509 0 0 0 0 0
1489239670.814844847 0.290148705 0.134462804 0 0 0 0 0
1489239670.855814934 0.211432859 0.113722302 0 0 0 0 0
1489239670.896956682 0.315263033 -0.261993110 0 0 0 0 0
1489239670.938098669 0.320668966 0.332137972 0 0 0 0 0
1489239670.978950977 0.312453032 -0.069356665 0 0 0 0 0
1489239671.019849777 0.333823800 -0.171142295 0 0 0 0 0
1489239671.060881138 0.385782719 0.166076913 0 0 0 0 0
1489239671.060987711 0.331257075 0.154597625 0 0 0 0 0
1489239671.101749659 0.304188937 -0.187398642 0 0 0 0 0
1489239671.147306681 0.241455317 0.169778883 0 0 0 0 0
1489239671.183962822 0.300295264 -0.190256834 0 0 0 0 0
1489239671.224964142 0.285568774 0.204864293 0 0 0 0 0
1489239671.266024828 0.285348773 0.076166674 0 0 0 0 0
1489239671.308399677 0.369233221 -0.182866484 0 0 0 0 0
1489239671.347967625 0.322113186 0.148212478 0 0 0 0 0
1489239671.388855934 0.318946689 0.031720139 0 0 0 0 0
1489239671.430007219 0.343068123 -0.014562413 0 0 0 0 0
1489239671.470859051 0.220883250 -0.036411036 0 0 0 0 0
1489239671.470878601 0.275634587 0.085475072 0 0 0 0 0
1489239671.511832952 0.227538615 0.035052061 0 0 0 0 0
1489239671.552958250 0.364235580 0.092704736 0 0 0 0 0
1489239671.598264217 0.214169309 -0.031475030 0 0 0 0 0
1489239671.634809256 0.212366104 -0.018029341 0 0 0 0 0
1489239671.675961971 0.272892386 -0.000034425 0 0 0 0 0
1489239671.716820955 0.243276209 -0.017939836 0 0 0 0 0
1489239671.757896900 0.204772234 0.145041421 0 0 0 0 0
1489239671.798958302 0.243885189 -0.030054396 0 0 0 0 0
1489239671.839876652 0.273462534 -0.018986782 0 0 0 0 0
1489239671.880883932 0.318688452 0.090874031 0 0 0 0 0
1489239671.885244370 0.257071555 0.118841410 0 0 0 0 0
1489239671.921777725 0.283088148 -0.189373970 0 0 0 0 0
1489239671.962973118 0.200615376 0.161636427 0 0 0 0 0
1489239672.003979921 0.328385502 0.158492491 0 0 0 0 0
1489239672.049267292 0.295325816 0.031290628 0 0 0 0 0
1489239672.085960150 0.249801844 -0.055543531 0 0 0 0 0
1489239672.126860380 0.291922212 0.151174307 0 0 0 0 0
1489239672.168224096 0.309365213 0.112993285 0 0 0 0 0
1489239672.209172249 0.318945259 -0.173304230 0 0 0 0 0
1489239672.249947309 0.295924842 0.127713993 0 0 0 0 0
1489239672.249997377 0.268567562 0.228239208 0 0 0 0 0
1489239672.290780544 0.322286248 -0.131350145 0 0 0 0 0
1489239672.376513720 0.264634669 0.185992017 0 0 0 0 0
1489239672.376543999 0.279366970 0.094480358 0 0 0 0 0
1489239672.413959265 0.285999984 -0.050847869 0 0 0 0 0
1489239672.455079794 0.335498095 0.005751149 0 0 0 0 0
1489239672.500232458 0.336294949 0.129547730 0 0 0 0 0
1489239672.536981106 0.262706935 0.150398836 0 0 0 0 0
1489239672.578054667 0.276168227 -0.058736783 0 0 0 0 0
1489239672.618914366 0.321343273 0.183204740 0 0 0 0 0
1489239672.660115004 0.362891257 -0.056424666 0 0 0 0 0
1489239672.660155773 0.185586542 0.103523776 0 0 0 0 0
1489239672.700884819 0.248325035 -0.025934035 0 0 0 0 0
1489239672.741903543 0.298055857 0.098422572 0 0 0 0 0
1489239672.787103891 0.345143855 0.087510452 0 0 0 0 0
1489239672.823858500 0.319803834 -0.132562608 0 0 0 0 0
1489239672.865010500 0.254329473 0.107979372 0 0 0 0 0
1489239672.906145573 0.273563445 0.095862761 0 0 0 0 0
1489239672.951825857 0.343891680 -0.055010151 0 0 0 0 0
1489239672.987789154 0.282578886 0.214571238 0 0 0 0 0
1489239673.028916121 0.255145550 -0.093248472 0 0 0 0 0
1489239673.069860458 0.290443003 0.065406993 0 0 0 0 0
1489239673.074262619 0.302988261 0.220459431 0 0 0 0 0
1489239673.111070156 0.303499907 -0.268094361 0 0 0 0 0
1489239673.151976824 0.243795276 0.239597052 0 0 0 0 0
1489239673.192840576 0.299951315 -0.020517612 0 0 0 0 0
1489239673.276485920 0.222222880 0.021984030 0 0 0 0 0
1489239673.276516914 0.267142028 -0.071329668 0 0 0 0 0
1489239673.315978765 0.272143006 0.110014856 0 0 0 0 0
1489239673.356859684 0.300564766 -0.072702363 0 0 0 0 0
1489239673.403085470 0.277853072 0.227959111 0 0 0 0 0
1489239673.438764811 0.314210415 -0.064525872 0 0 0 0 0
1489239673.480149984 0.308652371 0.055526577 0 0 0 0 0
1489239673.480177402 0.326188236 0.122039020 0 0 0 0 0
1489239673.525094986 0.290254354 0.005577338 0 0 0 0 0
1489239673.562059402 0.313081443 0.149247333 0 0 0 0 0
1489239673.602893591 0.265373498 -0.029303962 0 0 0 0 0
1489239673.643889189 0.302454680 0.285714865 0 0 0 0 0
1489239673.689096689 0.279395819 -0.029232353 0 0 0 0 0
1489239673.725781679 0.351973385 -0.013221760 0 0 0 0 0
1489239673.767081499 0.295585930 0.234769076 0 0 0 0 0
1489239673.807790041 0.367137045 -0.220058292 0 0 0 0 0
1489239673.848849297 0.285336733 0.212995499 0 0 0 0 0
1489239673.889780760 0.271477431 0.028586810 0 0 0 0 0
1489239673.889928341 0.329973042 0.114089347 0 0 0 0 0
1489239673.930934906 0.333790600 0.247829646 0 0 0 0 0
1489239673.971885204 0.382530868 -0.205603838 0 0 0 0 0
1489239674.013155222 0.332585305 0.208744675 0 0 0 0 0
1489239674.054140806 0.323582947 0.139877185 0 0 0 0 0
1489239674.094918251 0.347086757 -0.157010779 0 0 0 0 0
1489239674.136266470 0.341951638 -0.012916787 0 0 0 0 0
1489239674.177096844 0.276277602 0.236761063 0 0 0 0 0
1489239674.218051195 0.348879457 0.045836806 0 0 0 0 0
1489239674.258854628 0.343519092 -0.055059474 0 0 0 0 0
1489239674.299689293 0.319939792 0.112887159 0 0 0 0 0
1489239674.343960047 0.277894169 0.237087324 0 0 0 0 0
1489239674.344001770 0.305772603 -0.088999204 0 0 0 0 0
1489239674.382039309 0.314983428 0.001394096 0 0 0 0 0
1489239674.422834396 0.308979005 0.240818575 0 0 0 0 0
1489239674.463994265 0.330556333 -0.035501339 0 0 0 0 0
1489239674.504911423 0.267789096 0.037156977 0 0 0 0 0
1489239674.545978546 0.371604919 0.033995446 0 0 0 0 0
1489239674.586891651 0.328534573 0.359799415 0 0 0 0 0
1489239674.627968073 0.349886447 -0.217400745 0 0 0 0 0
1489239674.669073820 0.296441913 0.094401307 0 0 0 0 0
1489239674.669101000 0.325538635 0.249725342 0 0 0 0 0
1489239674.709949017 0.331198215 -0.128993914 0 0 0 0 0
1489239674.755057096 0.307099074 0.181117892 0 0 0 0 0
1489239674.791775465 0.342770129 0.107370555 0 0 0 0 0
1489239674.832975864 0.326583087 -0.060491014 0 0 0 0 0
1489239674.874031067 0.310904324 0.298128188 0 0 0 0 0
1489239674.914941549 0.375646263 -0.208900407 0 0 0 0 0
1489239674.956050158 0.329747260 0.286411822 0 0 0 0 0
1489239674.997088671 0.309900045 0.151078656 0 0 0 0 0
1489239675.037987709 0.342118144 -0.238730818 0 0 0 0 0
1489239675.079090595 0.319040120 0.199059367 0 0 0 0 0
1489239675.079146147 0.305149376 0.212194771 0 0 0 0 0
1489239675.119810343 0.302640617 -0.291742861 0 0 0 0 0
1489239675.160942316 0.317342609 0.226581186 0 0 0 0 0
1489239675.243234396 0.310915351 0.032449033 0 0 0 0 0
1489239675.243261099 0.345703572 -0.048604093 0 0 0 0 0
1489239675.284135103 0.274833262 -0.131864518 0 0 0 0 0
1489239675.324832678 0.297891557 0.027765935 0 0 0 0 0
1489239675.366075516 0.291654706 0.064354911 0 0 0 0 0
1489239675.406934261 0.312563509 -0.146953493 0 0 0 0 0
1489239675.448209763 0.217930436 0.036768369 0 0 0 0 0
1489239675.488735914 0.240673453 -0.083709523 0 0 0 0 0
1489239675.493067265 0.202178836 0.084579118 0 0 0 0 0
1489239675.529950142 0.208146900 -0.095712952 0 0 0 0 0
1489239675.570872307 0.231763333 -0.100357279 0 0 0 0 0
1489239675.611877441 0.138970703 -0.034554869 0 0 0 0 0
1489239675.653027058 0.170771092 -0.128805786 0 0 0 0 0
1489239675.693936348 0.118476987 -0.049869597 0 0 0 0 0
1489239675.734885454 0.085579738 -0.010554664 0 0 0 0 0
1489239675.776128531 0.071768187 0.009552722 0 0 0 0 0
1489239675.816991568 0.035064597 -0.045293562 0 0 0 0 0
1489239675.857953072 0.057103604 0.072970375 0 0 0 0 0
1489239675.899194717 0.044453949 0.045310996 0 0 0 0 0
1489239675.899237633 0.003474006 -0.012604497 0 0 0 0 0
1489239675.944889545 0.024548572 -0.036728095 0 0 0 0 0
1489239675.981080770 -0.003087090 0.090831682 0 0 0 0 0
1489239676.021902561 0.036664505 -0.089107506 0 0 0 0 0
1489239676.063075781 0.027618166 -0.128656656 0 0 0 0 0
1489239676.106204510 0.009751881 -0.026517857 0 0 0 0 0
1489239676.144875765 0.030378316 -0.068958133 0 0 0 0 0
1489239676.186080933 0.025929052 -0.204432040 0 0 0 0 0
1489239676.226932526 0.031487234 -0.007460667 0 0 0 0 0
1489239676.270387173 0.044440612 -0.081865057 0 0 0 0 0
1489239676.308914661 0.027184520 -0.176176876 0 0 0 0 0
1489239676.308934689 -0.006284517 -0.061910070 0 0 0 0 0
1489239676.350098372 0.027146433 -0.218520954 0 0 0 0 0
1489239676.395127296 0.046767168 -0.220558241 0 0 0 0 0
1489239676.431854963 0.085227177 -0.259851754 0 0 0 0 0
1489239676.473181009 -0.010452630 0.032417469 0 0 0 0 0
1489239676.513807535 0.033424787 -0.352345109 0 0 0 0 0
1489239676.555697918 -0.010072976 -0.220831230 0 0 0 0 0
1489239676.596011162 0.048047826 -0.247933656 0 0 0 0 0
1489239676.636828899 0.021681875 -0.359285057 0 0 0 0 0
1489239676.677993059 0.031389311 -0.380019188 0 0 0 0 0
1489239676.718784809 0.004868600 -0.296420068 0 0 0 0 0
1489239676.759953022 0.025066588 -0.327081054 0 0 0 0 0
1489239676.800907373 0.007734896 -0.291093707 0 0 0 0 0
1489239676.846231937 0.061861984 -0.357090265 0 0 0 0 0
1489239676.883067846 0.037576217 -0.413870096 0 0 0 0 0
1489239676.923794985 0.030071035 -0.432908863 0 0 0 0 0
1489239676.964870214 -0.005490095 -0.323545426 0 0 0 0 0
1489239677.005712271 -0.017605308 -0.498339117 0 0 0 0 0
1489239677.047142982 -0.042125806 -0.357704461 0 0 0 0 0
1489239677.087847233 0.025290329 -0.556718528 0 0 0 0 0
1489239677.128871202 -0.012778319 -0.289837599 0 0 0 0 0
1489239677.133330584 -0.000740907 -0.501592398 0 0 0 0 0
1489239677.169790506 -0.055986792 -0.356337428 0 0 0 0 0
1489239677.252090454 -0.012235237 -0.619558692 0 0 0 0 0
1489239677.252137423 -0.044412144 -0.215990037 0 0 0 0 0
1489239677.297172308 -0.008715105 -0.596150219 0 0 0 0 0
1489239677.333745480 -0.030902937 -0.395210326 0 0 0 0 0
1489239677.375792742 -0.061528228 -0.247724339 0 0 0 0 0
1489239677.416004896 -0.012985371 -0.685850561 0 0 0 0 0
1489239677.456859589 -0.020371409 -0.340004325 0 0 0 0 0
1489239677.497903347 0.052675951 -0.403052986 0 0 0 0 0
1489239677.538906097 -0.023060182 -0.449667633 0 0 0 0 0
1489239677.538919687 -0.029031476 -0.663260818 0 0 0 0 0
1489239677.584221125 -0.065496273 -0.152978599 0 0 0 0 0
1489239677.620883465 -0.060926605 -0.547722697 0 0 0 0 0
1489239677.661916733 -0.024940668 -0.687083185 0 0 0 0 0
1489239677.702954531 -0.059680343 -0.273176402 0 0 0 0 0
1489239677.748214006 -0.032937936 -0.432850659 0 0 0 0 0
1489239677.784904718 -0.014261951 -0.505888820 0 0 0 0 0
1489239677.825755119 -0.009415263 -0.456288010 0 0 0 0 0
1489239677.866849184 -0.024403132 -0.430403858 0 0 0 0 0
1489239677.908061504 -0.080176488 -0.502272904 0 0 0 0 0
1489239677.949183941 -0.025064413 -0.510268211 0 0 0 0 0
1489239677.949209213 -0.042700924 -0.355265319 0 0 0 0 0
1489239677.989692450 0.013225162 -0.679690957 0 0 0 0 0
1489239678.035225868 -0.017097328 -0.237851828 0 0 0 0 0
1489239678.072121143 -0.027358238 -0.411299944 0 0 0 0 0
1489239678.112932205 0.017905351 -0.683232069 0 0 0 0 0
1489239678.153916121 -0.052573226 -0.274003446 0 0 0 0 0
1489239678.237726212 -0.006776506 -0.559345007 0 0 0 0 0
1489239678.237765789 -0.057286430 -0.428726614 0 0 0 0 0
1489239678.276846409 -0.026428815 -0.592020690 0 0 0 0 0
1489239678.317845345 -0.000917061 -0.629369318 0 0 0 0 0
1489239678.358781099 -0.073645279 -0.351133198 0 0 0 0 0
1489239678.358814955 -0.050733913 -0.756033301 0 0 0 0 0
1489239678.400627136 -0.066965185 -0.471980244 0 0 0 0 0
1489239678.440814257 -0.037750106 -0.356058896 0 0 0 0 0
1489239678.486043215 0.005270706 -0.762159824 0 0 0 0 0
1489239678.522716761 -0.107726514 -0.351448476 0 0 0 0 0
1489239678.564551353 -0.050795335 -0.446034014 0 0 0 0 0
1489239678.604955196 -0.034385361 -0.630918443 0 0 0 0 0
1489239678.650198221 -0.085370287 -0.390821338 0 0 0 0 0
1489239678.687036037 -0.000062869 -0.460761964 0 0 0 0 0
1489239678.727771044 -0.072225243 -0.311784089 0 0 0 0 0
1489239678.769292593 -0.033306152 -0.815914035 0 0 0 0 0
1489239678.773239374 -0.077109300 -0.187507600 0 0 0 0 0
1489239678.891715288 -0.066335715 -0.535134792 0 0 0 0 0
1489239678.937186480 -0.007411721 -0.281186312 0 0 0 0 0
1489239678.973802805 -0.026147049 -0.505320489 0 0 0 0 0
1489239679.014996052 -0.039034817 -0.414345324 0 0 0 0 0
1489239679.055887938 -0.069081880 -0.398458958 0 0 0 0 0
1489239679.097080231 -0.052859951 -0.375479132 0 0 0 0 0
1489239679.137827158 -0.011381084 -0.469108969 0 0 0 0 0
1489239679.137836695 -0.063998938 -0.336305082 0 0 0 0 0
1489239679.178984880 -0.077324077 -0.465119779 0 0 0 0 0
1489239679.219717741 -0.075258508 -0.330293387 0 0 0 0 0
1489239679.264823675 -0.061846137 -0.584097743 0 0 0 0 0
1489239679.301684380 -0.018664291 -0.484320819 0 0 0 0 0
1489239679.343094587 -0.081546731 -0.263915241 0 0 0 0 0
1489239679.383991003 -0.039128568 -0.705400705 0 0 0 0 0
1489239679.424816847 -0.087774359 -0.239015341 0 0 0 0 0
1489239679.465950251 -0.064994007 -0.385523200 0 0 0 0 0
1489239679.506735325 -0.073235385 -0.562756181 0 0 0 0 0
1489239679.547815561 -0.063822284 -0.463492155 0 0 0 0 0
1489239679.552109718 -0.062270224 -0.359859526 0 0 0 0 0
1489239679.588633060 -0.047291029 -0.507965326 0 0 0 0 0
1489239679.629895926 -0.101429358 -0.395001143 0 0 0 0 0
1489239679.671042204 -0.000280903 -0.443895042 0 0 0 0 0
1489239679.711916685 -0.050394166 -0.379140496 0 0 0 0 0
1489239679.752949715 -0.022669394 -0.490842760 0 0 0 0 0
1489239679.793941975 -0.084810182 -0.619668186 0 0 0 0 0
1489239679.834821939 -0.008306880 -0.294822872 0 0 0 0 0
1489239679.875768423 -0.061135791 -0.579406381 0 0 0 0 0
1489239679.916822195 -0.048053619 -0.588940620 0 0 0 0 0
1489239679.957889795 -0.064488739 -0.380364597 0 0 0 0 0
1489239679.957905054 -0.007216333 -0.613637030 0 0 0 0 0
1489239680.003160954 -0.058897205 -0.386712253 0 0 0 0 0
1489239680.039894581 -0.027378839 -0.700754821 0 0 0 0 0
1489239680.080968618 -0.069001064 -0.372716248 0 0 0 0 0
1489239680.121919394 -0.035824589 -0.492883205 0 0 0 0 0
1489239680.164697170 -0.017933641 -0.584568739 0 0 0 0 0
1489239680.204102039 -0.108441509 -0.256833732 0 0 0 0 0
1489239680.244991779 -0.044487931 -0.676242888 0 0 0 0 0
1489239680.286035776 -0.082108080 -0.480351776 0 0 0 0 0
1489239680.326891661 -0.017277965 -0.548342168 0 0 0 0 0
1489239680.367836952 -0.052847110 -0.381843805 0 0 0 0 0
1489239680.368021250 -0.042149782 -0.755723953 0 0 0 0 0
1489239680.408922434 -0.052925617 -0.340539277 0 0 0 0 0
1489239680.454103231 -0.053657185 -0.443183482 0 0 0 0 0
1489239680.490698576 -0.044859070 -0.473789126 0 0 0 0 0
1489239680.532157421 0.000229963 -0.523427606 0 0 0 0 0
1489239680.572761536 -0.009652862 -0.540810764 0 0 0 0 0
1489239680.613669634 -0.011764573 -0.267967761 0 0 0 0 0
1489239680.654770374 -0.023767196 -0.512377203 0 0 0 0 0
1489239680.695991039 -0.018680071 -0.416299015 0 0 0 0 0
1489239680.737367392 -0.074275240 -0.337139517 0 0 0 0 0
1489239680.777944326 -0.041392807 -0.632388890 0 0 0 0 0
1489239680.777987957 -0.027555976 -0.378757298 0 0 0 0 0
1489239680.818810940 -0.012437840 -0.274921834 0 0 0 0 0
1489239680.859872818 -0.017263662 -0.616703153 0 0 0 0 0
1489239680.905128241 -0.060542453 -0.585919976 0 0 0 0 0
1489239680.941987753 -0.050537985 -0.145327568 0 0 0 0 0
1489239680.982923746 -0.012000892 -0.366810322 0 0 0 0 0
1489239681.023792982 0.047215302 -0.619583607 0 0 0 0 0
1489239681.064809084 -0.023884740 -0.226302579 0 0 0 0 0
1489239681.105822563 0.012240439 -0.329589427 0 0 0 0 0
1489239681.146926403 -0.052665442 -0.612179577 0 0 0 0 0
1489239681.187812805 -0.010991996 -0.458393037 0 0 0 0 0
1489239681.232117414 -0.038004782 -0.109796926 0 0 0 0 0
1489239681.232137203 -0.003969775 -0.655833662 0 0 0 0 0
1489239681.269911766 -0.022629285 -0.257038295 0 0 0 0 0
1489239681.310815811 -0.031769194 -0.463531911 0 0 0 0 0
1489239681.353547573 -0.071091220 -0.303735435 0 0 0 0 0
1489239681.392733335 -0.000419584 -0.466810048 0 0 0 0 0
1489239681.433734655 -0.020641595 -0.317973018 0 0 0 0 0
1489239681.474991798 -0.017637689 -0.320551932 0 0 0 0 0
1489239681.515876293 -0.029894626 -0.399987042 0 0 0 0 0
1489239681.556915045 -0.030832812 -0.443524182 0 0 0 0 0
1489239681.597833872 -0.033018269 -0.208946466 0 0 0 0 0
1489239681.638720751 -0.024792535 -0.272628814 0 0 0 0 0
1489239681.680105686 -0.006233358 -0.531349123 0 0 0 0 0
1489239681.721019983 0.002570418 -0.144288674 0 0 0 0 0
1489239681.761815310 -0.040775664 -0.440863997 0 0 0 0 0
1489239681.807013988 -0.037171360 -0.490681022 0 0 0 0 0
1489239681.843756437 -0.027482670 -0.243549705 0 0 0 0 0
1489239681.884769201 -0.057581168 -0.402170718 0 0 0 0 0
1489239681.925705433 0.004927217 -0.474682182 0 0 0 0 0
1489239681.966833591 -0.071450375 -0.047837529 0 0 0 0 0
1489239682.007825851 0.015349622 -0.594330966 0 0 0 0 0
1489239682.049095631 -0.032088399 -0.346581280 0 0 0 0 0
1489239682.089696646 -0.026397794 -0.267102063 0 0 0 0 0
1489239682.131271124 -0.044004850 -0.117502764 0 0 0 0 0
1489239682.171829462 -0.007818011 -0.600263953 0 0 0 0 0
1489239682.213282824 -0.025013890 -0.199263781 0 0 0 0 0
1489239682.255368233 -0.023785356 -0.300496072 0 0 0 0 0
1489239682.294904232 0.022817381 -0.441893637 0 0 0 0 0
1489239682.335839510 -0.049407162 -0.282448739 0 0 0 0 0
1489239682.376999855 -0.045239657 -0.320370704 0 0 0 0 0
1489239682.417772532 -0.023423539 -0.255345851 0 0 0 0 0
1489239682.417801142 -0.015852390 -0.488334566 0 0 0 0 0
1489239682.458701372 -0.010015597 -0.186538607 0 0 0 0 0
1489239682.499861240 -0.012632109 -0.226265639 0 0 0 0 0
1489239682.545265675 -0.031342387 -0.397912562 0 0 0 0 0
1489239682.581940174 -0.023769582 -0.182181150 0 0 0 0 0
1489239682.622798920 -0.038522646 -0.285385013 0 0 0 0 0
1489239682.663889170 -0.018703870 -0.259646297 0 0 0 0 0
1489239682.704763174 -0.041770387 -0.198789194 0 0 0 0 0
1489239682.745966911 -0.018958211 -0.328346968 0 0 0 0 0
1489239682.786927938 -0.017808398 -0.257401228 0 0 0 0 0
1489239682.827794313 -0.038695060 -0.211233497 0 0 0 0 0
1489239682.868910074 -0.012590477 -0.161843166 0 0 0 0 0
1489239682.909944057 -0.006485355 -0.262922049 0 0 0 0 0
1489239682.950840473 -0.033956118 -0.086512707 0 0 0 0 0
1489239682.996084929 -0.044643335 -0.129659802 0 0 0 0 0
1489239683.032903671 -0.076594815 -0.229242772 0 0 0 0 0
1489239683.073826075 -0.046891816 -0.071587563 0 0 0 0 0
1489239683.114878178 -0.101203837 -0.047324602 0 0 0 0 0
1489239683.158058882 -0.125550374 -0.114087783 0 0 0 0 0
1489239683.196775913 -0.065857090 -0.022137050 0 0 0 0 0
1489239683.237833261 -0.088116437 -0.099576905 0 0 0 0 0
1489239683.283231735 -0.111816332 0.013954873 0 0 0 0 0
1489239683.319919586 -0.117267944 0.094349533 0 0 0 0 0
1489239683.360886574 -0.112880602 -0.196190879 0 0 0 0 0
1489239683.401964426 -0.118031479 0.022819232 0 0 0 0 0
1489239683.447169304 -0.161529869 -0.024412988 0 0 0 0 0
1489239683.483805418 -0.173029274 -0.106573462 0 0 0 0 0
1489239683.524801493 -0.172849372 -0.123930074 0 0 0 0 0
1489239683.565825462 -0.153392926 -0.113306955 0 0 0 0 0
1489239683.606880903 -0.246394604 -0.153551430 0 0 0 0 0
1489239683.647951126 -0.227618501 -0.174183771 0 0 0 0 0
1489239683.688619852 -0.242533416 -0.003139430 0 0 0 0 0
1489239683.734055042 -0.298830926 -0.162279725 0 0 0 0 0
1489239683.770802259 -0.306264341 -0.147360370 0 0 0 0 0
1489239683.811788321 -0.316097319 0.193835229 0 0 0 0 0
1489239683.852840900 -0.322382540 -0.137352571 0 0 0 0 0
1489239683.898115873 -0.337163270 -0.034233630 0 0 0 0 0
1489239683.934864998 -0.345438123 0.147304505 0 0 0 0 0
1489239683.975778103 -0.387461364 -0.043520313 0 0 0 0 0
1489239684.016821861 -0.375505447 -0.029511128 0 0 0 0 0
1489239684.057693005 -0.373323083 0.000050876 0 0 0 0 0
1489239684.098823071 -0.396665394 -0.034175836 0 0 0 0 0
1489239684.139734268 -0.407771647 -0.053757131 0 0 0 0 0
1489239684.225807667 -0.418752968 -0.013361852 0 0 0 0 0
1489239684.225826979 -0.414675653 -0.132199883 0 0 0 0 0
1489239684.262811899 -0.395761251 0.054611247 0 0 0 0 0
1489239684.303786755 -0.467927754 -0.091040850 0 0 0 0 0
1489239684.349118948 -0.388560772 -0.118311547 0 0 0 0 0
1489239684.385859013 -0.439448535 0.141754538 0 0 0 0 0
1489239684.426846266 -0.450137615 -0.078254372 0 0 0 0 0
1489239684.467750549 -0.428719133 -0.223846152 0 0 0 0 0
1489239684.508779526 -0.421276987 0.202775285 0 0 0 0 0
1489239684.549952507 -0.420601994 -0.103179738 0 0 0 0 0
1489239684.590655565 -0.478802770 -0.017508175 0 0 0 0 0
1489239684.631789446 -0.473177969 0.078280345 0 0 0 0 0
1489239684.672807455 -0.473200738 -0.188362285 0 0 0 0 0
1489239684.713696718 -0.478597492 0.069242917 0 0 0 0 0
1489239684.754940033 -0.502825975 0.089234121 0 0 0 0 0
1489239684.800129175 -0.481909215 -0.181596547 0 0 0 0 0
1489239684.836716652 -0.528201282 0.004543476 0 0 0 0 0
1489239684.877811670 -0.545128286 0.171100259 0 0 0 0 0
1489239684.918638468 -0.524937391 -0.348494679 0 0 0 0 0
1489239684.959720612 -0.468439639 -0.053362947 0 0 0 0 0
1489239685.000812531 -0.485146523 0.197281808 0 0 0 0 0
1489239685.041738272 -0.505224168 -0.032617524 0 0 0 0 0
1489239685.082792997 -0.410307944 -0.416426569 0 0 0 0 0
1489239685.124927044 -0.541289628 0.521633863 0 0 0 0 0
1489239685.164882898 -0.492299020 -0.375639826 0 0 0 0 0
1489239685.205707788 -0.503208578 0.060559459 0 0 0 0 0
1489239685.251136780 -0.515645564 0.041138835 0 0 0 0 0
1489239685.287691832 -0.549488187 -0.182205230 0 0 0 0 0
1489239685.328714371 -0.550010145 0.057144262 0 0 0 0 0
1489239685.370357275 -0.485335916 -0.030242454 0 0 0 0 0
1489239685.410894871 -0.485568583 -0.265241146 0 0 0 0 0
1489239685.452082157 -0.516817808 0.084860921 0 0 0 0 0
1489239685.492732286 -0.544032097 0.069272444 0 0 0 0 0
1489239685.538457632 -0.464284509 -0.376581699 0 0 0 0 0
1489239685.574892759 -0.476202309 0.193466559 0 0 0 0 0
1489239685.615750790 -0.460339546 -0.083734356 0 0 0 0 0
1489239685.656707287 -0.475246280 -0.102803029 0 0 0 0 0
1489239685.702122927 -0.480587423 -0.077061936 0 0 0 0 0
1489239685.738610744 -0.570304692 0.171887055 0 0 0 0 0
1489239685.779962063 -0.484829247 -0.365122736 0 0 0 0 0
1489239685.825035095 -0.529255688 0.074191526 0 0 0 0 0
1489239685.861805201 -0.530511379 0.132786661 0 0 0 0 0
1489239685.903134584 -0.515743196 -0.186016098 0 0 0 0 0
1489239685.943806410 -0.546373188 -0.106231108 0 0 0 0 0
1489239685.988939285 -0.507581770 0.233360603 0 0 0 0 0
1489239686.025691509 -0.533562124 -0.318189591 0 0 0 0 0
1489239686.066819906 -0.588697910 0.124937639 0 0 0 0 0
1489239686.107789993 -0.575214386 0.139288798 0 0 0 0 0
1489239686.192677736 -0.533511937 -0.292867631 0 0 0 0 0
1489239686.192700386 -0.554261744 0.018993137 0 0 0 0 0
1489239686.271742821 -0.548459470 0.096393161 0 0 0 0 0
1489239686.312843561 -0.571613014 -0.341435909 0 0 0 0 0
1489239686.353896856 -0.515060306 0.140932441 0 0 0 0 0
1489239686.394787550 -0.526661456 -0.081536315 0 0 0 0 0
1489239686.435885906 -0.535563409 -0.122826673 0 0 0 0 0
1489239686.476837397 -0.552609086 0.071272768 0 0 0 0 0
1489239686.517992020 -0.495782852 -0.092495784 0 0 0 0 0
1489239686.559000254 -0.479082108 -0.140740573 0 0 0 0 0
1489239686.599900961 -0.585642636 0.288670093 0 0 0 0 0
1489239686.640918016 -0.515978932 -0.240891024 0 0 0 0 0
1489239686.681960583 -0.568740427 -0.093205653 0 0 0 0 0
1489239686.722745419 -0.623465180 0.299753964 0 0 0 0 0
1489239686.763777733 -0.507510960 -0.226105168 0 0 0 0 0
1489239686.805017710 -0.516025245 -0.154309377 0 0 0 0 0
1489239686.845834255 -0.549638271 0.143239886 0 0 0 0 0
1489239686.886865377 -0.532262802 -0.129621640 0 0 0 0 0
1489239686.927693844 -0.542710960 0.083932504 0 0 0 0 0
1489239686.968879461 -0.515428603 -0.346218795 0 0 0 0 0
1489239687.009822369 -0.577241778 0.244283035 0 0 0 0 0
1489239687.055002928 -0.483786106 -0.114984676 0 0 0 0 0
1489239687.091908693 -0.485047489 -0.112464510 0 0 0 0 0
1489239687.133142948 -0.533965468 -0.045222007 0 0 0 0 0
1489239687.178064585 -0.546683252 -0.019527461 0 0 0 0 0
1489239687.255791903 -0.547790945 -0.206752852 0 0 0 0 0
1489239687.296828032 -0.533005118 0.087049350 0 0 0 0 0
1489239687.337952137 -0.545531392 -0.136417523 0 0 0 0 0
1489239687.379215240 -0.536064863 -0.188434973 0 0 0 0 0
1489239687.419702768 -0.547282815 0.438281775 0 0 0 0 0
1489239687.460819244 -0.509162784 -0.531585395 0 0 0 0 0
1489239687.506020546 -0.575106621 0.213336140 0 0 0 0 0
1489239687.542879343 -0.549329817 -0.031729393 0 0 0 0 0
1489239687.583685160 -0.571482658 -0.137249798 0 0 0 0 0
1489239687.628976345 -0.533845782 -0.024402568 0 0 0 0 0
1489239687.706738949 -0.548696995 0.240816757 0 0 0 0 0
1489239687.747821808 -0.531175911 -0.251670718 0 0 0 0 0
1489239687.788696289 -0.539705575 0.137992740 0 0 0 0 0
1489239687.829731941 -0.538968384 -0.029513245 0 0 0 0 0
1489239687.870975733 -0.576324463 0.127608761 0 0 0 0 0
1489239687.911867857 -0.529072165 -0.176275998 0 0 0 0 0
1489239687.993886471 -0.547477603 0.146493629 0 0 0 0 0
1489239688.034710646 -0.539263606 -0.079739735 0 0 0 0 0
1489239688.076166868 -0.503021359 -0.047644716 0 0 0 0 0
1489239688.157789946 -0.548989654 0.027438635 0 0 0 0 0
1489239688.198762417 -0.615252256 -0.092969790 0 0 0 0 0
1489239688.243965626 -0.549612641 0.140950516 0 0 0 0 0
1489239688.281049013 -0.600121319 0.057308428 0 0 0 0 0
1489239688.362941504 -0.583367050 -0.105231404 0 0 0 0 0
1489239688.408131838 -0.539588153 0.161277622 0 0 0 0 0
1489239688.444923878 -0.592760563 -0.109402224 0 0 0 0 0
1489239688.526771545 -0.431679636 -0.031320840 0 0 0 0 0
1489239688.567712307 -0.477314770 0.142721504 0 0 0 0 0
1489239688.609065771 -0.480671078 -0.068644762 0 0 0 0 0
1489239688.649713039 -0.400960028 0.103908539 0 0 0 0 0
1489239688.731856823 -0.559008181 0.077645972 0 0 0 0 0
1489239688.772731066 -0.462662220 -0.133164272 0 0 0 0 0
1489239688.813752174 -0.513313949 -0.034054957 0 0 0 0 0
1489239688.856426477 -0.426723480 -0.013228448 0 0 0 0 0
1489239688.936693668 -0.503998101 0.165610000 0 0 0 0 0
1489239688.977847099 -0.470557153 -0.253043711 0 0 0 0 0
1489239689.018899918 -0.492400706 0.201002270 0 0 0 0 0
1489239689.059692621 -0.492862374 -0.147381485 0 0 0 0 0
1489239689.141666889 -0.493811458 0.062642232 0 0 0 0 0
1489239689.185197830 -0.468002617 -0.073165469 0 0 0 0 0
1489239689.223562956 -0.490808189 0.031016186 0 0 0 0 0
1489239689.265215158 -0.436560720 0.107878625 0 0 0 0 0
1489239689.346775532 -0.463950634 -0.200209543 0 0 0 0 0
1489239689.387751341 -0.474897057 0.152570516 0 0 0 0 0
1489239689.432965279 -0.403600156 -0.127876177 0 0 0 0 0
1489239689.596951485 -0.470801175 -0.170510441 0 0 0 0 0
1489239689.633810759 -0.446422905 0.129775256 0 0 0 0 0
1489239689.715720415 -0.427378595 -0.067522749 0 0 0 0 0
1489239689.756701231 -0.418565214 -0.015283301 0 0 0 0 0
1489239689.797739267 -0.392977715 -0.013910977 0 0 0 0 0
1489239689.838960886 -0.381898999 0.016282517 0 0 0 0 0
1489239689.920841455 -0.371185243 -0.045923539 0 0 0 0 0
1489239689.961886406 -0.379227102 0.005431639 0 0 0 0 0
1489239690.002695560 -0.347199947 -0.071968481 0 0 0 0 0
1489239690.084874392 -0.372310221 0.149121597 0 0 0 0 0
1489239690.125624418 -0.327095419 -0.241477817 0 0 0 0 0
1489239690.166789532 -0.319769800 0.243019059 0 0 0 0 0
1489239690.211171627 -0.275745302 -0.229262903 0 0 0 0 0
1489239690.289610624 -0.261718661 0.117401861 0 0 0 0 0
1489239690.330769777 -0.241108298 0.068882212 0 0 0 0 0
1489239690.372041225 -0.229457185 -0.182587892 0 0 0 0 0
1489239690.453854322 -0.231387168 0.302721679 0 0 0 0 0
1489239690.498994827 -0.185538799 -0.178241402 0 0 0 0 0
1489239690.576902151 -0.154940784 0.276210606 0 0 0 0 0
1489239690.617654324 -0.117629848 -0.108220160 0 0 0 0 0
1489239690.658654928 -0.097180948 0.254523337 0 0 0 0 0
1489239690.740837097 -0.080961861 -0.096457578 0 0 0 0 0
1489239690.786003113 -0.097064093 0.304294884 0 0 0 0 0
1489239690.863618612 -0.100530766 0.013855475 0 0 0 0 0
1489239690.904942274 -0.113350786 0.362245142 0 0 0 0 0
1489239690.950002670 -0.122421227 0.145682842 0 0 0 0 0
1489239691.027700186 -0.115073942 0.207153350 0 0 0 0 0
1489239691.069006205 -0.111335501 0.372832030 0 0 0 0 0
1489239691.109962940 -0.118375324 0.201594591 0 0 0 0 0
1489239691.191718817 -0.126342610 0.416742891 0 0 0 0 0
1489239691.233042955 -0.145183697 0.355340779 0 0 0 0 0
1489239691.273890972 -0.130435035 0.426861703 0 0 0 0 0
1489239691.355709076 -0.128305241 0.190655351 0 0 0 0 0
1489239691.401043415 -0.128903344 0.590111136 0 0 0 0 0
1489239691.478700876 -0.106869973 0.218360752 0 0 0 0 0
1489239691.520025969 -0.103440002 0.474163443 0 0 0 0 0
1489239691.602697134 -0.093499094 0.310212880 0 0 0 0 0
1489239691.642933846 -0.125595853 0.523147583 0 0 0 0 0
1489239691.687980890 -0.135835305 0.402012527 0 0 0 0 0
1489239691.765813112 -0.118934892 0.448343128 0 0 0 0 0
1489239691.806661606 -0.133925110 0.418203264 0 0 0 0 0
1489239691.888725996 -0.120271564 0.511608720 0 0 0 0 0
1489239691.929793119 -0.084899500 0.257307053 0 0 0 0 0
1489239692.011727571 -0.106707215 0.469647080 0 0 0 0 0
1489239692.052926302 -0.103289343 0.253538936 0 0 0 0 0
1489239692.093713045 -0.097089387 0.289825737 0 0 0 0 0
1489239692.176573038 -0.100391194 0.345595986 0 0 0 0 0
1489239692.216814995 -0.100121006 0.376306206 0 0 0 0 0
1489239692.298751593 -0.061383724 0.309821248 0 0 0 0 0
1489239692.339757681 -0.094537184 0.586806417 0 0 0 0 0
1489239692.380838871 -0.116717957 0.352256119 0 0 0 0 0
1489239692.462957382 -0.091318928 0.460417926 0 0 0 0 0
1489239692.504005194 -0.106282905 0.451315820 0 0 0 0 0
1489239692.544915915 -0.071904995 0.545689940 0 0 0 0 0
1489239692.626742363 -0.100761101 0.447749138 0 0 0 0 0
1489239692.667845011 -0.068955123 0.525758147 0 0 0 0 0
1489239692.708674431 -0.058191814 0.324477494 0 0 0 0 0
1489239692.754038811 -0.085559465 0.528725326 0 0 0 0 0
1489239692.831920624 -0.097839698 0.653886199 0 0 0 0 0
1489239692.872986078 -0.065865278 0.318529218 0 0 0 0 0
1489239692.913632154 -0.097372785 0.617310882 0 0 0 0 0
1489239692.995799303 -0.094179377 0.373306185 0 0 0 0 0
1489239693.036677122 -0.078402579 0.482903063 0 0 0 0 0
1489239693.077982187 -0.107309863 0.522693992 0 0 0 0 0
1489239693.118959188 -0.036027394 0.197497368 0 0 0 0 0
1489239693.243519306 -0.056450881 0.931406200 0 0 0 0 0
1489239693.243694305 -0.067752495 0.208508641 0 0 0 0 0
1489239693.282718420 -0.041833144 0.611636281 0 0 0 0 0
1489239693.323695660 -0.079019390 0.622852325 0 0 0 0 0
1489239693.364796400 -0.046779819 0.271997988 0 0 0 0 0
1489239693.446899891 -0.049109504 0.714130700 0 0 0 0 0
1489239693.487776279 -0.048384193 0.452471644 0 0 0 0 0
1489239693.528724670 -0.076247498 0.544334769 0 0 0 0 0
1489239693.569808483 -0.057678521 0.606183648 0 0 0 0 0
1489239693.610722780 -0.050215088 0.368817031 0 0 0 0 0
1489239693.655981779 -0.073750734 0.740983784 0 0 0 0 0
1489239693.733805418 -0.059963506 0.472748101 0 0 0 0 0
1489239693.774981737 -0.101088569 0.755372882 0 0 0 0 0
1489239693.815646887 -0.053724300 0.599766731 0 0 0 0 0
1489239693.856612921 -0.064165793 0.521358848 0 0 0 0 0
1489239693.897712231 -0.083664671 0.576643705 0 0 0 0 0
1489239693.943042994 -0.032279450 0.560416520 0 0 0 0 0
1489239693.979821205 -0.098131098 0.783492863 0 0 0 0 0
1489239694.061737776 -0.010547508 0.165059298 0 0 0 0 0
1489239694.107055902 -0.090725154 0.897203743 0 0 0 0 0
1489239694.143941879 -0.015121515 0.430628300 0 0 0 0 0
1489239694.184653521 -0.040742975 0.364159286 0 0 0 0 0
1489239694.225659847 -0.052215673 0.793784797 0 0 0 0 0
1489239694.270053625 -0.043212809 0.389258683 0 0 0 0 0
1489239694.307789803 -0.004578761 0.627549469 0 0 0 0 0
1489239694.348843098 -0.012290938 0.482380211 0 0 0 0 0
1489239694.430814981 -0.011321693 0.663855672 0 0 0 0 0
1489239694.472124815 0.010994862 0.584807992 0 0 0 0 0
1489239694.512749434 0.018747304 0.353847027 0 0 0 0 0
1489239694.556782722 -0.041059699 0.848703384 0 0 0 0 0
1489239694.594750404 -0.014448317 0.365757346 0 0 0 0 0
1489239694.635868311 -0.026988650 0.545798838 0 0 0 0 0
1489239694.676944733 -0.008443872 0.529001474 0 0 0 0 0
1489239694.717657804 -0.024514966 0.493706316 0 0 0 0 0
1489239694.758607864 -0.070859909 0.674744308 0 0 0 0 0
1489239694.800865173 -0.017031241 0.314430237 0 0 0 0 0
1489239694.844940662 -0.116152510 0.822820663 0 0 0 0 0
1489239694.922729731 0.024317976 0.178197771 0 0 0 0 0
1489239694.963933945 -0.099771738 0.785427213 0 0 0 0 0
1489239695.004607916 0.003041811 0.102691606 0 0 0 0 0
1489239695.045925140 -0.005834391 0.682213128 0 0 0 0 0
1489239695.086784124 -0.020880001 0.345812738 0 0 0 0 0
1489239695.127721548 -0.030329864 0.629637361 0 0 0 0 0
1489239695.169640779 -0.004546398 0.212385535 0 0 0 0 0
1489239695.209711552 -0.018232604 0.593200088 0 0 0 0 0
1489239695.250851154 -0.009065768 0.545868397 0 0 0 0 0
1489239695.291707039 -0.035006572 0.212548658 0 0 0 0 0
1489239695.332879543 -0.004142039 0.593772411 0 0 0 0 0
1489239695.373646259 -0.017288243 0.500495255 0 0 0 0 0
1489239695.414732218 -0.012422288 0.273576051 0 0 0 0 0
1489239695.455591679 -0.026868382 0.425064027 0 0 0 0 0
1489239695.496946573 0.012984417 0.586345077 0 0 0 0 0
1489239695.537996769 0.014488642 0.336951792 0 0 0 0 0
1489239695.578714848 -0.017052164 0.537819386 0 0 0 0 0
1489239695.582993746 -0.030076345 0.406912625 0 0 0 0 0
1489239695.619692802 -0.063241288 0.397559553 0 0 0 0 0
1489239695.660776377 -0.055514652 0.408136755 0 0 0 0 0
1489239695.701653004 0.015496863 0.588602185 0 0 0 0 0
1489239695.746924639 -0.060312290 0.437839746 0 0 0 0 0
1489239695.783933878 0.023285380 0.205477834 0 0 0 0 0
1489239695.824693441 -0.061384171 0.711666226 0 0 0 0 0
1489239695.870057583 0.055366058 -0.011631370 0 0 0 0 0
1489239695.906697750 -0.025667369 0.689736485 0 0 0 0 0
1489239695.947879791 0.000749935 0.396750867 0 0 0 0 0
1489239695.988508224 -0.048573654 0.516085625 0 0 0 0 0
1489239696.033936024 -0.001931699 0.256048650 0 0 0 0 0
1489239696.070680141 -0.006622186 0.669921041 0 0 0 0 0
1489239696.111687660 -0.029159874 0.234110385 0 0 0 0 0
1489239696.152948380 -0.010194010 0.474123716 0 0 0 0 0
1489239696.237316847 -0.018617723 0.410478592 0 0 0 0 0
1489239696.237343311 -0.022561757 0.262578100 0 0 0 0 0
1489239696.275838137 -0.043986231 0.560272336 0 0 0 0 0
1489239696.316622972 -0.024651399 0.459307194 0 0 0 0 0
1489239696.357640982 -0.025167093 0.371330470 0 0 0 0 0
1489239696.398761272 -0.004988024 0.351152122 0 0 0 0 0
1489239696.439830780 -0.003580098 0.562503636 0 0 0 0 0
1489239696.480668545 -0.024173811 0.164517343 0 0 0 0 0
1489239696.521651506 -0.033636115 0.469868273 0 0 0 0 0
1489239696.562728882 -0.032355882 0.395900518 0 0 0 0 0
1489239696.603557348 -0.017369524 0.265016198 0 0 0 0 0
1489239696.648984671 -0.007793901 0.308988512 0 0 0 0 0
1489239696.685933113 0.034273729 0.459201634 0 0 0 0 0
1489239696.726716995 0.001926407 0.302196831 0 0 0 0 0
1489239696.767805815 0.050747603 0.300985634 0 0 0 0 0
1489239696.808794975 0.017380485 0.221436709 0 0 0 0 0
1489239696.849948168 -0.035930365 0.349538267 0 0 0 0 0
1489239696.891077757 0.003291142 0.183521673 0 0 0 0 0
1489239696.931958675 -0.018886367 0.390643835 0 0 0 0 0
1489239696.972862482 0.020289455 0.158203289 0 0 0 0 0
1489239697.014048815 -0.002493785 0.148729473 0 0 0 0 0
1489239697.054881573 -0.001700572 0.240149736 0 0 0 0 0
1489239697.100438595 0.008062521 0.214804813 0 0 0 0 0
1489239697.137694597 0.013931492 0.086537063 0 0 0 0 0
1489239697.177947760 -0.007101494 0.233238176 0 0 0 0 0
1489239697.218703747 0.018790122 -0.087865591 0 0 0 0 0
1489239697.263484240 0.023920963 0.161003217 0 0 0 0 0
1489239697.300555706 0.025269333 0.084005527 0 0 0 0 0
1489239697.342116594 0.022049688 -0.022195924 0 0 0 0 0
1489239697.382913828 0.029642845 -0.092863813 0 0 0 0 0
1489239697.423600435 0.024325151 -0.076805748 0 0 0 0 0
1489239697.464843512 0.022041753 -0.144384846 0 0 0 0 0
1489239697.505939484 0.000867493 0.166088849 0 0 0 0 0
1489239697.551055193 0.084745601 -0.455962718 0 0 0 0 0
1489239697.587706327 0.078095704 0.064127296 0 0 0 0 0
1489239697.628858328 0.122755468 -0.247603968 0 0 0 0 0
1489239697.671719790 0.131634444 -0.115786374 0 0 0 0 0
1489239697.710838318 0.129847571 -0.345107555 0 0 0 0 0
1489239697.751764297 0.036734380 0.039321963 0 0 0 0 0
1489239697.792751551 0.080323875 -0.194443718 0 0 0 0 0
1489239697.833736181 0.070922717 -0.095773757 0 0 0 0 0
1489239697.874785662 0.147572726 -0.101277009 0 0 0 0 0
1489239697.915676594 0.125910327 -0.142765462 0 0 0 0 0
1489239697.956784487 0.116457999 -0.278569698 0 0 0 0 0
1489239698.002011061 0.130672544 -0.202117518 0 0 0 0 0
1489239698.038743734 0.178978503 -0.019266304 0 0 0 0 0
1489239698.080007076 0.201390654 -0.294568688 0 0 0 0 0
1489239698.120807409 0.194064468 -0.165049717 0 0 0 0 0
1489239698.162599325 0.212363094 -0.016936798 0 0 0 0 0
1489239698.202841520 0.191261396 -0.301574051 0 0 0 0 0
1489239698.202858210 0.247158676 -0.256643116 0 0 0 0 0
1489239698.243985415 0.205068186 -0.107082978 0 0 0 0 0
1489239698.288965940 0.211068958 -0.234856457 0 0 0 0 0
1489239698.325806618 0.266202986 -0.166493773 0 0 0 0 0
1489239698.366870165 0.266909033 -0.149163127 0 0 0 0 0
1489239698.407741070 0.278289258 -0.337515533 0 0 0 0 0
1489239698.453014851 0.285143912 -0.169324651 0 0 0 0 0
1489239698.489679098 0.319712192 -0.441877753 0 0 0 0 0
1489239698.530952215 0.283589482 -0.180435434 0 0 0 0 0
1489239698.575963020 0.303482205 -0.420815617 0 0 0 0 0
1489239698.612845659 0.302120656 -0.303449959 0 0 0 0 0
1489239698.653851509 0.270306438 -0.206497625 0 0 0 0 0
1489239698.694846869 0.264477640 -0.352774620 0 0 0 0 0
1489239698.740032911 0.332135946 -0.430765957 0 0 0 0 0
1489239698.776594162 0.190386027 -0.051465590 0 0 0 0 0
1489239698.817655087 0.281302094 -0.474768162 0 0 0 0 0
1489239698.858646393 0.290429115 -0.439419031 0 0 0 0 0
1489239698.903812647 0.234988600 -0.081267551 0 0 0 0 0
1489239698.940432787 0.278642595 -0.339234829 0 0 0 0 0
1489239698.981521606 0.280194074 -0.566742659 0 0 0 0 0
1489239699.022483826 0.238694549 -0.032397784 0 0 0 0 0
1489239699.066310644 0.282365680 -0.260881543 0 0 0 0 0
1489239699.104592562 0.251051456 -0.422549397 0 0 0 0 0
1489239699.145506859 0.319195956 -0.337402612 0 0 0 0 0
1489239699.186700583 0.278095305 0.000895527 0 0 0 0 0
1489239699.230517149 0.260887116 -0.568769932 0 0 0 0 0
1489239699.268560410 0.295942158 -0.271807730 0 0 0 0 0
1489239699.309728384 0.295173705 -0.277846575 0 0 0 0 0
1489239699.354552031 0.277811795 -0.527081609 0 0 0 0 0
1489239699.391876936 0.277559340 -0.239840716 0 0 0 0 0
1489239699.432881355 0.291379392 -0.163579494 0 0 0 0 0
1489239699.473927498 0.289279699 -0.404024601 0 0 0 0 0
1489239699.514557123 0.300635248 -0.278705388 0 0 0 0 0
1489239699.514577150 0.346529245 -0.221996978 0 0 0 0 0
1489239699.555660486 0.275287002 -0.233123809 0 0 0 0 0
1489239699.596678495 0.226057172 -0.489734799 0 0 0 0 0
1489239699.641917706 0.212829188 -0.026012043 0 0 0 0 0
1489239699.678849936 0.298846185 -0.401663154 0 0 0 0 0
1489239699.719907761 0.280516207 -0.105371937 0 0 0 0 0
1489239699.760729074 0.410102606 -0.394017905 0 0 0 0 0
1489239699.805675983 0.224936008 -0.142757520 0 0 0 0 0
1489239699.842962980 0.345924973 -0.659944415 0 0 0 0 0
1489239699.883637905 0.393306404 -0.273227036 0 0 0 0 0
1489239699.924819469 0.329993546 -0.092535384 0 0 0 0 0
1489239699.965965748 0.375312179 -0.499318749 0 0 0 0 0
1489239700.006864786 0.349712223 -0.161613032 0 0 0 0 0
1489239700.006899595 0.395283371 -0.452751011 0 0 0 0 0
1489239700.047777891 0.339732736 0.001991776 0 0 0 0 0
1489239700.129692316 0.335087627 -0.521377981 0 0 0 0 0
1489239700.129712343 0.347087264 0.032756247 0 0 0 0 0
1489239700.170759201 0.293134034 -0.227274969 0 0 0 0 0
1489239700.211671114 0.304177314 -0.334623069 0 0 0 0 0
1489239700.252771616 0.283878624 -0.166098908 0 0 0 0 0
1489239700.293758154 0.267139137 -0.231805116 0 0 0 0 0
1489239700.334646702 0.235952407 -0.190275401 0 0 0 0 0
1489239700.375963926 0.216982335 -0.221791029 0 0 0 0 0
1489239700.416818619 0.282984048 -0.238899186 0 0 0 0 0
1489239700.457793951 0.243553489 -0.087871164 0 0 0 0 0
1489239700.498678684 0.259131640 -0.310998142 0 0 0 0 0
1489239700.539809942 0.256172001 -0.217615798 0 0 0 0 0
1489239700.580717564 0.299502581 -0.271420091 0 0 0 0 0
1489239700.621676445 0.277372926 -0.258436859 0 0 0 0 0
1489239700.662760735 0.207951218 -0.140758634 0 0 0 0 0
1489239700.707866430 0.244137794 -0.340533376 0 0 0 0 0
1489239700.744676113 0.251017332 -0.170727134 0 0 0 0 0
1489239700.785992146 0.198383600 -0.122340679 0 0 0 0 0
1489239700.826643705 0.166139409 -0.412448555 0 0 0 0 0
1489239700.867623091 0.248151660 -0.215950757 0 0 0 0 0
1489239700.867640495 0.273540020 0.043563437 0 0 0 0 0
1489239700.908816338 0.140102863 -0.329871505 0 0 0 0 0
1489239700.949840546 0.175623268 -0.133021638 0 0 0 0 0
1489239700.994961739 0.205136344 -0.096199766 0 0 0 0 0
1489239701.031649590 0.212214440 -0.086348131 0 0 0 0 0
1489239701.072666883 0.162165195 -0.524038374 0 0 0 0 0
1489239701.113599062 0.230116412 0.158674613 0 0 0 0 0
1489239701.156567335 0.170312330 0.061290521 0 0 0 0 0
1489239701.195686340 0.244971424 -0.513592601 0 0 0 0 0
1489239701.236803293 0.190879136 0.053885389 0 0 0 0 0
1489239701.277807713 0.253055096 0.004468474 0 0 0 0 0
1489239701.282007933 0.174004853 -0.451874256 0 0 0 0 0
1489239701.318749666 0.118720099 -0.092242435 0 0 0 0 0
1489239701.359669924 0.240135998 -0.006132497 0 0 0 0 0
1489239701.400750875 0.172809869 -0.258922756 0 0 0 0 0
1489239701.446339607 0.221501902 -0.400288105 0 0 0 0 0
1489239701.482820988 0.234379441 0.045998342 0 0 0 0 0
1489239701.523638487 0.232533932 -0.255534917 0 0 0 0 0
1489239701.564862967 0.238062143 -0.361397982 0 0 0 0 0
1489239701.605659485 0.232761189 0.035399634 0 0 0 0 0
1489239701.646776915 0.243278176 -0.354441375 0 0 0 0 0
1489239701.687721729 0.265979946 -0.207549378 0 0 0 0 0
1489239701.728806734 0.230617613 -0.305726588 0 0 0 0 0
1489239701.732861042 0.269194841 -0.149875253 0 0 0 0 0
1489239701.769607782 0.220889732 -0.074528322 0 0 0 0 0
1489239701.810627460 0.269381493 -0.439789057 0 0 0 0 0
1489239701.851758957 0.164453745 -0.005827256 0 0 0 0 0
1489239701.897014380 0.198869631 -0.304191500 0 0 0 0 0
1489239701.933719873 0.191672727 -0.415303767 0 0 0 0 0
1489239701.974691153 0.171166956 0.129452333 0 0 0 0 0
1489239702.015635014 0.347263485 -0.603498578 0 0 0 0 0
1489239702.056714773 0.249171972 0.104810201 0 0 0 0 0
1489239702.098121643 0.338519156 -0.451782525 0 0 0 0 0
1489239702.138596296 0.255962044 0.080080979 0 0 0 0 0
1489239702.179712296 0.339644283 -0.608165383 0 0 0 0 0
1489239702.224696398 0.257987916 -0.036681581 0 0 0 0 0
1489239702.224726200 0.313351393 -0.303164393 0 0 0 0 0
1489239702.261694431 0.304798424 -0.175952941 0 0 0 0 0
1489239702.303471804 0.316014349 -0.221078485 0 0 0 0 0
1489239702.348012447 0.297434807 -0.311532468 0 0 0 0 0
1489239702.384922743 0.270167172 -0.311810166 0 0 0 0 0
1489239702.425523281 0.210356742 -0.128811032 0 0 0 0 0
1489239702.466667414 0.242562771 -0.278324097 0 0 0 0 0
1489239702.507761717 0.243307427 -0.363855064 0 0 0 0 0
1489239702.548850060 0.264480233 0.062460639 0 0 0 0 0
1489239702.589501381 0.273274422 -0.528599381 0 0 0 0 0
1489239702.630666256 0.233371615 0.006338987 0 0 0 0 0
1489239702.673878908 0.285796106 -0.265704274 0 0 0 0 0
1489239702.712667942 0.236301467 -0.342419565 0 0 0 0 0
1489239702.753839493 0.269365042 -0.316068590 0 0 0 0 0
1489239702.794690371 0.276152700 -0.060566582 0 0 0 0 0
1489239702.835731983 0.272704482 -0.436213821 0 0 0 0 0
1489239702.876738548 0.243463874 -0.197380871 0 0 0 0 0
1489239702.876765966 0.345049560 -0.206981257 0 0 0 0 0
1489239702.921975613 0.252113014 0.066367939 0 0 0 0 0
1489239702.958675623 0.264772981 -0.642029107 0 0 0 0 0
1489239702.999623537 0.276641667 0.113260366 0 0 0 0 0
1489239703.040578842 0.294475198 -0.145000860 0 0 0 0 0
1489239703.123767138 0.285189033 -0.662230551 0 0 0 0 0
1489239703.123783112 0.328101009 -0.042402390 0 0 0 0 0
1489239703.163595915 0.335620224 0.062661588 0 0 0 0 0
1489239703.204946041 0.294526875 -0.798883557 0 0 0 0 0
1489239703.250007153 0.302198410 0.101073287 0 0 0 0 0
1489239703.286779642 0.344213545 -0.087378509 0 0 0 0 0
1489239703.368590355 0.288352251 -0.364629179 0 0 0 0 0
1489239703.409612656 0.297319770 -0.099956021 0 0 0 0 0
1489239703.450672626 0.269528508 -0.006090406 0 0 0 0 0
1489239703.491512537 0.285085440 -0.599564433 0 0 0 0 0
1489239703.491529226 0.260418206 0.049268022 0 0 0 0 0
1489239703.537056446 0.290419340 -0.028601015 0 0 0 0 0
1489239703.573512316 0.284630388 -0.464258194 0 0 0 0 0
1489239703.614673615 0.243525550 0.100277022 0 0 0 0 0
1489239703.655697107 0.259659618 -0.176023126 0 0 0 0 0
1489239703.700930357 0.264076591 -0.188774750 0 0 0 0 0
1489239703.737555981 0.230273008 -0.292891651 0 0 0 0 0
1489239703.778822899 0.315206051 -0.030736521 0 0 0 0 0
1489239703.819764137 0.251773596 -0.216775939 0 0 0 0 0
1489239703.860667706 0.301035196 -0.504790306 0 0 0 0 0
1489239703.901602983 0.327555925 0.122273244 0 0 0 0 0
1489239703.943161249 0.328418434 -0.424642026 0 0 0 0 0
1489239703.943277359 0.322657019 -0.323783696 0 0 0 0 0
1489239703.987955332 0.284983039 -0.127997726 0 0 0 0 0
1489239704.024620533 0.308773190 -0.040530041 0 0 0 0 0
1489239704.065690517 0.288364232 -0.475470841 0 0 0 0 0
1489239704.106725454 0.266508877 -0.148620769 0 0 0 0 0
1489239704.191939116 0.283878148 0.148734286 0 0 0 0 0
1489239704.191968918 0.316646755 -0.554733992 0 0 0 0 0
1489239704.229738235 0.343537748 -0.127673671 0 0 0 0 0
1489239704.270892143 0.327362299 -0.053618152 0 0 0 0 0
1489239704.311874866 0.344410986 -0.415751755 0 0 0 0 0
1489239704.352702618 0.338089228 -0.342756987 0 0 0 0 0
1489239704.393666744 0.287309200 -0.077185802 0 0 0 0 0
1489239704.393692017 0.290235758 -0.173939005 0 0 0 0 0
1489239704.440671206 0.328211933 -0.425214291 0 0 0 0 0
1489239704.475742340 0.291038811 -0.010279822 0 0 0 0 0
1489239704.516563892 0.299847364 -0.442690432 0 0 0 0 0
1489239704.557582855 0.262050271 -0.135623068 0 0 0 0 0
1489239704.602860212 0.347009271 -0.312067091 0 0 0 0 0
1489239704.639493942 0.295460790 -0.157118589 0 0 0 0 0
1489239704.680653572 0.271531522 -0.216250330 0 0 0 0 0
1489239704.721871138 0.306783348 -0.246544152 0 0 0 0 0
1489239704.762639523 0.270813972 -0.300888211 0 0 0 0 0
1489239704.803695202 0.334934711 0.039236233 0 0 0 0 0
1489239704.844670296 0.369885266 -0.445769876 0 0 0 0 0
1489239704.885663509 0.336568743 -0.352290869 0 0 0 0 0
1489239704.889863729 0.331890255 0.111606777 0 0 0 0 0
1489239704.926540136 0.338004380 -0.632181942 0 0 0 0 0
1489239704.967720509 0.284095526 -0.047729306 0 0 0 0 0
1489239705.008561611 0.277802885 0.242884517 0 0 0 0 0
1489239705.091116905 0.284027636 -0.502019286 0 0 0 0 0
1489239705.091130972 0.299374402 -0.174638122 0 0 0 0 0
1489239705.131599665 0.301292807 0.050536506 0 0 0 0 0
1489239705.172565699 0.349393547 -0.394255906 0 0 0 0 0
1489239705.213567972 0.311965525 -0.232793897 0 0 0 0 0
1489239705.254619122 0.260307431 -0.114494644 0 0 0 0 0
1489239705.295752287 0.333950102 -0.004946828 0 0 0 0 0
1489239705.295770168 0.276189804 -0.374581337 0 0 0 0 0
1489239705.341136694 0.362382054 -0.205832049 0 0 0 0 0
1489239705.377604485 0.321011961 0.011726621 0 0 0 0 0
1489239705.418601990 0.270472169 -0.326185375 0 0 0 0 0
1489239705.459692001 0.343597710 -0.272572398 0 0 0 0 0
1489239705.503349304 0.322854310 0.039696317 0 0 0 0 0
1489239705.541846514 0.319829136 -0.370963633 0 0 0 0 0
1489239705.582931995 0.337058127 -0.113695584 0 0 0 0 0
1489239705.623536825 0.333935827 0.003708866 0 0 0 0 0
1489239705.664655447 0.305917203 -0.308821142 0 0 0 0 0
1489239705.705640793 0.335730970 -0.238781303 0 0 0 0 0
1489239705.705669880 0.307886779 0.096444190 0 0 0 0 0
1489239705.746821880 0.352054536 -0.266903371 0 0 0 0 0
1489239705.791846514 0.285597861 -0.128631800 0 0 0 0 0
1489239705.828675270 0.340236664 -0.179060191 0 0 0 0 0
1489239705.869543552 0.231105447 -0.085541837 0 0 0 0 0
1489239705.910740137 0.361029297 -0.502986670 0 0 0 0 0
1489239705.952170134 0.306136459 0.131262109 0 0 0 0 0
1489239705.992551804 0.306394428 -0.221597999 0 0 0 0 0
1489239706.033713102 0.256442606 -0.203724429 0 0 0 0 0
1489239706.074791670 0.336122930 -0.204039365 0 0 0 0 0
1489239706.118175745 0.339738846 -0.004199556 0 0 0 0 0
1489239706.118194580 0.258118927 -0.304216236 0 0 0 0 0
1489239706.156809568 0.324007183 -0.128599599 0 0 0 0 0
1489239706.197641134 0.302695930 0.073199973 0 0 0 0 0
1489239706.243277550 0.363697678 -0.361997992 0 0 0 0 0
1489239706.279754400 0.228187650 -0.276542723 0 0 0 0 0
1489239706.320696115 0.324557751 -0.101677820 0 0 0 0 0
1489239706.361751080 0.326772064 -0.095044017 0 0 0 0 0
1489239706.402490377 0.272122264 -0.249177411 0 0 0 0 0
1489239706.443899870 0.317247063 -0.220409796 0 0 0 0 0
1489239706.484790564 0.286203831 -0.082797967 0 0 0 0 0
1489239706.525637150 0.313159287 -0.149318025 0 0 0 0 0
1489239706.530059099 0.269696742 -0.242189363 0 0 0 0 0
1489239706.566587448 0.335762858 -0.234401196 0 0 0 0 0
1489239706.608120918 0.244185537 -0.161656469 0 0 0 0 0
1489239706.648586273 0.299321562 -0.154575706 0 0 0 0 0
1489239706.693926096 0.260114253 -0.286880314 0 0 0 0 0
1489239706.730606794 0.243953899 -0.031218234 0 0 0 0 0
1489239706.771589041 0.281915843 -0.119715214 0 0 0 0 0
1489239706.812769890 0.301239878 -0.324018419 0 0 0 0 0
1489239706.853620052 0.306875288 -0.012398117 0 0 0 0 0
1489239706.894642115 0.279476613 -0.127457410 0 0 0 0 0
1489239706.935532808 0.274904251 -0.292392045 0 0 0 0 0
1489239706.981050968 0.289002299 -0.049949653 0 0 0 0 0
1489239707.017835617 0.272309452 0.029356470 0 0 0 0 0
1489239707.058672667 0.283634275 -0.408480883 0 0 0 0 0
1489239707.099628448 0.290050119 0.004860862 0 0 0 0 0
1489239707.144913435 0.208776981 0.001009893 0 0 0 0 0
1489239707.181756973 0.295052350 -0.297564298 0 0 0 0 0
1489239707.222615480 0.224091977 -0.076531202 0 0 0 0 0
1489239707.263737917 0.256813377 -0.017969066 0 0 0 0 0
1489239707.305152178 0.193513647 -0.083842561 0 0 0 0 0
1489239707.345913887 0.180525988 -0.151208013 0 0 0 0 0
1489239707.386695147 0.202596575 -0.055037450 0 0 0 0 0
1489239707.386724472 0.187537402 -0.019738156 0 0 0 0 0
1489239707.431977034 0.176511154 -0.091191188 0 0 0 0 0
1489239707.468866348 0.165565699 -0.025925567 0 0 0 0 0
1489239707.509757042 0.132615060 -0.035325281 0 0 0 0 0
1489239707.550752878 0.115672849 -0.022956077 0 0 0 0 0
1489239707.595954657 0.134184152 -0.128648937 0 0 0 0 0
1489239707.632659674 0.091131881 0.182894528 0 0 0 0 0
1489239707.673954964 0.045455664 -0.233660847 0 0 0 0 0
1489239707.714488506 0.026530629 0.017869145 0 0 0 0 0
1489239707.755553961 0.019833479 -0.016387187 0 0 0 0 0
1489239707.796769619 0.004716515 0.064926192 0 0 0 0 0
1489239707.837693691 0.030999994 -0.067420989 0 0 0 0 0
1489239707.878732443 0.024300694 0.139293045 0 0 0 0 0
1489239707.919875145 -0.014665130 0.067992523 0 0 0 0 0
1489239707.960771799 -0.024459813 0.045454085 0 0 0 0 0
1489239708.002218008 0.019366646 0.111803055 0 0 0 0 0
1489239708.085485935 0.019160416 -0.002224722 0 0 0 0 0
1489239708.124632359 -0.000686345 0.139227420 0 0 0 0 0
1489239708.165612698 0.048394002 0.021979341 0 0 0 0 0
1489239708.206769466 0.025977615 0.048647694 0 0 0 0 0
1489239708.248084068 0.003332804 0.222548798 0 0 0 0 0
1489239708.248237133 0.004571515 0.130612701 0 0 0 0 0
1489239708.288750648 0.032767899 0.154256254 0 0 0 0 0
1489239708.334036827 0.040176645 0.318568081 0 0 0 0 0
1489239708.370855570 -0.004295586 0.240302056 0 0 0 0 0
1489239708.411586523 0.018765625 0.196323112 0 0 0 0 0
1489239708.452711105 0.019843211 0.254726470 0 0 0 0 0
1489239708.497951746 0.017685657 0.150588945 0 0 0 0 0
1489239708.534554005 0.003052402 0.305267900 0 0 0 0 0
1489239708.575731993 -0.002202054 0.170743436 0 0 0 0 0
1489239708.616863966 -0.000808249 0.381699383 0 0 0 0 0
1489239708.657575607 0.047368534 0.128359407 0 0 0 0 0
1489239708.698653936 -0.023315027 0.530274034 0 0 0 0 0
1489239708.739712238 0.055159889 0.016768714 0 0 0 0 0
1489239708.780592442 -0.004476793 0.540966392 0 0 0 0 0
1489239708.821524858 0.047096483 0.224818274 0 0 0 0 0
1489239708.862604141 0.040503465 0.413408905 0 0 0 0 0
1489239708.903556347 0.024577368 0.306642354 0 0 0 0 0
1489239708.903569937 0.030069014 0.430992901 0 0 0 0 0
1489239708.948922396 0.005018429 0.318630129 0 0 0 0 0
1489239708.985775709 -0.034965865 0.510928273 0 0 0 0 0
1489239709.026765823 0.039971292 0.434623718 0 0 0 0 0
1489239709.067691803 -0.022938848 0.319586337 0 0 0 0 0
1489239709.112499237 -0.007443828 0.609749973 0 0 0 0 0
1489239709.149739504 -0.001152051 0.451925904 0 0 0 0 0
1489239709.190525293 -0.017865086 0.329075664 0 0 0 0 0
1489239709.231843948 -0.040706873 0.513119221 0 0 0 0 0
1489239709.272505283 -0.000731475 0.415020555 0 0 0 0 0
1489239709.313602686 -0.043836564 0.345286638 0 0 0 0 0
1489239709.354858875 -0.042109631 0.524527192 0 0 0 0 0
1489239709.355331659 0.003233987 0.406460464 0 0 0 0 0
1489239709.399896145 -0.038946502 0.385396272 0 0 0 0 0
1489239709.436587572 -0.012980973 0.532438636 0 0 0 0 0
1489239709.477778673 -0.095688626 0.555916846 0 0 0 0 0
1489239709.518592834 -0.000905667 0.399926484 0 0 0 0 0
1489239709.559616089 -0.092240438 0.623332977 0 0 0 0 0
1489239709.600658655 0.009344481 0.462402433 0 0 0 0 0
1489239709.641615152 -0.025971780 0.539016843 0 0 0 0 0
1489239709.682737827 -0.099618584 0.387349039 0 0 0 0 0
1489239709.723586798 -0.052246433 0.643142998 0 0 0 0 0
1489239709.764753819 -0.049148567 0.611566603 0 0 0 0 0
1489239709.764786959 0.004130348 0.146776631 0 0 0 0 0
1489239709.805614471 -0.114893958 0.922005355 0 0 0 0 0
1489239709.850906134 0.003706376 0.190200180 0 0 0 0 0
1489239709.887499094 0.020470137 0.553320527 0 0 0 0 0
1489239709.928593159 -0.029011047 0.545360327 0 0 0 0 0
1489239709.970304489 -0.001106425 0.364309639 0 0 0 0 0
1489239710.011895895 -0.022355318 0.434276730 0 0 0 0 0
1489239710.051657677 -0.018908411 0.454448998 0 0 0 0 0
1489239710.092798948 -0.050033022 0.502351940 0 0 0 0 0
1489239710.133517027 -0.100037016 0.450687975 0 0 0 0 0
1489239710.174996376 0.002765755 0.212991029 0 0 0 0 0
1489239710.215482712 -0.046241112 0.800945938 0 0 0 0 0
1489239710.215506077 0.020663980 0.186183259 0 0 0 0 0
1489239710.256632328 0.000231892 0.479798019 0 0 0 0 0
1489239710.301810265 -0.019777145 0.487667739 0 0 0 0 0
1489239710.338738203 -0.031756718 0.467508644 0 0 0 0 0
1489239710.379719019 -0.058347084 0.333232015 0 0 0 0 0
1489239710.420614004 -0.031292498 0.346432924 0 0 0 0 0
1489239710.461602211 -0.065546975 0.431424677 0 0 0 0 0
1489239710.503494263 -0.018495534 0.435421288 0 0 0 0 0
1489239710.543772459 -0.091741636 0.619919658 0 0 0 0 0
1489239710.584761143 -0.004793169 0.245178670 0 0 0 0 0
1489239710.625663757 -0.058065642 0.583383977 0 0 0 0 0
1489239710.666758537 -0.050590616 0.480629116 0 0 0 0 0
1489239710.666779995 0.019008612 0.362871587 0 0 0 0 0
1489239710.707531929 -0.025598967 0.541632414 0 0 0 0 0
1489239710.752901316 -0.099730790 0.541415572 0 0 0 0 0
1489239710.789426565 0.001103688 0.177027419 0 0 0 0 0
1489239710.830662727 -0.098318487 0.827301145 0 0 0 0 0
1489239710.873057604 -0.037321467 0.193967119 0 0 0 0 0
1489239710.912626505 -0.067391671 0.376261473 0 0 0 0 0
1489239710.953768969 -0.023063412 0.589485526 0 0 0 0 0
1489239710.994616985 -0.055408470 0.533967018 0 0 0 0 0
1489239711.036783934 -0.031089177 0.285236746 0 0 0 0 0
1489239711.079923630 -0.066415012 0.574703038 0 0 0 0 0
1489239711.079961300 -0.008726900 0.473757267 0 0 0 0 0
1489239711.117574930 -0.016336899 0.454677999 0 0 0 0 0
1489239711.158614635 -0.022750782 0.616633475 0 0 0 0 0
1489239711.203729630 -0.042356551 0.334300101 0 0 0 0 0
1489239711.240881920 -0.032365821 0.511598170 0 0 0 0 0
1489239711.281720161 0.003072900 0.370533615 0 0 0 0 0
1489239711.322778225 -0.043797124 0.427440882 0 0 0 0 0
1489239711.363722086 -0.022910401 0.543864191 0 0 0 0 0
1489239711.404516697 -0.043486126 0.498573869 0 0 0 0 0
1489239711.445868015 -0.011314584 0.355635703 0 0 0 0 0
1489239711.486620426 -0.073149554 0.529878557 0 0 0 0 0
1489239711.527756929 -0.036128510 0.466436684 0 0 0 0 0
1489239711.527783155 -0.028209532 0.415102661 0 0 0 0 0
1489239711.568698883 -0.025486743 0.315988034 0 0 0 0 0
1489239711.609594822 -0.022572545 0.478001267 0 0 0 0 0
1489239711.655064106 -0.057142783 0.340368837 0 0 0 0 0
1489239711.691763401 -0.011206509 0.255282074 0 0 0 0 0
1489239711.732815981 -0.066501111 0.528878033 0 0 0 0 0
1489239711.773575306 -0.021991599 0.340505034 0 0 0 0 0
1489239711.814543009 -0.045618270 0.531309485 0 0 0 0 0
1489239711.855659246 -0.010955183 0.190643877 0 0 0 0 0
1489239711.896741629 -0.020686915 0.351925433 0 0 0 0 0
1489239711.937612057 -0.079214945 0.421865314 0 0 0 0 0
1489239711.979181528 -0.015926193 0.128169447 0 0 0 0 0
1489239711.979269743 -0.018229296 0.436578333 0 0 0 0 0
1489239712.019538164 -0.030180257 0.328950107 0 0 0 0 0
1489239712.060824394 -0.019411284 0.181687042 0 0 0 0 0
1489239712.105868101 -0.037440516 0.439520061 0 0 0 0 0
1489239712.142557144 0.029602256 0.237483621 0 0 0 0 0
1489239712.183592319 -0.013878089 0.301521748 0 0 0 0 0
1489239712.224510908 0.033724688 0.356080711 0 0 0 0 0
1489239712.265693903 -0.022211947 0.265349448 0 0 0 0 0
1489239712.306849003 0.002683884 0.148581669 0 0 0 0 0
1489239712.347679615 -0.014680880 0.401878595 0 0 0 0 0
1489239712.347702742 -0.020086896 0.219812199 0 0 0 0 0
1489239712.392964125 -0.045141622 0.221566364 0 0 0 0 0
1489239712.429795027 -0.020180887 0.305756867 0 0 0 0 0
1489239712.470526457 0.003772210 0.256329805 0 0 0 0 0
1489239712.511635542 -0.006955175 0.198693395 0 0 0 0 0
1489239712.556816339 -0.049298365 0.351248175 0 0 0 0 0
1489239712.593596697 -0.016686132 0.102819428 0 0 0 0 0
1489239712.634592772 -0.056276359 0.345248550 0 0 0 0 0
1489239712.676443338 -0.004862442 -0.002803893 0 0 0 0 0
1489239712.716707468 -0.016756829 0.252025038 0 0 0 0 0
1489239712.757716417 -0.002774562 0.206073090 0 0 0 0 0
1489239712.757741690 -0.040918745 0.043724936 0 0 0 0 0
1489239712.798636436 -0.006937282 0.132053629 0 0 0 0 0
1489239712.844300508 -0.052824788 0.122973993 0 0 0 0 0
1489239712.880578995 -0.029869076 -0.064610675 0 0 0 0 0
1489239712.921854734 -0.047137536 -0.041520748 0 0 0 0 0
1489239712.962674618 -0.058947485 -0.070690498 0 0 0 0 0
1489239713.047077179 -0.021510515 -0.198530778 0 0 0 0 0
1489239713.047177553 -0.093837678 -0.157334179 0 0 0 0 0
1489239713.085767508 -0.079407059 -0.042412348 0 0 0 0 0
1489239713.126704216 -0.151202470 -0.029793713 0 0 0 0 0
1489239713.131054878 -0.141340107 -0.042979445 0 0 0 0 0
1489239713.167931795 -0.155702353 -0.064961091 0 0 0 0 0
1489239713.208686829 -0.144187167 -0.087069795 0 0 0 0 0
1489239713.249705315 -0.127082616 -0.195570692 0 0 0 0 0
1489239713.294880390 -0.154808015 -0.229741767 0 0 0 0 0
1489239713.331612110 -0.170086831 -0.129131645 0 0 0 0 0
1489239713.372631311 -0.158205003 -0.255922228 0 0 0 0 0
1489239713.413614273 -0.169022277 -0.111179613 0 0 0 0 0
1489239713.454662323 -0.249467045 -0.106114075 0 0 0 0 0
1489239713.495841742 -0.205657870 -0.208336443 0 0 0 0 0
1489239713.536855221 -0.246860310 -0.057620425 0 0 0 0 0
1489239713.536878824 -0.211709261 -0.271153718 0 0 0 0 0
1489239713.581812143 -0.291691065 -0.088325225 0 0 0 0 0
1489239713.618819714 -0.295777261 -0.259801090 0 0 0 0 0
1489239713.659617424 -0.277932882 -0.314318269 0 0 0 0 0
1489239713.701118469 -0.369886279 -0.083575755 0 0 0 0 0
1489239713.745948315 -0.269799292 -0.439416111 0 0 0 0 0
1489239713.782605886 -0.341250241 -0.031979226 0 0 0 0 0
1489239713.823650122 -0.237971038 -0.421117216 0 0 0 0 0
1489239713.864845037 -0.302314579 -0.248137280 0 0 0 0 0
1489239713.905627489 -0.290094554 -0.246780038 0 0 0 0 0
1489239713.946734190 -0.301749527 -0.246108294 0 0 0 0 0
1489239713.946776628 -0.320341051 -0.243620709 0 0 0 0 0
1489239713.987543106 -0.316556484 -0.349011928 0 0 0 0 0
1489239714.032922506 -0.366438091 -0.101522759 0 0 0 0 0
1489239714.069528818 -0.311669052 -0.309816420 0 0 0 0 0
1489239714.110768080 -0.318804830 -0.245046094 0 0 0 0 0
1489239714.151625395 -0.328566253 -0.243121862 0 0 0 0 0
1489239714.196928024 -0.326223791 -0.154788509 0 0 0 0 0
1489239714.233617306 -0.318006933 -0.444868475 0 0 0 0 0
1489239714.274624348 -0.299077958 -0.087384589 0 0 0 0 0
1489239714.315688610 -0.291555017 -0.237594053 0 0 0 0 0
1489239714.356623650 -0.287403435 -0.464910179 0 0 0 0 0
1489239714.356652737 -0.321202219 -0.154168949 0 0 0 0 0
1489239714.397632360 -0.328209817 -0.114608034 0 0 0 0 0
1489239714.438839674 -0.296642363 -0.389767140 0 0 0 0 0
1489239714.483856440 -0.340156347 -0.410392225 0 0 0 0 0
1489239714.520539045 -0.347955614 0.020757897 0 0 0 0 0
1489239714.561750412 -0.347621232 -0.525531113 0 0 0 0 0
1489239714.602635384 -0.388612211 -0.420895904 0 0 0 0 0
1489239714.647948980 -0.313023031 -0.164927870 0 0 0 0 0
1489239714.684660435 -0.377308220 -0.297076732 0 0 0 0 0
1489239714.725630283 -0.369561493 -0.622915387 0 0 0 0 0
1489239714.766686678 -0.384802341 0.091649219 0 0 0 0 0
1489239714.807718754 -0.312627405 -0.277439862 0 0 0 0 0
1489239714.807734966 -0.364471734 -0.764650822 0 0 0 0 0
1489239714.848839521 -0.426681429 0.165662527 0 0 0 0 0
1489239714.889467955 -0.345000803 -0.407744944 0 0 0 0 0
1489239714.973429680 -0.266662121 -0.416320562 0 0 0 0 0
1489239714.973565340 -0.361055762 -0.257204652 0 0 0 0 0
1489239715.012705803 -0.409582853 -0.083981752 0 0 0 0 0
1489239715.053750038 -0.365944088 -0.667656362 0 0 0 0 0
1489239715.098909378 -0.414450467 -0.194127232 0 0 0 0 0
1489239715.135664463 -0.415719420 -0.120873451 0 0 0 0 0
1489239715.176639318 -0.392625093 -0.635977387 0 0 0 0 0
1489239715.217683554 -0.498876989 -0.194070935 0 0 0 0 0
1489239715.258596182 -0.459147155 -0.238989756 0 0 0 0 0
1489239715.299638033 -0.469237328 -0.320247829 0 0 0 0 0
1489239715.340455055 -0.460766405 -0.404662132 0 0 0 0 0
1489239715.381808281 -0.494113982 -0.061172359 0 0 0 0 0
1489239715.385851622 -0.463688046 -0.581511796 0 0 0 0 0
1489239715.422602654 -0.482707173 -0.078932911 0 0 0 0 0
1489239715.463714600 -0.391722858 -0.374769628 0 0 0 0 0
1489239715.504565716 -0.438821375 -0.009092475 0 0 0 0 0
1489239715.549914837 -0.294606984 -0.334529936 0 0 0 0 0
1489239715.586551666 -0.448423237 -0.171942234 0 0 0 0 0
1489239715.627887249 -0.332521111 -0.272080362 0 0 0 0 0
1489239715.668699265 -0.387311876 -0.219917506 0 0 0 0 0
1489239715.709554911 -0.487831742 -0.261406809 0 0 0 0 0
1489239715.750628710 -0.378141105 -0.216970772 0 0 0 0 0
1489239715.791530848 -0.459800303 -0.342988849 0 0 0 0 0
1489239715.832784891 -0.420574367 -0.292589098 0 0 0 0 0
1489239715.873607397 -0.438226044 -0.279133558 0 0 0 0 0
1489239715.914667845 -0.312644929 -0.217819452 0 0 0 0 0
1489239715.955469847 -0.412323654 -0.324107707 0 0 0 0 0
1489239715.996501684 -0.418688923 -0.301645011 0 0 0 0 0
1489239716.041700363 -0.447984844 -0.429545581 0 0 0 0 0
1489239716.041725874 -0.420556217 -0.179542169 0 0 0 0 0
1489239716.078720570 -0.429320425 -0.471136719 0 0 0 0 0
1489239716.123743534 -0.429064512 -0.328252167 0 0 0 0 0
1489239716.160779953 -0.462325990 -0.014780720 0 0 0 0 0
1489239716.201554775 -0.413989723 -0.448056877 0 0 0 0 0
1489239716.242648363 -0.438453197 -0.303022206 0 0 0 0 0
1489239716.287661791 -0.482250035 -0.051246814 0 0 0 0 0
1489239716.324450016 -0.486292779 -0.506079137 0 0 0 0 0
1489239716.365764856 -0.515446126 -0.344675541 0 0 0 0 0
1489239716.406574249 -0.448631763 -0.108978316 0 0 0 0 0
1489239716.451840162 -0.445966303 -0.387612224 0 0 0 0 0
1489239716.488431454 -0.436898381 -0.415902913 0 0 0 0 0
1489239716.529632092 -0.411159426 -0.044128835 0 0 0 0 0
1489239716.570625544 -0.453721046 -0.567655921 0 0 0 0 0
1489239716.574913740 -0.421345413 -0.284626991 0 0 0 0 0
1489239716.611592054 -0.427463472 -0.243006542 0 0 0 0 0
1489239716.652656555 -0.378610522 -0.204947114 0 0 0 0 0
1489239716.693594217 -0.458663315 -0.476933330 0 0 0 0 0
1489239716.738774300 -0.385787994 -0.136921853 0 0 0 0 0
1489239716.775333881 -0.494400322 -0.173960596 0 0 0 0 0
1489239716.816378117 -0.406230301 -0.519771695 0 0 0 0 0
1489239716.857545853 -0.457567990 -0.166979879 0 0 0 0 0
1489239716.940849304 -0.418796599 -0.160826519 0 0 0 0 0
1489239716.940917253 -0.552483678 -0.224071458 0 0 0 0 0
1489239716.980474472 -0.393242419 -0.695024014 0 0 0 0 0
1489239717.021581650 -0.416753769 0.205851883 0 0 0 0 0
1489239717.062781572 -0.470748723 -0.541504920 0 0 0 0 0
1489239717.103585243 -0.468630791 -0.397254974 0 0 0 0 0
1489239717.144692183 -0.474137217 -0.112852119 0 0 0 0 0
1489239717.189736605 -0.458365828 -0.166106492 0 0 0 0 0
1489239717.226444006 -0.401130587 -0.553446412 0 0 0 0 0
1489239717.267626524 -0.540752769 0.022268798 0 0 0 0 0
1489239717.308638096 -0.514961660 -0.357756257 0 0 0 0 0
1489239717.354149580 -0.457082570 -0.414000124 0 0 0 0 0
1489239717.390370846 -0.464226156 -0.186514273 0 0 0 0 0
1489239717.431673527 -0.491646200 -0.352353364 0 0 0 0 0
1489239717.472662687 -0.427581221 -0.167069614 0 0 0 0 0
1489239717.513629675 -0.381775081 -0.336741269 0 0 0 0 0
1489239717.554525852 -0.377383471 -0.449790865 0 0 0 0 0
1489239717.595587730 -0.468280882 -0.099869333 0 0 0 0 0
1489239717.640896559 -0.455188274 -0.269129932 0 0 0 0 0
1489239717.677724600 -0.430182636 -0.442637295 0 0 0 0 0
1489239717.718585253 -0.430905879 -0.161968410 0 0 0 0 0
1489239717.759613514 -0.407521427 -0.065216079 0 0 0 0 0
1489239717.804932833 -0.404269040 -0.467103571 0 0 0 0 0
1489239717.841525793 -0.410491943 -0.241784379 0 0 0 0 0
1489239717.882574081 -0.408861578 -0.006438821 0 0 0 0 0
1489239717.923498869 -0.369201124 -0.472266585 0 0 0 0 0
1489239717.967546701 -0.379697502 -0.160296008 0 0 0 0 0
1489239718.005627871 -0.428016514 0.150112540 0 0 0 0 0
1489239718.046654463 -0.353267878 -0.472772419 0 0 0 0 0
1489239718.091722488 -0.407438219 -0.174735218 0 0 0 0 0
1489239718.128544331 -0.352203608 0.091989234 0 0 0 0 0
1489239718.169565201 -0.424681097 -0.474845022 0 0 0 0 0
1489239718.210444689 -0.438943148 -0.012844330 0 0 0 0 0
1489239718.292642117 -0.447325528 0.053602755 0 0 0 0 0
1489239718.333692551 -0.372072279 -0.675964475 0 0 0 0 0
1489239718.374752760 -0.466740072 0.143958122 0 0 0 0 0
1489239718.415650606 -0.496483624 -0.052851520 0 0 0 0 0
1489239718.456521273 -0.403807640 -0.540950894 0 0 0 0 0
1489239718.497548103 -0.443127334 0.149795353 0 0 0 0 0
1489239718.542698383 -0.433850378 -0.397376001 0 0 0 0 0
1489239718.579636812 -0.455339998 -0.152035996 0 0 0 0 0
1489239718.620583057 -0.426338851 -0.160240725 0 0 0 0 0
1489239718.702480793 -0.448881567 -0.285142809 0 0 0 0 0
1489239718.743624926 -0.434218705 -0.031479906 0 0 0 0 0
1489239718.784322977 -0.440210044 -0.288639307 0 0 0 0 0
1489239718.825721502 -0.410773367 -0.190184340 0 0 0 0 0
1489239718.866576195 -0.408231080 -0.011603897 0 0 0 0 0
1489239718.907634258 -0.395123750 -0.393724978 0 0 0 0 0
1489239718.948431730 -0.372936964 -0.025842335 0 0 0 0 0
1489239719.030612230 -0.380567253 -0.349656224 0 0 0 0 0
1489239719.071600914 -0.427981466 -0.118467130 0 0 0 0 0
1489239719.112635374 -0.388417304 -0.117298208 0 0 0 0 0
1489239719.153610945 -0.395551145 -0.442439556 0 0 0 0 0
1489239719.235700846 -0.406398952 0.129871637 0 0 0 0 0
1489239719.276723385 -0.382396042 -0.459853977 0 0 0 0 0
1489239719.317527771 -0.386827171 -0.044184331 0 0 0 0 0
1489239719.358523607 -0.380999953 -0.122570015 0 0 0 0 0
1489239719.441898346 -0.381430835 -0.340893209 0 0 0 0 0
1489239719.481456995 -0.363432616 0.032952178 0 0 0 0 0
1489239719.522435904 -0.285906434 -0.413585275 0 0 0 0 0
1489239719.563450575 -0.373488724 0.157046154 0 0 0 0 0
1489239719.645592213 -0.340094924 -0.419813395 0 0 0 0 0
1489239719.686598301 -0.351547658 -0.039533705 0 0 0 0 0
1489239719.731790543 -0.315820247 -0.170713902 0 0 0 0 0
1489239719.809636593 -0.288729101 -0.169140279 0 0 0 0 0
1489239719.850495100 -0.225029469 -0.082071103 0 0 0 0 0
1489239719.933458328 -0.213743061 -0.093014374 0 0 0 0 0
1489239719.973558664 -0.177187711 -0.126002520 0 0 0 0 0
1489239720.055513620 -0.183241174 -0.066548325 0 0 0 0 0
1489239720.096557140 -0.196705997 -0.076462127 0 0 0 0 0
1489239720.178516388 -0.162512839 -0.110852301 0 0 0 0 0
1489239720.219558001 -0.138298228 -0.056411147 0 0 0 0 0
1489239720.301559448 -0.079763673 -0.053656898 0 0 0 0 0
1489239720.347169638 -0.089796834 -0.142463416 0 0 0 0 0
1489239720.424450874 -0.088653632 -0.008091852 0 0 0 0 0
1489239720.465667009 -0.079219624 -0.009830590 0 0 0 0 0
1489239720.547734499 -0.056580424 0.002067517 0 0 0 0 0
1489239720.588484287 -0.014954699 -0.081704691 0 0 0 0 0
1489239720.633807898 -0.006303573 0.052452110 0 0 0 0 0
1489239720.711893082 0.008507572 -0.071801499 0 0 0 0 0
1489239720.752574921 0.002498022 0.100167558 0 0 0 0 0
1489239720.834718943 0.026368568 -0.003409789 0 0 0 0 0
1489239720.875529051 0.006818445 0.006377989 0 0 0 0 0
1489239720.959251404 0.008105163 -0.010945628 0 0 0 0 0
1489239720.998440742 0.015760023 0.005108527 0 0 0 0 0
1489239721.080590725 0.000821029 -0.010651256 0 0 0 0 0
1489239721.121640444 0.004862773 0.009087309 0 0 0 0 0
1489239721.203497648 0.018714601 0.001711621 0 0 0 0 0
1489239721.248847246 0.017846171 0.003889279 0 0 0 0 0
1489239721.326573849 0.007244317 0.001706580 0 0 0 0 0
1489239721.367793322 0.011870955 -0.012824844 0 0 0 0 0
1489239721.449912310 0.008930330 0.008547390 0 0 0 0 0
1489239721.490383625 0.012728140 -0.001371296 0 0 0 0 0
1489239721.535892010 0.016103942 -0.000932810 0 0 0 0 0
1489239721.613417387 0.009370610 0.003824836 0 0 0 0 0
1489239721.654431343 0.010526521 -0.000523034 0 0 0 0 0
1489239721.736379385 0.002126268 0.012756906 0 0 0 0 0
1489239721.777359486 0.010278898 -0.007453227 0 0 0 0 0
1489239721.859466314 0.023054540 0.005978271 0 0 0 0 0
1489239721.901193380 0.011071041 0.002551803 0 0 0 0 0
