# text file for ../bag/pxtime4_2017-03-11-21-35-15.bag
# format: time stamp x y z qx qy qz qw
1489239316.309694290 0.005252114 0.003696233 0 0 0 0 0
1489239316.310019732 0.015966263 -0.012322707 0 0 0 0 0
1489239316.310032606 -0.008908908 -0.003010229 0 0 0 0 0
1489239316.310070992 -0.000771853 -0.025822232 0 0 0 0 0
1489239316.312348604 0.011066663 -0.036627222 0 0 0 0 0
1489239316.312364340 0.003467844 0.023406310 0 0 0 0 0
1489239316.316858292 0.003775092 -0.051122863 0 0 0 0 0
1489239316.317019224 -0.003156817 0.051750213 0 0 0 0 0
1489239316.321504116 -0.008397714 -0.013090695 0 0 0 0 0
1489239316.321524143 0.008702478 -0.008698367 0 0 0 0 0
1489239316.325638056 -0.012853335 -0.009878515 0 0 0 0 0
1489239316.325651169 0.009633404 -0.009869540 0 0 0 0 0
1489239316.325733900 0.005969018 -0.015792733 0 0 0 0 0
1489239316.330209017 0.008773494 0.043854039 0 0 0 0 0
1489239316.330300331 -0.013682437 -0.048585333 0 0 0 0 0
1489239316.334835291 0.028915074 0.007017678 0 0 0 0 0
1489239316.334970951 -0.033278160 0.021361142 0 0 0 0 0
1489239316.376734495 0.005172164 -0.047615748 0 0 0 0 0
1489239316.376766682 -0.008552858 -0.002196258 0 0 0 0 0
1489239316.376783848 0.017553132 -0.017326791 0 0 0 0 0
1489239316.415454865 0.011066663 -0.036627222 0 0 0 0 0
1489239316.415577173 0.003467844 0.023406310 0 0 0 0 0
1489239316.419976234 0.003775092 -0.051122863 0 0 0 0 0
1489239316.420002699 -0.003156817 0.051750213 0 0 0 0 0
1489239316.420377254 -0.032311670 -0.077389553 0 0 0 0 0
1489239316.424785376 0.012550255 0.050993014 0 0 0 0 0
1489239316.495333672 -0.003838409 -0.067379944 0 0 0 0 0
1489239316.540673733 0.005784838 0.035854988 0 0 0 0 0
1489239316.618304253 -0.002301606 -0.068443976 0 0 0 0 0
1489239316.659399033 -0.015955154 0.046192449 0 0 0 0 0
1489239316.741200447 0.008179083 -0.068539880 0 0 0 0 0
1489239316.782427073 0.010414459 -0.002334076 0 0 0 0 0
1489239316.866747618 -0.002138586 -0.014906341 0 0 0 0 0
1489239316.905550957 0.006775692 -0.004267363 0 0 0 0 0
1489239316.987788677 0.007258112 -0.023708226 0 0 0 0 0
1489239317.028404474 0.002090310 -0.029566865 0 0 0 0 0
1489239317.110422850 0.014662139 -0.019721648 0 0 0 0 0
1489239317.195124865 -0.000276272 -0.004254968 0 0 0 0 0
1489239317.233447313 0.030475115 -0.018467829 0 0 0 0 0
1489239317.274448156 0.012993556 -0.032543220 0 0 0 0 0
1489239317.356277466 0.034876768 -0.015248617 0 0 0 0 0
1489239317.397390842 0.071271874 -0.074636959 0 0 0 0 0
1489239317.442543030 0.074955359 0.023123894 0 0 0 0 0
1489239317.520394564 0.047098689 0.050066072 0 0 0 0 0
1489239317.561363935 0.065618999 0.081755184 0 0 0 0 0
1489239317.643370152 0.056289244 0.125422373 0 0 0 0 0
1489239317.684374571 0.109424092 0.066640750 0 0 0 0 0
1489239317.766408205 0.135513037 0.044266120 0 0 0 0 0
1489239317.807452917 0.163622573 -0.007664408 0 0 0 0 0
1489239317.890377522 0.214489013 -0.046917975 0 0 0 0 0
1489239317.930488586 0.196273416 -0.012229682 0 0 0 0 0
1489239318.012223721 0.221048385 -0.068093136 0 0 0 0 0
1489239318.057599306 0.218745902 -0.021481082 0 0 0 0 0
1489239318.135473013 0.285889894 -0.025775576 0 0 0 0 0
1489239318.176395416 0.260705173 0.008904535 0 0 0 0 0
1489239318.258255005 0.249645874 0.007983978 0 0 0 0 0
1489239318.299357891 0.217949361 0.067666098 0 0 0 0 0
1489239318.381401300 0.268721730 0.004681526 0 0 0 0 0
1489239318.422405005 0.263408273 0.097460508 0 0 0 0 0
1489239318.504450321 0.301305354 0.049836401 0 0 0 0 0
1489239318.545261860 0.281154633 0.019463331 0 0 0 0 0
1489239318.586314917 0.291214049 0.042430513 0 0 0 0 0
1489239318.668539762 0.284435749 -0.031163394 0 0 0 0 0
1489239318.709277391 0.263197631 0.161833957 0 0 0 0 0
1489239318.750401735 0.275117248 -0.005329709 0 0 0 0 0
1489239318.832495451 0.267095834 0.199011356 0 0 0 0 0
1489239318.873198271 0.275968492 0.002646193 0 0 0 0 0
1489239318.914268255 0.228968307 0.138729364 0 0 0 0 0
1489239318.996394873 0.274124831 0.064572297 0 0 0 0 0
1489239319.037579298 0.285829157 0.044409923 0 0 0 0 0
1489239319.078374386 0.278071821 0.217226654 0 0 0 0 0
1489239319.160414934 0.301770300 -0.059034813 0 0 0 0 0
1489239319.201618433 0.268606335 0.261081994 0 0 0 0 0
1489239319.246521473 0.264126211 -0.099662945 0 0 0 0 0
1489239319.324185610 0.243525267 0.283230394 0 0 0 0 0
1489239319.365492582 0.232821032 0.002809422 0 0 0 0 0
1489239319.410690308 0.238927051 0.188916117 0 0 0 0 0
1489239319.447312832 0.255573064 0.143987313 0 0 0 0 0
1489239319.529239893 0.255100578 -0.012742169 0 0 0 0 0
1489239319.570305824 0.247887328 0.240696907 0 0 0 0 0
1489239319.611181974 0.255659699 -0.062148500 0 0 0 0 0
1489239319.652388096 0.240270406 0.214900881 0 0 0 0 0
1489239319.734556913 0.255663544 0.033913296 0 0 0 0 0
1489239319.775299311 0.254033864 0.053395648 0 0 0 0 0
1489239319.816332340 0.256163359 0.183226421 0 0 0 0 0
1489239319.861745358 0.256783426 -0.065235585 0 0 0 0 0
1489239319.898507118 0.250560820 0.216715455 0 0 0 0 0
1489239319.980520487 0.266515404 -0.043135744 0 0 0 0 0
1489239320.021313429 0.259988457 0.151487559 0 0 0 0 0
1489239320.062516451 0.257333517 0.082519181 0 0 0 0 0
1489239320.103447437 0.265283883 0.009621240 0 0 0 0 0
1489239320.186495066 0.282067925 0.232108265 0 0 0 0 0
1489239320.226535082 0.292241424 -0.128438562 0 0 0 0 0
1489239320.267577887 0.263003767 0.218928069 0 0 0 0 0
1489239320.312772274 0.285604686 -0.028769594 0 0 0 0 0
1489239320.349385023 0.268898547 0.166358367 0 0 0 0 0
1489239320.390606403 0.276411951 0.033315495 0 0 0 0 0
1489239320.472253323 0.272947788 0.041012913 0 0 0 0 0
1489239320.513349056 0.312259763 -0.046953250 0 0 0 0 0
1489239320.554503441 0.289854944 0.337811649 0 0 0 0 0
1489239320.599617243 0.299688518 -0.169870332 0 0 0 0 0
1489239320.636361361 0.276501596 0.116450772 0 0 0 0 0
1489239320.677361012 0.282392919 0.281756163 0 0 0 0 0
1489239320.718419552 0.274483830 -0.233417347 0 0 0 0 0
1489239320.763659239 0.276867211 0.197704449 0 0 0 0 0
1489239320.800480843 0.286995471 0.270265013 0 0 0 0 0
1489239320.882494688 0.335244745 -0.359328717 0 0 0 0 0
1489239320.923485994 0.283496976 0.568516731 0 0 0 0 0
1489239320.964463472 0.323095411 -0.184483692 0 0 0 0 0
1489239321.005264044 0.334745973 0.143631056 0 0 0 0 0
1489239321.050651789 0.278027952 0.210164621 0 0 0 0 0
1489239321.087255955 0.325240701 -0.083194330 0 0 0 0 0
1489239321.128846884 0.330233425 0.198629469 0 0 0 0 0
1489239321.169331074 0.335742623 0.052413791 0 0 0 0 0
1489239321.254085779 0.331088483 -0.029136304 0 0 0 0 0
1489239321.254103422 0.299587905 0.241381094 0 0 0 0 0
1489239321.292378426 0.271574199 0.088021949 0 0 0 0 0
1489239321.337721109 0.281931460 -0.016509321 0 0 0 0 0
1489239321.374401331 0.293023676 0.149568558 0 0 0 0 0
1489239321.415597677 0.292124093 0.103056155 0 0 0 0 0
1489239321.456371784 0.248288065 -0.011672993 0 0 0 0 0
1489239321.501674414 0.254307806 0.263173580 0 0 0 0 0
1489239321.579474449 0.288439214 -0.022214757 0 0 0 0 0
1489239321.620630980 0.218106240 0.097294845 0 0 0 0 0
1489239321.661399364 0.291022420 0.160295039 0 0 0 0 0
1489239321.702424049 0.287033141 0.012928610 0 0 0 0 0
1489239321.743192434 0.278814018 0.022613985 0 0 0 0 0
1489239321.784550667 0.303410113 0.143142849 0 0 0 0 0
1489239321.825376749 0.333521366 0.007666178 0 0 0 0 0
1489239321.866202593 0.299110949 0.113547206 0 0 0 0 0
1489239321.907347918 0.328161061 0.033508893 0 0 0 0 0
1489239321.952688456 0.325479031 0.038429726 0 0 0 0 0
1489239321.989367008 0.300429523 0.155509815 0 0 0 0 0
1489239322.030397177 0.297658265 0.118738115 0 0 0 0 0
1489239322.071513891 0.333541662 -0.061837524 0 0 0 0 0
1489239322.115322828 0.297811627 0.140021861 0 0 0 0 0
1489239322.153437853 0.254469603 0.214069724 0 0 0 0 0
1489239322.194463253 0.269828022 -0.129084021 0 0 0 0 0
1489239322.235451221 0.279623210 0.146915913 0 0 0 0 0
1489239322.276388407 0.301950991 0.176691085 0 0 0 0 0
1489239322.317152977 0.300198525 -0.157409757 0 0 0 0 0
1489239322.358621836 0.266752064 0.140252680 0 0 0 0 0
1489239322.399554491 0.232368633 0.150387943 0 0 0 0 0
1489239322.440307140 0.311839163 -0.198729873 0 0 0 0 0
1489239322.481388807 0.246828839 0.190393031 0 0 0 0 0
1489239322.522546291 0.294325382 0.197362274 0 0 0 0 0
1489239322.563643694 0.286774993 -0.174147099 0 0 0 0 0
1489239322.604405880 0.322263300 0.173441380 0 0 0 0 0
1489239322.645245790 0.303625762 0.216571003 0 0 0 0 0
1489239322.686470032 0.301458746 -0.102246210 0 0 0 0 0
1489239322.728126049 0.311251611 0.045862548 0 0 0 0 0
1489239322.768266439 0.217606738 0.250298887 0 0 0 0 0
1489239322.809270859 0.319230139 -0.122330785 0 0 0 0 0
1489239322.809345961 0.317070454 0.063577734 0 0 0 0 0
1489239322.854773283 0.309673786 0.231310278 0 0 0 0 0
1489239322.891403198 0.278504431 -0.047505260 0 0 0 0 0
1489239322.932565928 0.282148212 0.131753951 0 0 0 0 0
1489239322.973337173 0.328231275 0.258655488 0 0 0 0 0
1489239323.014353037 0.227508515 0.020103220 0 0 0 0 0
1489239323.055327177 0.314965427 0.004468062 0 0 0 0 0
1489239323.096428871 0.320228666 0.087060072 0 0 0 0 0
1489239323.137566090 0.265476435 0.274209321 0 0 0 0 0
1489239323.179898500 0.313787401 -0.119698346 0 0 0 0 0
1489239323.219455719 0.295556366 0.195348218 0 0 0 0 0
1489239323.260195494 0.288201511 0.140139610 0 0 0 0 0
1489239323.305552006 0.297539383 -0.004682349 0 0 0 0 0
1489239323.342185020 0.289687932 0.221509010 0 0 0 0 0
1489239323.383361340 0.292241931 0.020132471 0 0 0 0 0
1489239323.465493202 0.307731211 0.152204365 0 0 0 0 0
1489239323.506268501 0.274610370 -0.129760250 0 0 0 0 0
1489239323.547378063 0.294279933 0.163547069 0 0 0 0 0
1489239323.547405005 0.330289662 0.021929391 0 0 0 0 0
1489239323.592623949 0.283554792 0.108938135 0 0 0 0 0
1489239323.629230976 0.246305794 0.120280325 0 0 0 0 0
1489239323.670450211 0.285315275 0.000681705 0 0 0 0 0
1489239323.711342096 0.260669529 0.002346854 0 0 0 0 0
1489239323.756697416 0.289946795 0.116969481 0 0 0 0 0
1489239323.793357849 0.340522885 0.003872780 0 0 0 0 0
1489239323.834531784 0.279511571 -0.000122322 0 0 0 0 0
1489239323.875208139 0.314002812 -0.050898660 0 0 0 0 0
1489239323.916371584 0.255220205 0.246298239 0 0 0 0 0
1489239323.957462549 0.239515871 -0.140676409 0 0 0 0 0
1489239323.957572460 0.358192384 -0.026247393 0 0 0 0 0
1489239323.998596191 0.185870931 0.335023344 0 0 0 0 0
1489239324.043447495 0.330002278 -0.162978798 0 0 0 0 0
1489239324.080332756 0.202663586 -0.095745049 0 0 0 0 0
1489239324.121297836 0.253617942 0.362428457 0 0 0 0 0
1489239324.162533760 0.269242078 -0.071391225 0 0 0 0 0
1489239324.248052120 0.292577565 -0.004238631 0 0 0 0 0
1489239324.248073578 0.344310343 0.182843596 0 0 0 0 0
1489239324.285500765 0.280488700 0.096108392 0 0 0 0 0
1489239324.326805115 0.243409559 -0.012976279 0 0 0 0 0
1489239324.367151260 0.292624772 0.020007487 0 0 0 0 0
1489239324.367166281 0.233510092 0.217973709 0 0 0 0 0
1489239324.408464909 0.328027666 -0.098461106 0 0 0 0 0
1489239324.449311495 0.285990536 -0.036241420 0 0 0 0 0
1489239324.494760275 0.274728179 0.301114678 0 0 0 0 0
1489239324.531454325 0.259704530 -0.036271013 0 0 0 0 0
1489239324.572242260 0.240132973 -0.085382521 0 0 0 0 0
1489239324.613313675 0.268989950 0.154238015 0 0 0 0 0
1489239324.658672810 0.142634511 0.213661879 0 0 0 0 0
1489239324.695420742 0.277615249 -0.231090307 0 0 0 0 0
1489239324.736553431 0.257010996 0.248591185 0 0 0 0 0
1489239324.777442694 0.299579829 0.072863489 0 0 0 0 0
1489239324.781693697 0.337172985 0.002855595 0 0 0 0 0
1489239324.818318367 0.287797898 -0.081312180 0 0 0 0 0
1489239324.859394312 0.328476965 0.314736754 0 0 0 0 0
1489239324.900328636 0.301995039 0.026458388 0 0 0 0 0
1489239324.945422411 0.281226754 -0.018099831 0 0 0 0 0
1489239324.982590914 0.228501007 0.154222623 0 0 0 0 0
1489239325.023504972 0.266495794 0.241212800 0 0 0 0 0
1489239325.064337969 0.315290630 -0.183969975 0 0 0 0 0
1489239325.147043705 0.229816288 0.001933275 0 0 0 0 0
1489239325.147172213 0.194497913 0.299432933 0 0 0 0 0
1489239325.187581062 0.312278003 -0.159906209 0 0 0 0 0
1489239325.187607288 0.332255572 0.051191151 0 0 0 0 0
1489239325.228711843 0.312534779 0.332779318 0 0 0 0 0
1489239325.269404650 0.295663983 -0.022296991 0 0 0 0 0
1489239325.310400248 0.291476309 -0.081917800 0 0 0 0 0
1489239325.351331711 0.296455204 0.148749575 0 0 0 0 0
1489239325.393025637 0.248901814 0.102188051 0 0 0 0 0
1489239325.433429003 0.351945013 0.036696039 0 0 0 0 0
1489239325.474361658 0.254857600 -0.032117318 0 0 0 0 0
1489239325.515459776 0.220657498 0.129510075 0 0 0 0 0
1489239325.557394743 0.295845687 -0.018061992 0 0 0 0 0
1489239325.597588301 0.262506068 -0.040977519 0 0 0 0 0
1489239325.597613811 0.217016652 0.116821922 0 0 0 0 0
1489239325.638441324 0.278587043 0.075906627 0 0 0 0 0
1489239325.679340363 0.244082123 -0.109463096 0 0 0 0 0
1489239325.720314026 0.204193860 0.064056322 0 0 0 0 0
1489239325.761315107 0.299044997 0.154032886 0 0 0 0 0
1489239325.802401304 0.267449319 -0.069880813 0 0 0 0 0
1489239325.843306303 0.234609365 0.102769099 0 0 0 0 0
1489239325.884414196 0.231831819 0.138784081 0 0 0 0 0
1489239325.925483227 0.273608685 -0.058909714 0 0 0 0 0
1489239325.966377974 0.262932181 -0.054650057 0 0 0 0 0
1489239325.966401339 0.272924244 0.148161262 0 0 0 0 0
1489239326.011420488 0.309226513 0.012824431 0 0 0 0 0
1489239326.048361063 0.260677993 -0.085358441 0 0 0 0 0
1489239326.089660645 0.174102515 0.136267200 0 0 0 0 0
1489239326.130499840 0.327211380 -0.011197840 0 0 0 0 0
1489239326.174376011 0.364157349 0.072511129 0 0 0 0 0
1489239326.212132215 0.302073359 0.105791308 0 0 0 0 0
1489239326.253229618 0.333102703 0.139326230 0 0 0 0 0
1489239326.294202089 0.313123047 -0.035133585 0 0 0 0 0
1489239326.335334539 0.290911943 0.106785789 0 0 0 0 0
1489239326.376269817 0.327393621 0.345353305 0 0 0 0 0
1489239326.376399994 0.233853623 -0.040732525 0 0 0 0 0
1489239326.417392731 0.335436285 0.159213632 0 0 0 0 0
1489239326.462721109 0.331210315 0.224685743 0 0 0 0 0
1489239326.499442101 0.327533841 0.024949765 0 0 0 0 0
1489239326.540268660 0.257940829 0.275893062 0 0 0 0 0
1489239326.581535339 0.351044923 -0.140648827 0 0 0 0 0
1489239326.622474194 0.362492502 0.280043572 0 0 0 0 0
1489239326.663411617 0.368386239 -0.040456332 0 0 0 0 0
1489239326.704522610 0.378818363 0.161158830 0 0 0 0 0
1489239326.745387316 0.317136765 0.171785146 0 0 0 0 0
1489239326.786581278 0.383393914 0.018727222 0 0 0 0 0
1489239326.786617041 0.353023469 0.270546764 0 0 0 0 0
1489239326.827900410 0.290054470 0.219564825 0 0 0 0 0
1489239326.868346214 0.292104006 -0.170683801 0 0 0 0 0
1489239326.913580179 0.283664256 0.375349462 0 0 0 0 0
1489239326.950372219 0.279345661 0.213782161 0 0 0 0 0
1489239326.991385221 0.354745328 -0.038757093 0 0 0 0 0
1489239327.032514572 0.219324186 0.031298675 0 0 0 0 0
1489239327.073601723 0.268257797 0.635930479 0 0 0 0 0
1489239327.114267111 0.324845761 -0.246111348 0 0 0 0 0
1489239327.155368567 0.305919945 -0.053698301 0 0 0 0 0
1489239327.196356535 0.267722130 0.284417093 0 0 0 0 0
1489239327.200634241 0.268354684 0.244533777 0 0 0 0 0
1489239327.237295866 0.287177444 -0.325498402 0 0 0 0 0
1489239327.278255701 0.317364275 0.339756846 0 0 0 0 0
1489239327.319341898 0.270770252 0.092749692 0 0 0 0 0
1489239327.364672422 0.301136076 0.118924022 0 0 0 0 0
1489239327.401481628 0.281712949 0.027228091 0 0 0 0 0
1489239327.442203283 0.250490606 0.198888689 0 0 0 0 0
1489239327.483419418 0.265164346 0.246310070 0 0 0 0 0
1489239327.524520874 0.308845013 -0.271207988 0 0 0 0 0
1489239327.565359592 0.197953299 0.247537047 0 0 0 0 0
1489239327.606444836 0.205534846 0.398026377 0 0 0 0 0
1489239327.606514454 0.220733881 -0.253979146 0 0 0 0 0
1489239327.651504517 0.198480800 0.142367125 0 0 0 0 0
1489239327.688360691 0.118256532 0.423579395 0 0 0 0 0
1489239327.729562998 0.187293380 -0.067548230 0 0 0 0 0
1489239327.770344496 0.088505328 0.066579618 0 0 0 0 0
1489239327.815674782 0.065460995 0.336573720 0 0 0 0 0
1489239327.852278709 0.012449251 0.051360883 0 0 0 0 0
1489239327.893281460 -0.008509523 -0.009904196 0 0 0 0 0
1489239327.934326410 0.009592340 0.201297611 0 0 0 0 0
1489239327.975290060 0.003713826 0.175887257 0 0 0 0 0
1489239328.016278744 -0.027503747 -0.056566816 0 0 0 0 0
1489239328.016295671 -0.032534219 0.070872352 0 0 0 0 0
1489239328.057395458 -0.016509330 0.041835811 0 0 0 0 0
1489239328.141989470 -0.021143336 -0.161016479 0 0 0 0 0
1489239328.142019987 -0.026294332 -0.069304533 0 0 0 0 0
1489239328.180351973 -0.038224917 0.007674056 0 0 0 0 0
1489239328.221478462 0.001017583 -0.030685436 0 0 0 0 0
1489239328.266656876 -0.006256512 -0.047438920 0 0 0 0 0
1489239328.303451061 -0.019525550 0.067586742 0 0 0 0 0
1489239328.344411612 -0.060391814 0.075352140 0 0 0 0 0
1489239328.385401964 -0.085448250 -0.098098911 0 0 0 0 0
1489239328.426716805 -0.065632723 0.106328830 0 0 0 0 0
1489239328.426735878 -0.130499601 0.190431818 0 0 0 0 0
1489239328.467229605 -0.100336276 0.051013418 0 0 0 0 0
1489239328.508480787 -0.071058922 -0.077145964 0 0 0 0 0
1489239328.553545237 -0.120421126 0.067640223 0 0 0 0 0
1489239328.590358257 -0.138716072 0.063801870 0 0 0 0 0
1489239328.631367207 -0.152038962 0.049251907 0 0 0 0 0
1489239328.672396183 -0.227451175 0.298172981 0 0 0 0 0
1489239328.713305235 -0.169797271 0.038518298 0 0 0 0 0
1489239328.754375935 -0.261673123 0.351712137 0 0 0 0 0
1489239328.795383215 -0.257144809 0.249083281 0 0 0 0 0
1489239328.795407772 -0.249088213 0.114573941 0 0 0 0 0
1489239328.840551376 -0.295221835 0.323127687 0 0 0 0 0
1489239328.877144098 -0.281914890 0.181472987 0 0 0 0 0
1489239328.918272257 -0.269441903 0.209877774 0 0 0 0 0
1489239328.959342241 -0.318522334 0.298453987 0 0 0 0 0
1489239329.004575968 -0.314179778 0.301101625 0 0 0 0 0
1489239329.041273832 -0.305714667 0.114693761 0 0 0 0 0
1489239329.082534075 -0.304635614 0.276433438 0 0 0 0 0
1489239329.123420715 -0.288914502 0.196547940 0 0 0 0 0
1489239329.164245129 -0.256327659 0.106206395 0 0 0 0 0
1489239329.205568552 -0.314537585 0.175678045 0 0 0 0 0
1489239329.205614328 -0.310495675 0.192580476 0 0 0 0 0
1489239329.246227026 -0.341362536 0.194600597 0 0 0 0 0
1489239329.291621685 -0.328176886 0.149332687 0 0 0 0 0
1489239329.328366518 -0.307531327 0.248281807 0 0 0 0 0
1489239329.369480371 -0.307613105 0.218321994 0 0 0 0 0
1489239329.410430670 -0.316606641 0.188226387 0 0 0 0 0
1489239329.455409765 -0.328942716 0.094312884 0 0 0 0 0
1489239329.492128134 -0.313187331 0.341455400 0 0 0 0 0
1489239329.533406496 -0.259060085 0.071314968 0 0 0 0 0
1489239329.574364185 -0.334355533 0.264848202 0 0 0 0 0
1489239329.615508795 -0.286466032 0.325269282 0 0 0 0 0
1489239329.615536213 -0.315547645 0.243442968 0 0 0 0 0
1489239329.656570673 -0.332061440 0.187816545 0 0 0 0 0
1489239329.697451115 -0.289631367 0.130006686 0 0 0 0 0
1489239329.749326468 -0.340619087 0.392953306 0 0 0 0 0
1489239329.779416323 -0.303537905 0.299369305 0 0 0 0 0
1489239329.820405006 -0.353788227 -0.107556745 0 0 0 0 0
1489239329.861260653 -0.297865897 0.387471735 0 0 0 0 0
1489239329.906625986 -0.324952513 0.320205152 0 0 0 0 0
1489239329.943259954 -0.353632152 -0.052989911 0 0 0 0 0
1489239329.984377623 -0.384436756 0.347079277 0 0 0 0 0
1489239330.025395393 -0.421065748 0.473923594 0 0 0 0 0
1489239330.068035364 -0.394772142 0.153970659 0 0 0 0 0
1489239330.068266630 -0.402840525 0.119389758 0 0 0 0 0
1489239330.107429981 -0.365153730 0.437691778 0 0 0 0 0
1489239330.148492098 -0.334700763 0.326216191 0 0 0 0 0
1489239330.190348387 -0.382983387 -0.062549815 0 0 0 0 0
1489239330.230314255 -0.444562048 0.362598270 0 0 0 0 0
1489239330.271369219 -0.389759690 0.363760501 0 0 0 0 0
1489239330.312236547 -0.410320848 0.010004316 0 0 0 0 0
1489239330.353377342 -0.399200290 0.104077935 0 0 0 0 0
1489239330.394196272 -0.381385952 0.433381557 0 0 0 0 0
1489239330.435410976 -0.456864178 0.142816365 0 0 0 0 0
1489239330.435435772 -0.375794470 0.050917804 0 0 0 0 0
1489239330.476297855 -0.433471531 0.287400156 0 0 0 0 0
1489239330.517120123 -0.434977680 0.258005828 0 0 0 0 0
1489239330.558493853 -0.460486710 0.212189987 0 0 0 0 0
1489239330.599417925 -0.395014644 0.249603033 0 0 0 0 0
1489239330.640421391 -0.432508647 0.080783911 0 0 0 0 0
1489239330.681391478 -0.480559260 0.442606032 0 0 0 0 0
1489239330.722275972 -0.428795576 0.086598918 0 0 0 0 0
1489239330.763775110 -0.493160486 0.166751787 0 0 0 0 0
1489239330.804479599 -0.324951142 0.258054912 0 0 0 0 0
1489239330.845172882 -0.434252322 0.265729994 0 0 0 0 0
1489239330.845457792 -0.481659740 0.181559175 0 0 0 0 0
1489239330.886307955 -0.474779606 0.161549136 0 0 0 0 0
1489239330.927340031 -0.488464981 0.350853294 0 0 0 0 0
1489239330.968321085 -0.457126319 0.365973294 0 0 0 0 0
1489239331.009273052 -0.533861399 0.072829805 0 0 0 0 0
1489239331.050288677 -0.463887036 0.321878731 0 0 0 0 0
1489239331.136158228 -0.501854599 0.230401471 0 0 0 0 0
1489239331.136191845 -0.427844852 0.338176072 0 0 0 0 0
1489239331.173115015 -0.450063646 0.077597126 0 0 0 0 0
1489239331.214192152 -0.419092327 0.156309292 0 0 0 0 0
1489239331.259472132 -0.414174139 0.347964436 0 0 0 0 0
1489239331.296304226 -0.418839395 0.056582510 0 0 0 0 0
1489239331.337150812 -0.437306970 0.201284021 0 0 0 0 0
1489239331.378173113 -0.502858579 0.369652569 0 0 0 0 0
1489239331.382727623 -0.457406759 0.043819301 0 0 0 0 0
1489239331.419280052 -0.552427948 0.253043413 0 0 0 0 0
1489239331.460352659 -0.417000920 0.229632378 0 0 0 0 0
1489239331.501333952 -0.585829854 0.305066735 0 0 0 0 0
1489239331.546515465 -0.550632775 0.153869003 0 0 0 0 0
1489239331.583331823 -0.533459008 0.271430343 0 0 0 0 0
1489239331.624339342 -0.473146677 0.242578775 0 0 0 0 0
1489239331.665461779 -0.523623943 0.102536544 0 0 0 0 0
1489239331.710520267 -0.538802028 0.448577166 0 0 0 0 0
1489239331.747175932 -0.506191254 0.112114646 0 0 0 0 0
1489239331.788428068 -0.527048886 0.136061177 0 0 0 0 0
1489239331.829248667 -0.493940026 0.381635636 0 0 0 0 0
1489239331.870234489 -0.468082041 0.018905895 0 0 0 0 0
1489239331.911311626 -0.489431083 0.240994021 0 0 0 0 0
1489239331.952341080 -0.477381945 0.290568650 0 0 0 0 0
1489239331.993304491 -0.561569095 0.248788089 0 0 0 0 0
1489239332.035428047 -0.546455443 0.235603601 0 0 0 0 0
1489239332.035445690 -0.529616117 0.298847705 0 0 0 0 0
1489239332.075230837 -0.524309814 0.258871108 0 0 0 0 0
1489239332.116420984 -0.528928101 0.235823750 0 0 0 0 0
1489239332.161516905 -0.518261075 0.141783148 0 0 0 0 0
1489239332.198337793 -0.528219938 0.174097300 0 0 0 0 0
1489239332.239298582 -0.568807721 0.245293304 0 0 0 0 0
1489239332.280424595 -0.502459764 0.137436822 0 0 0 0 0
1489239332.321198702 -0.610926092 0.396229714 0 0 0 0 0
1489239332.362407207 -0.557285905 0.142099798 0 0 0 0 0
1489239332.403261900 -0.558886945 0.208345294 0 0 0 0 0
1489239332.403285742 -0.475374937 0.044335850 0 0 0 0 0
1489239332.448554277 -0.534974694 0.543686748 0 0 0 0 0
1489239332.485369682 -0.499931961 0.012657925 0 0 0 0 0
1489239332.526267529 -0.577056170 0.232314229 0 0 0 0 0
1489239332.567367792 -0.443805546 -0.002391450 0 0 0 0 0
1489239332.612494707 -0.443774372 0.518107593 0 0 0 0 0
1489239332.649216652 -0.534088910 -0.294257998 0 0 0 0 0
1489239332.690201998 -0.539883375 0.628207088 0 0 0 0 0
1489239332.731465816 -0.587770164 0.056860626 0 0 0 0 0
1489239332.772128344 -0.549493670 0.121915922 0 0 0 0 0
1489239332.813309193 -0.567773223 0.207697839 0 0 0 0 0
1489239332.813344240 -0.505994260 0.412521690 0 0 0 0 0
1489239332.854224682 -0.498545945 -0.057785213 0 0 0 0 0
1489239332.899538279 -0.422358185 0.360375077 0 0 0 0 0
1489239332.936317444 -0.590502083 0.422764689 0 0 0 0 0
1489239332.977132797 -0.483026445 -0.064127162 0 0 0 0 0
1489239333.018357754 -0.474646956 0.203375414 0 0 0 0 0
1489239333.103508949 -0.564313352 0.334515780 0 0 0 0 0
1489239333.103544712 -0.568934798 0.215557247 0 0 0 0 0
1489239333.141253710 -0.530514121 0.134947240 0 0 0 0 0
1489239333.182344913 -0.460830212 0.285791457 0 0 0 0 0
1489239333.223236799 -0.483694702 0.283045739 0 0 0 0 0
1489239333.223246813 -0.410762697 0.095382854 0 0 0 0 0
1489239333.264577150 -0.487724066 0.175368279 0 0 0 0 0
1489239333.305473328 -0.404960155 0.327444702 0 0 0 0 0
1489239333.350556612 -0.492015421 0.090362296 0 0 0 0 0
1489239333.387499809 -0.596349955 0.115523480 0 0 0 0 0
1489239333.428374529 -0.551518857 0.445204824 0 0 0 0 0
1489239333.469327450 -0.592114627 -0.009919668 0 0 0 0 0
1489239333.514583349 -0.598929107 0.228215650 0 0 0 0 0
1489239333.551465511 -0.623621941 0.499430805 0 0 0 0 0
1489239333.592380285 -0.593425572 -0.015115407 0 0 0 0 0
1489239333.633431673 -0.674818397 0.452719837 0 0 0 0 0
1489239333.637582779 -0.533938408 0.370365679 0 0 0 0 0
1489239333.674257994 -0.607111037 0.199335232 0 0 0 0 0
1489239333.715253830 -0.647201002 0.359123945 0 0 0 0 0
1489239333.756321669 -0.562762260 0.128623039 0 0 0 0 0
1489239333.801761866 -0.546958387 0.309606314 0 0 0 0 0
1489239333.838263750 -0.534569561 0.358683765 0 0 0 0 0
1489239333.879175425 -0.582151294 0.164285362 0 0 0 0 0
1489239333.920300484 -0.520596564 0.118254021 0 0 0 0 0
1489239334.002726793 -0.580159962 0.270424783 0 0 0 0 0
1489239334.002749205 -0.571575820 0.111896910 0 0 0 0 0
1489239334.088650227 -0.496498764 -0.029139012 0 0 0 0 0
1489239334.125095606 -0.559722066 0.229086444 0 0 0 0 0
1489239334.166315556 -0.437272310 0.305627644 0 0 0 0 0
1489239334.207253218 -0.489076853 0.124950647 0 0 0 0 0
1489239334.252462864 -0.506512046 0.237652034 0 0 0 0 0
1489239334.289318085 -0.509523809 0.383897722 0 0 0 0 0
1489239334.330310583 -0.495546430 -0.016984398 0 0 0 0 0
1489239334.371414661 -0.524305046 0.326306432 0 0 0 0 0
1489239334.412325621 -0.515736818 0.157135203 0 0 0 0 0
1489239334.453190327 -0.572847247 0.304202348 0 0 0 0 0
1489239334.494517803 -0.598096251 0.193122983 0 0 0 0 0
1489239334.535442352 -0.529017568 0.082983747 0 0 0 0 0
1489239334.576210499 -0.574705005 0.273441255 0 0 0 0 0
1489239334.617194414 -0.482423365 0.176683292 0 0 0 0 0
1489239334.658209801 -0.453024387 0.297767550 0 0 0 0 0
1489239334.699439049 -0.437812865 0.136776373 0 0 0 0 0
1489239334.703568459 -0.494053662 -0.081029728 0 0 0 0 0
1489239334.740315437 -0.529672980 0.636951625 0 0 0 0 0
1489239334.781162500 -0.407225996 -0.066279277 0 0 0 0 0
1489239334.822439909 -0.470331848 -0.040670678 0 0 0 0 0
1489239334.863327503 -0.485851228 0.471579075 0 0 0 0 0
1489239334.904185057 -0.375535995 -0.075019665 0 0 0 0 0
1489239334.945213079 -0.432485670 0.133824423 0 0 0 0 0
1489239334.986374140 -0.460129976 0.526207268 0 0 0 0 0
1489239335.029919147 -0.400732696 -0.103568628 0 0 0 0 0
1489239335.068448782 -0.426013082 0.293595165 0 0 0 0 0
1489239335.109184027 -0.435720772 0.097450756 0 0 0 0 0
1489239335.154517174 -0.439730078 0.228656441 0 0 0 0 0
1489239335.191909552 -0.413724661 0.355918884 0 0 0 0 0
1489239335.232367277 -0.341829091 -0.356090993 0 0 0 0 0
1489239335.273132563 -0.393247306 0.343323171 0 0 0 0 0
1489239335.314359903 -0.349282235 0.261714816 0 0 0 0 0
1489239335.314390182 -0.369882524 -0.197272390 0 0 0 0 0
1489239335.355149984 -0.378793329 0.216166615 0 0 0 0 0
1489239335.396453619 -0.261005431 0.345657855 0 0 0 0 0
1489239335.441531897 -0.343874633 -0.080864221 0 0 0 0 0
1489239335.478297949 -0.375792086 0.122899868 0 0 0 0 0
1489239335.519259453 -0.372669786 0.490294993 0 0 0 0 0
1489239335.560186863 -0.380066276 0.002523202 0 0 0 0 0
1489239335.605566978 -0.325066805 -0.097217500 0 0 0 0 0
1489239335.642097473 -0.343202919 0.289699525 0 0 0 0 0
1489239335.683165073 -0.346720606 0.225491196 0 0 0 0 0
1489239335.724281549 -0.332084805 -0.187966391 0 0 0 0 0
1489239335.765334368 -0.298645973 0.058235150 0 0 0 0 0
1489239335.806347609 -0.248741195 0.510918975 0 0 0 0 0
1489239335.847319365 -0.231285527 -0.248817012 0 0 0 0 0
1489239335.888172150 -0.305802733 -0.058883797 0 0 0 0 0
1489239335.892506123 -0.278477430 0.630757034 0 0 0 0 0
1489239335.929285765 -0.262653619 -0.164363056 0 0 0 0 0
1489239335.970388412 -0.191136286 0.006142939 0 0 0 0 0
1489239336.011131525 -0.251098305 0.378697187 0 0 0 0 0
1489239336.056759119 -0.189617425 0.154146805 0 0 0 0 0
1489239336.093369722 -0.174916968 -0.084099896 0 0 0 0 0
1489239336.134182215 -0.215230867 0.186545759 0 0 0 0 0
1489239336.175107718 -0.185863659 0.296922147 0 0 0 0 0
1489239336.216255188 -0.130607873 -0.191346318 0 0 0 0 0
1489239336.257197857 -0.145683676 0.104315177 0 0 0 0 0
1489239336.298394442 -0.120188937 0.148560897 0 0 0 0 0
1489239336.298438549 -0.039405964 -0.100219466 0 0 0 0 0
1489239336.343442202 -0.005996817 -0.046634767 0 0 0 0 0
1489239336.380405664 -0.012463240 0.022812907 0 0 0 0 0
1489239336.421285391 -0.037364963 -0.014508252 0 0 0 0 0
1489239336.462144852 -0.001699001 -0.066493675 0 0 0 0 0
1489239336.507509708 -0.012321580 0.068593740 0 0 0 0 0
1489239336.544204950 -0.011083366 0.013844001 0 0 0 0 0
1489239336.585317373 0.017037947 -0.023558926 0 0 0 0 0
1489239336.626143694 0.033504389 0.020147964 0 0 0 0 0
1489239336.667034626 0.011077086 -0.022126311 0 0 0 0 0
1489239336.708115816 0.000692782 -0.039488584 0 0 0 0 0
1489239336.708130598 -0.026956862 0.024863862 0 0 0 0 0
1489239336.749198914 -0.010357470 0.075314596 0 0 0 0 0
1489239336.794428587 -0.035693534 -0.049571130 0 0 0 0 0
1489239336.831272840 -0.002841909 -0.022095334 0 0 0 0 0
1489239336.872199059 0.007567165 -0.015331840 0 0 0 0 0
1489239336.913116693 0.026984021 -0.053957708 0 0 0 0 0
1489239336.997539759 0.037356816 -0.044269182 0 0 0 0 0
1489239336.997567654 -0.067745626 -0.053954281 0 0 0 0 0
1489239337.036252975 -0.034064244 0.035344094 0 0 0 0 0
1489239337.077163696 -0.009751925 -0.131144539 0 0 0 0 0
1489239337.118562460 0.002793191 -0.143390387 0 0 0 0 0
1489239337.118591785 0.017970318 -0.116069570 0 0 0 0 0
1489239337.159185648 0.037322968 -0.125745893 0 0 0 0 0
1489239337.200278521 0.013308147 -0.209788159 0 0 0 0 0
1489239337.245466471 -0.015071024 -0.030239174 0 0 0 0 0
1489239337.282376528 -0.021019325 -0.136026949 0 0 0 0 0
1489239337.323365927 0.006304767 -0.185593471 0 0 0 0 0
1489239337.364257336 -0.020101640 0.033418171 0 0 0 0 0
1489239337.409505129 -0.005591889 -0.307006061 0 0 0 0 0
1489239337.446253300 -0.002468543 -0.160621509 0 0 0 0 0
1489239337.487247944 0.037681382 -0.400520176 0 0 0 0 0
1489239337.528217077 0.103072748 -0.419989020 0 0 0 0 0
1489239337.569288015 0.106303252 -0.253791004 0 0 0 0 0
1489239337.569303513 0.046892375 -0.432502985 0 0 0 0 0
1489239337.610141516 0.003407550 -0.255949885 0 0 0 0 0
1489239337.651278973 0.046031646 -0.405321658 0 0 0 0 0
1489239337.696550608 0.063337937 -0.457346588 0 0 0 0 0
1489239337.733265400 -0.013457926 -0.254372746 0 0 0 0 0
1489239337.774096966 0.067863032 -0.527438045 0 0 0 0 0
1489239337.815308571 0.135345891 -0.414192766 0 0 0 0 0
1489239337.860428572 0.060058385 -0.409377337 0 0 0 0 0
1489239337.897303343 0.114450470 -0.495920360 0 0 0 0 0
1489239337.938356876 0.071070693 -0.386553526 0 0 0 0 0
1489239337.979378223 0.096384026 -0.467864513 0 0 0 0 0
1489239338.023789167 0.093246013 -0.516670287 0 0 0 0 0
1489239338.025036812 0.081552669 -0.443347782 0 0 0 0 0
1489239338.061507702 0.013484545 -0.262312233 0 0 0 0 0
1489239338.102461815 0.111618057 -0.759428859 0 0 0 0 0
1489239338.147411823 0.021255681 -0.222261906 0 0 0 0 0
1489239338.184219837 0.111132026 -0.519590676 0 0 0 0 0
1489239338.225239992 0.048467189 -0.445127159 0 0 0 0 0
1489239338.266317368 0.048420452 -0.446647882 0 0 0 0 0
1489239338.311530828 0.048383333 -0.350092500 0 0 0 0 0
1489239338.348272562 0.002489854 -0.322981685 0 0 0 0 0
1489239338.389151812 -0.002764470 -0.544051826 0 0 0 0 0
1489239338.430139303 0.022806376 -0.348985463 0 0 0 0 0
1489239338.434609652 0.008273657 -0.323659748 0 0 0 0 0
1489239338.471218586 0.062598571 -0.494288534 0 0 0 0 0
1489239338.512306690 -0.014085926 -0.397779495 0 0 0 0 0
1489239338.553150415 -0.026443660 -0.326361775 0 0 0 0 0
1489239338.598606110 0.014932556 -0.640072227 0 0 0 0 0
1489239338.635246754 -0.012265276 -0.505952716 0 0 0 0 0
1489239338.676191807 -0.063399114 -0.260813445 0 0 0 0 0
1489239338.717195749 -0.002839493 -0.706336021 0 0 0 0 0
1489239338.762541771 -0.038972188 -0.470853716 0 0 0 0 0
1489239338.799421787 -0.073472455 -0.311110109 0 0 0 0 0
1489239338.840160131 -0.084794365 -0.555138886 0 0 0 0 0
1489239338.881371975 -0.008865783 -0.525146842 0 0 0 0 0
1489239338.923308134 0.021892542 -0.445444286 0 0 0 0 0
1489239338.963396311 0.005462361 -0.604353607 0 0 0 0 0
1489239339.004368782 -0.037831973 -0.305392534 0 0 0 0 0
1489239339.045328617 -0.024388576 -0.577898622 0 0 0 0 0
1489239339.086324692 0.049052346 -0.586334705 0 0 0 0 0
1489239339.127748489 0.001704495 -0.409419835 0 0 0 0 0
1489239339.168384790 0.027525902 -0.521208465 0 0 0 0 0
1489239339.209089994 0.019316493 -0.442564964 0 0 0 0 0
1489239339.250121593 0.002204900 -0.468142837 0 0 0 0 0
1489239339.291036129 -0.049809791 -0.407137930 0 0 0 0 0
1489239339.332396984 0.048028015 -0.558430791 0 0 0 0 0
1489239339.373136520 -0.025059525 -0.353296965 0 0 0 0 0
1489239339.414167166 -0.021953188 -0.466898054 0 0 0 0 0
1489239339.455379248 -0.011477604 -0.522076845 0 0 0 0 0
1489239339.496330738 -0.018823726 -0.462009907 0 0 0 0 0
1489239339.537400961 -0.020720087 -0.338944912 0 0 0 0 0
1489239339.578285933 -0.000364203 -0.533769011 0 0 0 0 0
1489239339.619234324 -0.017713247 -0.558703125 0 0 0 0 0
1489239339.660973310 -0.030794840 -0.318869978 0 0 0 0 0
1489239339.701319695 -0.022105012 -0.659126580 0 0 0 0 0
1489239339.742368221 -0.027258480 -0.392634451 0 0 0 0 0
1489239339.783176661 -0.008368962 -0.504335642 0 0 0 0 0
1489239339.824327230 0.004952685 -0.624785423 0 0 0 0 0
1489239339.865297556 0.002334362 -0.437851340 0 0 0 0 0
1489239339.947398424 -0.001518451 -0.533741295 0 0 0 0 0
1489239339.991130829 -0.017091263 -0.545788467 0 0 0 0 0
1489239340.029449463 -0.001892081 -0.476400852 0 0 0 0 0
1489239340.070331812 0.009389823 -0.471783787 0 0 0 0 0
1489239340.113762140 0.003894370 -0.710588336 0 0 0 0 0
1489239340.152258873 0.000000000 -0.532049060 0 0 0 0 0
1489239340.193298578 0.004538228 -0.622779012 0 0 0 0 0
1489239340.238597155 0.009010961 -0.538551688 0 0 0 0 0
1489239340.316236496 0.036597591 -0.564592659 0 0 0 0 0
1489239340.357184172 0.092861481 -0.690618813 0 0 0 0 0
1489239340.402424335 0.074136570 -0.607647896 0 0 0 0 0
1489239340.439414024 0.132867962 -0.725242257 0 0 0 0 0
1489239340.480234385 0.141394794 -0.561318099 0 0 0 0 0
1489239340.562237740 0.128055498 -0.716943800 0 0 0 0 0
1489239340.603326082 0.122089505 -0.730338275 0 0 0 0 0
1489239340.644084692 0.059177417 -0.534038126 0 0 0 0 0
1489239340.689498901 0.127286717 -0.826817870 0 0 0 0 0
1489239340.767030001 0.049363323 -0.582326770 0 0 0 0 0
1489239340.808249712 0.055892099 -0.609652877 0 0 0 0 0
1489239340.853446484 0.062280208 -0.722778201 0 0 0 0 0
1489239340.890167713 0.069376126 -0.624100387 0 0 0 0 0
1489239340.931485415 0.039982863 -0.549069703 0 0 0 0 0
1489239341.017360687 0.003221635 -0.564142764 0 0 0 0 0
1489239341.054164886 0.028540695 -0.604749322 0 0 0 0 0
1489239341.095386744 0.009776119 -0.483690262 0 0 0 0 0
1489239341.140539169 0.007668541 -0.559494138 0 0 0 0 0
1489239341.218191862 0.004579312 -0.479478538 0 0 0 0 0
1489239341.259261131 0.010481362 -0.529802382 0 0 0 0 0
1489239341.304541111 0.001008531 -0.567635655 0 0 0 0 0
1489239341.341107607 0.000493975 -0.429263920 0 0 0 0 0
1489239341.424341440 0.003502780 -0.599463582 0 0 0 0 0
1489239341.464274168 0.000000000 -0.403506696 0 0 0 0 0
1489239341.505261660 0.000000000 -0.505740523 0 0 0 0 0
1489239341.587627888 -0.000493526 -0.545049191 0 0 0 0 0
1489239341.628328562 -0.009162041 -0.365318090 0 0 0 0 0
1489239341.669373751 0.004547534 -0.591065824 0 0 0 0 0
1489239341.751242876 -0.019444060 -0.194407314 0 0 0 0 0
1489239341.792127848 -0.015222810 -0.562045157 0 0 0 0 0
1489239341.833173513 -0.010098473 -0.260313690 0 0 0 0 0
1489239341.915806532 0.013843708 -0.548981249 0 0 0 0 0
1489239341.956337214 -0.018725257 -0.144846961 0 0 0 0 0
1489239341.997267008 0.025030684 -0.536711752 0 0 0 0 0
1489239342.079189539 -0.009827776 -0.202565476 0 0 0 0 0
1489239342.120168924 0.030562431 -0.563355267 0 0 0 0 0
1489239342.161413670 -0.000086755 -0.240572304 0 0 0 0 0
1489239342.243097067 -0.004456558 -0.442049265 0 0 0 0 0
1489239342.284451962 0.007712005 -0.397335231 0 0 0 0 0
1489239342.366197109 -0.007676594 -0.306380570 0 0 0 0 0
1489239342.407418966 0.008528994 -0.294508219 0 0 0 0 0
1489239342.489343643 -0.001283221 -0.390571654 0 0 0 0 0
1489239342.530095577 0.020371465 -0.167229503 0 0 0 0 0
1489239342.612146378 0.005618287 -0.322975755 0 0 0 0 0
1489239342.657557487 -0.019859497 -0.189946532 0 0 0 0 0
1489239342.735225439 -0.011208234 -0.179254383 0 0 0 0 0
1489239342.776096821 -0.017033035 -0.205665663 0 0 0 0 0
1489239342.858367682 0.001289409 -0.167251229 0 0 0 0 0
1489239342.899234295 -0.007130741 -0.096105233 0 0 0 0 0
1489239342.982805252 -0.017909525 -0.175121948 0 0 0 0 0
1489239343.022141695 0.007688412 -0.029809639 0 0 0 0 0
1489239343.104180336 0.006911188 -0.034293152 0 0 0 0 0
1489239343.145040512 -0.003412100 -0.002550308 0 0 0 0 0
1489239343.186313868 -0.000825574 0.028508455 0 0 0 0 0
1489239343.268396854 -0.001717570 0.071106717 0 0 0 0 0
1489239343.309095860 0.017915290 -0.056861449 0 0 0 0 0
1489239343.391213894 0.008655364 0.036506359 0 0 0 0 0
1489239343.432335854 0.020134252 -0.032560371 0 0 0 0 0
1489239343.514142752 0.026173089 0.019226095 0 0 0 0 0
1489239343.559573889 0.064414516 0.009510973 0 0 0 0 0
1489239343.637325525 0.071483091 0.017785881 0 0 0 0 0
1489239343.678107500 0.114830092 -0.004271189 0 0 0 0 0
1489239343.760309935 0.130351156 0.066704281 0 0 0 0 0
1489239343.801121950 0.172643065 0.062669262 0 0 0 0 0
1489239343.883191109 0.151008025 0.146001309 0 0 0 0 0
1489239343.924287558 0.133179486 0.151341528 0 0 0 0 0
1489239344.006367445 0.161142558 0.257225603 0 0 0 0 0
1489239344.049520254 0.210897207 0.121162757 0 0 0 0 0
1489239344.088302374 0.194778293 0.274160713 0 0 0 0 0
1489239344.170194387 0.216279551 0.103972532 0 0 0 0 0
1489239344.211200953 0.223070502 0.236797124 0 0 0 0 0
1489239344.252219677 0.240466759 0.153722644 0 0 0 0 0
1489239344.334320068 0.225797817 0.119858287 0 0 0 0 0
1489239344.375064611 0.225200266 0.247024566 0 0 0 0 0
1489239344.457245588 0.256213009 0.182108507 0 0 0 0 0
1489239344.498281956 0.283224434 0.185564518 0 0 0 0 0
1489239344.539269924 0.271254420 0.187060118 0 0 0 0 0
1489239344.584738970 0.282432318 0.208690792 0 0 0 0 0
1489239344.662113667 0.273427755 0.282084614 0 0 0 0 0
1489239344.703232765 0.320195943 0.106821753 0 0 0 0 0
1489239344.748485565 0.279325634 0.377162993 0 0 0 0 0
1489239344.826418400 0.306380719 0.113044083 0 0 0 0 0
1489239344.866929054 0.285874814 0.395677090 0 0 0 0 0
1489239344.912354469 0.258337915 0.248011902 0 0 0 0 0
1489239344.949182749 0.290896416 0.166003376 0 0 0 0 0
1489239345.031354189 0.246771410 0.494093955 0 0 0 0 0
1489239345.075495720 0.282237291 0.109007932 0 0 0 0 0
1489239345.113089323 0.263103068 0.530354500 0 0 0 0 0
1489239345.154052019 0.318850994 0.183304518 0 0 0 0 0
1489239345.236183405 0.335126579 0.300946712 0 0 0 0 0
1489239345.277031660 0.262761950 0.453974545 0 0 0 0 0
1489239345.318147182 0.307713330 0.148573518 0 0 0 0 0
1489239345.363523722 0.280432761 0.392622620 0 0 0 0 0
1489239345.400224447 0.307858050 0.274026930 0 0 0 0 0
1489239345.441121101 0.295537323 0.310097992 0 0 0 0 0
1489239345.486470699 0.318126112 0.306480885 0 0 0 0 0
1489239345.564263344 0.327742875 0.394251078 0 0 0 0 0
1489239345.605251551 0.305510581 0.298558831 0 0 0 0 0
1489239345.646175146 0.277971745 0.292170852 0 0 0 0 0
1489239345.687090397 0.294955790 0.445975214 0 0 0 0 0
1489239345.728346109 0.309855759 0.104222655 0 0 0 0 0
1489239345.769047499 0.270864010 0.701364219 0 0 0 0 0
1489239345.814511538 0.300446391 0.097060993 0 0 0 0 0
1489239345.851258516 0.271982282 0.405374527 0 0 0 0 0
1489239345.892092228 0.272014230 0.327419698 0 0 0 0 0
1489239345.974282503 0.280403733 0.158616662 0 0 0 0 0
1489239345.974307775 0.281415164 0.223448828 0 0 0 0 0
1489239346.015139580 0.257419795 0.521259010 0 0 0 0 0
1489239346.056195021 0.318296164 0.075791389 0 0 0 0 0
1489239346.101465225 0.262884915 0.315006316 0 0 0 0 0
1489239346.138103724 0.260291368 0.444527000 0 0 0 0 0
1489239346.179152012 0.330335528 0.170682713 0 0 0 0 0
1489239346.220160007 0.239419490 0.187721580 0 0 0 0 0
1489239346.261241913 0.222950146 0.403106213 0 0 0 0 0
1489239346.302300692 0.090164863 0.032350074 0 0 0 0 0
1489239346.342981815 0.275561005 0.193069071 0 0 0 0 0
1489239346.388495684 0.170802921 0.463283926 0 0 0 0 0
1489239346.425125360 0.259517580 0.140108019 0 0 0 0 0
1489239346.466370344 0.300972968 0.251276612 0 0 0 0 0
1489239346.507508516 0.281350732 0.354298741 0 0 0 0 0
1489239346.552400112 0.296157658 0.327944189 0 0 0 0 0
1489239346.589142323 0.255602747 0.198886663 0 0 0 0 0
1489239346.630319357 0.212462977 0.290633738 0 0 0 0 0
1489239346.671270370 0.271558762 0.298725724 0 0 0 0 0
1489239346.712087154 0.262550682 0.357968032 0 0 0 0 0
1489239346.753113031 0.301170856 0.169157520 0 0 0 0 0
1489239346.794312716 0.300205469 0.249785542 0 0 0 0 0
1489239346.835204124 0.245415136 0.353855431 0 0 0 0 0
1489239346.876082659 0.303997546 0.076366037 0 0 0 0 0
1489239346.917135954 0.216656834 0.372955382 0 0 0 0 0
1489239346.958462238 0.246672511 0.232635736 0 0 0 0 0
1489239346.958551407 0.205590650 0.166162759 0 0 0 0 0
1489239347.042288303 0.254250586 0.422391504 0 0 0 0 0
1489239347.042413473 0.232374787 0.231366783 0 0 0 0 0
1489239347.081301928 0.226444751 0.124371633 0 0 0 0 0
1489239347.122224569 0.197967321 0.405078471 0 0 0 0 0
1489239347.163224459 0.257845581 0.122947454 0 0 0 0 0
1489239347.204262495 0.227377579 0.341521174 0 0 0 0 0
1489239347.245245218 0.196193710 0.195691362 0 0 0 0 0
1489239347.286389351 0.229692608 0.388721853 0 0 0 0 0
1489239347.327301502 0.219341561 0.202737302 0 0 0 0 0
1489239347.368408680 0.283934236 0.151251748 0 0 0 0 0
1489239347.368451357 0.186842918 0.628888190 0 0 0 0 0
1489239347.409046888 0.256455988 0.073547229 0 0 0 0 0
1489239347.454720259 0.195272207 0.379663050 0 0 0 0 0
1489239347.491155386 0.275939852 0.458113670 0 0 0 0 0
1489239347.532225370 0.240924239 0.130616114 0 0 0 0 0
1489239347.573118210 0.197723046 0.297405094 0 0 0 0 0
1489239347.614067793 0.253639758 0.182618931 0 0 0 0 0
1489239347.655346870 0.202895671 0.286508888 0 0 0 0 0
1489239347.696141243 0.224700883 0.303040326 0 0 0 0 0
1489239347.737363577 0.173644334 0.141027957 0 0 0 0 0
1489239347.778263807 0.246899813 0.263510674 0 0 0 0 0
1489239347.778284311 0.211676270 0.369260848 0 0 0 0 0
1489239347.819163322 0.273975134 0.319772094 0 0 0 0 0
1489239347.860206366 0.229836911 0.264234453 0 0 0 0 0
1489239347.905348539 0.237667322 0.514802575 0 0 0 0 0
1489239347.942329645 0.279045045 0.246374726 0 0 0 0 0
1489239347.983263969 0.310823798 0.185237601 0 0 0 0 0
1489239348.024021149 0.260582268 0.445374250 0 0 0 0 0
1489239348.069153309 0.317304015 0.200022101 0 0 0 0 0
1489239348.106210470 0.303553760 0.223695680 0 0 0 0 0
1489239348.147128105 0.303592294 0.310817242 0 0 0 0 0
1489239348.192557812 0.256756634 0.202612087 0 0 0 0 0
1489239348.229258299 0.263937622 0.258943170 0 0 0 0 0
1489239348.270265102 0.279444575 0.254693806 0 0 0 0 0
1489239348.311288118 0.299606889 0.245506406 0 0 0 0 0
1489239348.357047081 0.260757029 0.278738052 0 0 0 0 0
1489239348.393445730 0.129712582 0.160715386 0 0 0 0 0
1489239348.434307814 0.227167159 0.190251321 0 0 0 0 0
1489239348.475070238 0.200407863 0.315136135 0 0 0 0 0
1489239348.516162872 0.227606744 0.315756053 0 0 0 0 0
1489239348.557224989 0.137921572 0.243264347 0 0 0 0 0
1489239348.557266951 0.218578294 0.160003707 0 0 0 0 0
1489239348.598236084 0.230706304 0.415767521 0 0 0 0 0
1489239348.643304586 0.258471340 0.178572580 0 0 0 0 0
1489239348.680233955 0.310596079 0.182005197 0 0 0 0 0
1489239348.721109867 0.194730237 0.335310936 0 0 0 0 0
1489239348.762313128 0.283605963 0.150842398 0 0 0 0 0
1489239348.807345867 0.264409542 0.219375134 0 0 0 0 0
1489239348.843992710 0.266977459 0.438310206 0 0 0 0 0
1489239348.885485411 0.279280812 0.135850146 0 0 0 0 0
1489239348.926387072 0.286041915 0.228311494 0 0 0 0 0
1489239348.968697309 0.222396448 0.417359769 0 0 0 0 0
1489239348.968723059 0.306759417 0.133281499 0 0 0 0 0
1489239349.008187771 0.281868726 0.412017196 0 0 0 0 0
1489239349.049115181 0.263878107 0.225572735 0 0 0 0 0
1489239349.094305992 0.279333413 0.258413881 0 0 0 0 0
1489239349.131230593 0.272009462 0.578599095 0 0 0 0 0
1489239349.171977282 0.241259485 0.128902197 0 0 0 0 0
1489239349.213187933 0.253316134 0.343856245 0 0 0 0 0
1489239349.258308172 0.279801548 0.391173303 0 0 0 0 0
1489239349.295146704 0.308990955 0.141851604 0 0 0 0 0
1489239349.336219072 0.281823784 0.404728115 0 0 0 0 0
1489239349.377020597 0.267100990 0.306000412 0 0 0 0 0
1489239349.381568909 0.239753157 0.374964297 0 0 0 0 0
1489239349.418161631 0.298470914 0.256894410 0 0 0 0 0
1489239349.459033489 0.215470403 0.334632367 0 0 0 0 0
1489239349.500440121 0.288968056 0.400892079 0 0 0 0 0
1489239349.545389175 0.301354587 0.198839590 0 0 0 0 0
1489239349.582165003 0.295624346 0.414856821 0 0 0 0 0
1489239349.623219967 0.307445198 0.342424065 0 0 0 0 0
1489239349.664255619 0.329000175 0.223907351 0 0 0 0 0
1489239349.709285021 0.324775428 0.453784943 0 0 0 0 0
1489239349.746019363 0.276682585 0.303837717 0 0 0 0 0
1489239349.787392855 0.343879521 0.318099201 0 0 0 0 0
1489239349.787543774 0.271722496 0.270319849 0 0 0 0 0
1489239349.832362652 0.241401836 0.396607608 0 0 0 0 0
1489239349.869159698 0.273711890 0.306253105 0 0 0 0 0
1489239349.910051823 0.321369827 0.318412215 0 0 0 0 0
1489239349.951059580 0.259969026 0.415974617 0 0 0 0 0
1489239350.036781549 0.217136472 0.330854923 0 0 0 0 0
1489239350.036805868 0.288215965 0.383565068 0 0 0 0 0
1489239350.074008703 0.293033838 0.291176915 0 0 0 0 0
1489239350.115142822 0.309524417 0.420277834 0 0 0 0 0
1489239350.156074047 0.324034274 0.193221122 0 0 0 0 0
1489239350.197318792 0.216078952 0.469687313 0 0 0 0 0
1489239350.197357178 0.251693457 0.284934938 0 0 0 0 0
1489239350.238337994 0.268326342 0.415039301 0 0 0 0 0
1489239350.279182911 0.239303738 0.296899498 0 0 0 0 0
1489239350.320101500 0.237248152 0.243492097 0 0 0 0 0
1489239350.361169100 0.280939996 0.431429297 0 0 0 0 0
1489239350.402283192 0.288262695 0.370167553 0 0 0 0 0
1489239350.443019629 0.293540001 0.435406536 0 0 0 0 0
1489239350.484050035 0.269149989 0.290677279 0 0 0 0 0
1489239350.525054216 0.233797461 0.573271871 0 0 0 0 0
1489239350.566453695 0.306257337 0.436293662 0 0 0 0 0
1489239350.607235909 0.283882260 0.396657109 0 0 0 0 0
1489239350.611425638 0.329941601 0.211740062 0 0 0 0 0
1489239350.648294926 0.205618814 0.739231467 0 0 0 0 0
1489239350.689342976 0.315957338 0.094456501 0 0 0 0 0
1489239350.730298042 0.301542968 0.487362564 0 0 0 0 0
1489239350.771138906 0.340409935 0.289785236 0 0 0 0 0
1489239350.812125206 0.257941246 0.483421743 0 0 0 0 0
1489239350.853078604 0.232341602 0.143760800 0 0 0 0 0
1489239350.894409895 0.355754673 0.356140375 0 0 0 0 0
1489239350.936219692 0.246070385 0.505908489 0 0 0 0 0
1489239350.976031303 0.297515035 0.149824619 0 0 0 0 0
1489239351.017483473 0.254761130 0.155998439 0 0 0 0 0
1489239351.017513275 0.259316027 0.669803739 0 0 0 0 0
1489239351.062374115 0.337053835 0.168221146 0 0 0 0 0
1489239351.099200487 0.299151421 0.252040982 0 0 0 0 0
1489239351.140177250 0.279008031 0.390179873 0 0 0 0 0
1489239351.181286812 0.240285665 0.295339704 0 0 0 0 0
1489239351.222386122 0.297963083 0.236647993 0 0 0 0 0
1489239351.263354063 0.200918511 0.292409062 0 0 0 0 0
1489239351.304180861 0.270702183 0.328486949 0 0 0 0 0
1489239351.345098734 0.213371903 0.211251855 0 0 0 0 0
1489239351.386534452 0.310794652 0.132372826 0 0 0 0 0
1489239351.386558056 0.283496469 0.350539118 0 0 0 0 0
1489239351.427366495 0.240621537 0.115886830 0 0 0 0 0
1489239351.468277216 0.225437596 0.183002248 0 0 0 0 0
1489239351.511525869 0.206608489 0.337456822 0 0 0 0 0
1489239351.550092459 0.312081665 0.006911118 0 0 0 0 0
1489239351.591268539 0.157281756 0.327613473 0 0 0 0 0
1489239351.632253170 0.255549103 0.098148830 0 0 0 0 0
1489239351.672956944 0.169589877 0.160493582 0 0 0 0 0
1489239351.714117289 0.275813282 0.253065169 0 0 0 0 0
1489239351.755050182 0.263705075 0.073864326 0 0 0 0 0
1489239351.796250343 0.160385579 0.089632608 0 0 0 0 0
1489239351.800534964 0.193758488 0.163657859 0 0 0 0 0
1489239351.837293148 0.302378267 0.097594753 0 0 0 0 0
1489239351.878314972 0.267330170 0.109093174 0 0 0 0 0
1489239351.919116974 0.210936874 0.252444327 0 0 0 0 0
1489239351.963198423 0.263292015 0.227898881 0 0 0 0 0
1489239352.001116753 0.276095599 0.007045709 0 0 0 0 0
1489239352.042038441 0.210894987 0.266438544 0 0 0 0 0
1489239352.083315611 0.255951732 0.200119689 0 0 0 0 0
1489239352.124060392 0.279825151 -0.015194947 0 0 0 0 0
1489239352.165189743 0.248060614 0.268218607 0 0 0 0 0
1489239352.206259966 0.260450035 0.318302691 0 0 0 0 0
1489239352.206284046 0.220608875 0.060359228 0 0 0 0 0
1489239352.251457453 0.209802598 0.169907570 0 0 0 0 0
1489239352.288160086 0.210919306 0.232891008 0 0 0 0 0
1489239352.329391956 0.240130112 0.172709137 0 0 0 0 0
1489239352.370376587 0.220984459 0.239066511 0 0 0 0 0
1489239352.411116838 0.154671311 0.178219110 0 0 0 0 0
1489239352.452122450 0.196446851 0.157038361 0 0 0 0 0
1489239352.493559361 0.223205477 0.025769377 0 0 0 0 0
1489239352.534244299 0.194279671 0.286849201 0 0 0 0 0
1489239352.575191975 0.216138646 0.106895112 0 0 0 0 0
1489239352.616343498 0.159547955 0.190589935 0 0 0 0 0
1489239352.616374016 0.196503431 0.084799930 0 0 0 0 0
1489239352.657255650 0.100504056 0.431604058 0 0 0 0 0
1489239352.702377319 0.135157868 -0.057214141 0 0 0 0 0
1489239352.739062548 0.124005638 0.133389503 0 0 0 0 0
1489239352.780287743 0.063312411 0.345105290 0 0 0 0 0
1489239352.821223021 0.043685190 -0.016064450 0 0 0 0 0
1489239352.862421989 -0.012077058 0.015678709 0 0 0 0 0
1489239352.903159142 -0.016838044 0.195914239 0 0 0 0 0
1489239352.944012880 -0.003499769 0.124511480 0 0 0 0 0
1489239352.985221624 0.059617758 -0.127490208 0 0 0 0 0
1489239353.026254177 0.072930440 0.034089483 0 0 0 0 0
1489239353.026345730 0.040749092 0.044447113 0 0 0 0 0
1489239353.067134380 -0.004749236 -0.076424897 0 0 0 0 0
1489239353.108248472 -0.015350525 0.018379848 0 0 0 0 0
1489239353.153377295 -0.000388376 0.127727419 0 0 0 0 0
1489239353.190289974 0.008204159 0.053190559 0 0 0 0 0
1489239353.231256962 -0.028999060 -0.056577493 0 0 0 0 0
1489239353.272334337 0.019524910 0.102672555 0 0 0 0 0
1489239353.313150644 0.025132576 -0.120625637 0 0 0 0 0
1489239353.354138374 0.060238440 -0.032909088 0 0 0 0 0
1489239353.395289183 0.052744765 0.006561233 0 0 0 0 0
1489239353.395315886 -0.042551093 0.000034416 0 0 0 0 0
1489239353.440391541 -0.013332354 -0.026953902 0 0 0 0 0
1489239353.477205515 0.014965096 -0.014093824 0 0 0 0 0
1489239353.518306732 0.010246703 0.114019111 0 0 0 0 0
1489239353.559092522 0.029895946 -0.018239072 0 0 0 0 0
1489239353.604488373 -0.008845421 -0.090921894 0 0 0 0 0
1489239353.641052008 -0.012385042 0.085619278 0 0 0 0 0
1489239353.682236671 -0.018502716 -0.033545796 0 0 0 0 0
1489239353.723018408 -0.012151187 -0.011128917 0 0 0 0 0
1489239353.764251232 -0.001013647 -0.028557230 0 0 0 0 0
1489239353.805184603 -0.030146008 0.015796712 0 0 0 0 0
1489239353.805250168 0.007155410 -0.058964908 0 0 0 0 0
1489239353.845952988 0.000159544 0.011385011 0 0 0 0 0
1489239353.930612803 -0.010138283 -0.037046082 0 0 0 0 0
1489239353.930634737 -0.005367400 0.023143910 0 0 0 0 0
1489239353.969060183 -0.026130866 -0.051922239 0 0 0 0 0
1489239354.010025263 -0.008232583 -0.003919708 0 0 0 0 0
1489239354.055341244 0.008848080 0.071472712 0 0 0 0 0
1489239354.092319489 0.014431300 -0.095350660 0 0 0 0 0
1489239354.133099079 0.013230476 -0.050945103 0 0 0 0 0
1489239354.173994303 -0.010529341 0.045270707 0 0 0 0 0
1489239354.215526819 -0.002365233 0.001820058 0 0 0 0 0
1489239354.215626240 -0.013570897 -0.143875837 0 0 0 0 0
1489239354.256217718 -0.011907393 0.029672122 0 0 0 0 0
1489239354.297079563 -0.002880991 0.028307563 0 0 0 0 0
1489239354.342247009 -0.015355411 -0.084472343 0 0 0 0 0
1489239354.379142761 -0.026675206 0.017956775 0 0 0 0 0
1489239354.420158863 -0.024777388 0.036237188 0 0 0 0 0
1489239354.461091280 0.004226022 -0.069141321 0 0 0 0 0
1489239354.506316185 0.002934645 -0.012645218 0 0 0 0 0
1489239354.542987585 0.012608891 0.061003476 0 0 0 0 0
1489239354.584217548 -0.007829556 -0.054527439 0 0 0 0 0
1489239354.625453472 0.020217853 -0.036365677 0 0 0 0 0
1489239354.629504442 -0.040795196 0.041801196 0 0 0 0 0
1489239354.666159153 -0.007957607 -0.044841032 0 0 0 0 0
1489239354.707024574 -0.044548374 -0.023549113 0 0 0 0 0
1489239354.748124838 -0.017291112 -0.003431863 0 0 0 0 0
1489239354.793928385 -0.016455065 0.011436639 0 0 0 0 0
1489239354.830731630 -0.010477056 -0.037950300 0 0 0 0 0
1489239354.912212133 -0.012109268 0.020479936 0 0 0 0 0
1489239354.912239313 -0.021353167 -0.041841589 0 0 0 0 0
1489239354.953007698 -0.022633588 -0.011547750 0 0 0 0 0
1489239354.993965387 -0.034240019 -0.017099559 0 0 0 0 0
1489239355.035204172 -0.033003986 -0.056659408 0 0 0 0 0
1489239355.035262585 -0.018226702 0.017622536 0 0 0 0 0
1489239355.075963974 -0.026161239 -0.059314974 0 0 0 0 0
1489239355.116966009 -0.004825518 -0.004374522 0 0 0 0 0
1489239355.158138275 -0.013462162 -0.023114765 0 0 0 0 0
1489239355.199329138 -0.003338207 0.001248836 0 0 0 0 0
1489239355.240158319 -0.014049877 -0.011162219 0 0 0 0 0
1489239355.281096697 -0.007139740 -0.040578738 0 0 0 0 0
1489239355.322089911 0.004132868 0.045962535 0 0 0 0 0
1489239355.363222837 -0.023231383 -0.024990357 0 0 0 0 0
